2 0.02322821319103241 0.581580810546875 0.02479170560836792 0.03849838256835938
2 0.19965243339538574 0.5110726928710938 0.024559831619262694 0.03790008544921875
0 0.7768214225769043 0.24299400329589846 0.011492061614990234 0.018972625732421877
2 0.17523934841156005 0.9028497314453126 0.023930978775024415 0.04216140747070313
2 0.06334523558616638 0.463265380859375 0.025880122184753416 0.038242187500000004
2 0.11655278205871582 0.14110244750976564 0.020398044586181642 0.03406982421875
2 0.10981721580028533 0.3226938629150391 0.026989704370498656 0.03884796142578125
2 0.2021906793117523 0.5526477813720704 0.023854076862335205 0.03739151000976563
1 0.7604291915893555 0.12516723632812501 0.01711578369140625 0.11640045166015625
2 0.0051612135022878645 0.2737315368652344 0.010322427004575729 0.029926910400390628
