1 0.06788253635168076 0.21393222808837892 0.07647676765918732 0.07842887878417969
1 0.45480928421020506 0.1688713073730469 0.0657872200012207 0.09059127807617189
0 0.8069561004638671 0.248469352722168 0.01204071044921875 0.0184710693359375
1 0.41231727600097656 0.6926995849609375 0.015959644317626955 0.10146514892578126
0 0.43616504669189454 0.3566506958007813 0.011049461364746094 0.017269287109375
0 0.8527542114257812 0.2807611846923828 0.011963653564453124 0.019678039550781252
0 0.0932129442691803 0.7459603881835938 0.011361789703369141 0.017718505859375
0 0.783278512954712 0.0584765625 0.01225728988647461 0.019849319458007813
0 0.08277109861373902 0.7500320434570313 0.00956575870513916 0.014853973388671875
0 0.37441649377593356 0.7593360995850623 0.009725103734439836 0.014522821576763458
