2 0.48055481910705566 0.6285142517089845 0.017229461669921876 0.02945953369140625
2 0.5679386138916016 0.38961860656738284 0.020105457305908202 0.03241836547851563
2 0.5353069305419922 0.41324615478515625 0.01999664306640625 0.0322943115234375
1 0.21467480659484864 0.12878490447998048 0.07098860740661621 0.06373146057128906
2 0.4554000377655029 0.7838061523437501 0.025594711303710938 0.031549072265625
2 0.6916963577270507 0.22456436157226564 0.021004295349121092 0.03633193969726563
2 0.4180569648742676 0.738186264038086 0.026275634765625 0.03353012084960938
2 0.046299344301223753 0.5220652770996094 0.024429357051849364 0.0352142333984375
1 0.8099822044372559 0.11002716064453126 0.016574859619140625 0.08504348754882814
2 0.38609092235565184 0.6253609466552735 0.017702293395996094 0.030402374267578126
2 0.6290867805480957 0.03790176391601563 0.021127891540527344 0.034979248046875
2 0.593060827255249 0.4015309143066407 0.01804494857788086 0.02989898681640625
0 0.9682045936584472 0.9555018615722657 0.012507820129394531 0.019403381347656252
2 0.023785027861595153 0.4550704956054688 0.022553622722625732 0.036509094238281255
2 0.04020470976829529 0.4746791076660157 0.016038310527801514 0.030094604492187503
2 0.28712053298950196 0.6579086303710938 0.018138313293457033 0.031186828613281252
2 0.5769453048706055 0.4239590454101563 0.020542716979980467 0.02895965576171875
2 0.6134900093078614 0.36774993896484376 0.021752166748046874 0.04414306640625
2 0.4622175216674805 0.606527099609375 0.021401309967041017 0.0318878173828125
2 0.3235917091369629 0.7266915893554688 0.024418115615844727 0.033376007080078124
2 0.4404866469026816 0.6450062776816012 0.021756122088191533 0.027159161808514798
0 0.9594083786010742 0.6342057037353516 0.011084747314453126 0.018666076660156253
2 0.3070803642272949 0.6341107940673828 0.022155380249023436 0.02984161376953125
0 0.9699804306030273 0.6322816467285156 0.011280059814453125 0.018963928222656252
2 0.018825323879718782 0.502917709350586 0.019310733675956725 0.02754119873046875
2 0.0066737100481987 0.47824539184570314 0.0133474200963974 0.031236267089843752
0 0.7195764064788819 0.09469966888427735 0.010570049285888672 0.017139053344726565
2 0.41744122505187986 0.6535003662109375 0.020587825775146486 0.030763549804687502
0 0.7093993186950683 0.09269149780273438 0.009717941284179688 0.015976333618164064
2 0.30410993099212646 0.701764144897461 0.022026729583740235 0.033876342773437505
2 0.4417571067810058 0.5980830383300781 0.015081977844238282 0.02460052490234375
2 0.35071711540222167 0.6465682983398438 0.023040962219238282 0.03437774658203125
2 0.5417094230651855 0.3827347564697266 0.016925716400146486 0.027089538574218752
0 0.3745748299319728 0.6017006802721089 0.011904761904761921 0.01564625850340131
0 0.4492984693877551 0.7139455782312926 0.0108418367346939 0.019047619047619077
0 0.22565901360544213 0.7874149659863945 0.011267006802721103 0.019047619047619077
2 0.2065263605442177 0.26666666666666666 0.025722789115646242 0.03537414965986391
