1 0.7515777587890625 0.9151556396484376 0.03957424163818359 0.12694671630859375
2 0.8305904388427734 0.8179960632324219 0.0235687255859375 0.0380169677734375
1 0.0514963150024414 0.4506925964355469 0.0648993730545044 0.02667205810546875
0 0.23160533905029296 0.8964868927001953 0.012545299530029296 0.020799560546875002
2 0.8856085777282715 0.14499454498291017 0.023681068420410158 0.036081237792968755
0 0.5585849761962891 0.37197402954101566 0.012519073486328124 0.019448394775390627
0 0.08828423023223878 0.7998478698730469 0.012242627143859864 0.0183099365234375
0 0.6072677612304688 0.19779792785644532 0.011881828308105469 0.0205535888671875
1 0.18340754508972168 0.4539848327636719 0.03443598747253418 0.11259109497070313
0 0.33578455448150635 0.22864376068115236 0.01026778221130371 0.017848281860351565
0 0.2920996189117432 0.9942781066894532 0.010438919067382812 0.01144378662109375
0 0.07615567445755005 0.6404804992675782 0.012490034103393555 0.0203497314453125
1 0.9260110294117646 0.5667892156862744 0.016084558823529466 0.09926470588235295
0 0.22289426523297487 0.08534946236559139 0.010640681003584233 0.0156810035842294
0 0.222334229390681 0.09991039426523297 0.011760752688172034 0.012544802867383508
