2 0.45621867179870607 0.5168016221788194 0.023232173919677735 0.04322645399305556
1 0.9344614028930663 0.6756393432617188 0.019659042358398438 0.11145697699652778
2 0.43504638671875 0.5217592027452257 0.019222259521484375 0.044518703884548615
2 0.6658903121948242 0.41102744208441844 0.022317886352539062 0.04079233805338542
2 0.00549592673778534 0.12107098897298177 0.01099185347557068 0.029651048448350696
2 0.6533285140991211 0.3768768310546875 0.02530422210693359 0.03292490641276042
0 0.5652084827423096 0.9743777804904514 0.012242317199707031 0.021968587239583334
0 0.8341399192810058 0.5062020195855035 0.011383247375488282 0.018988037109375
0 0.18377330303192138 0.318045891655816 0.01274871826171875 0.022587246365017362
0 0.8969188690185547 0.824863518608941 0.010310745239257813 0.01853875054253472
0 0.2600147247314453 0.8144438849555122 0.01237955093383789 0.02091132269965278
0 0.6097086906433106 0.20198775397406685 0.011434555053710938 0.019921959771050348
0 0.9063957214355468 0.8434751722547743 0.010061264038085938 0.0147247314453125
0 0.6927681992337166 0.6755534269902087 0.010476532567049782 0.0164963814389101
0 0.9056723315444245 0.8166865434307296 0.009596750149075817 0.018054727357052987
0 0.9143839445438283 0.8293579805207713 0.00782647584973167 0.014907573047107943
0 0.5744912790697674 0.9673772609819122 0.009538517441860487 0.017764857881136912
