0 0.05026041666666667 0.9805555555555556 0.0140625 0.020370370370370372
0 0.22265625 0.8037037037037037 0.011979166666666666 0.018518518518518517
1 0.259375 0.8722222222222222 0.06666666666666667 0.0925925925925926
2 0.9151041666666666 0.11157407407407408 0.029166666666666667 0.04351851851851852
0 0.6643229166666667 0.020833333333333336 0.0109375 0.017592592592592594
0 0.6684895833333333 0.03888888888888889 0.0109375 0.020370370370370372
0 0.36302083333333335 0.25925925925925924 0.013541666666666667 0.018518518518518517
0 0.609375 0.27222222222222225 0.0125 0.018518518518518517
0 0.68984375 0.32407407407407407 0.013020833333333334 0.020370370370370372
0 0.8122395833333333 0.23240740740740742 0.0109375 0.020370370370370372
0 0.8049479166666667 0.24675925925925926 0.0109375 0.015740740740740743
0 0.81640625 0.2518518518518519 0.0109375 0.020370370370370372
0 0.9190104166666666 0.3282407407407408 0.009895833333333333 0.015740740740740743
0 0.6528645833333333 0.6356481481481482 0.0140625 0.02314814814814815
0 0.73828125 0.6291666666666667 0.008854166666666666 0.019444444444444445
0 0.746875 0.637962962962963 0.010416666666666666 0.016666666666666666
0 0.7723958333333333 0.6245370370370371 0.0125 0.019444444444444445
0 0.7755208333333333 0.6421296296296296 0.0125 0.019444444444444445
0 0.8356770833333333 0.6231481481481481 0.0109375 0.024074074074074074
0 0.63046875 0.7101851851851853 0.011979166666666666 0.018518518518518517
0 0.63828125 0.6990740740740741 0.011979166666666666 0.018518518518518517
0 0.6393229166666666 0.7166666666666667 0.0109375 0.016666666666666666
0 0.7044270833333334 0.7148148148148148 0.011979166666666666 0.018518518518518517
0 0.7377604166666667 0.7273148148148149 0.013020833333333334 0.017592592592592594
0 0.8072916666666666 0.7574074074074074 0.011458333333333333 0.022222222222222223
0 0.78984375 0.825925925925926 0.0109375 0.016666666666666666
0 0.8013020833333333 0.8277777777777778 0.0109375 0.016666666666666666
0 0.8953125 0.8421296296296297 0.010416666666666666 0.021296296296296296
0 0.9054687499999999 0.8453703703703704 0.013020833333333334 0.022222222222222223
0 0.771875 0.8828703703703704 0.013541666666666667 0.019444444444444445
0 0.88125 0.9018518518518519 0.011458333333333333 0.020370370370370372
0 0.84453125 0.9449074074074074 0.0109375 0.019444444444444445
0 0.9611979166666667 0.924537037037037 0.013020833333333334 0.017592592592592594
0 0.53125 0.6958333333333334 0.013541666666666667 0.021296296296296296
