1 0.3838460445404053 0.304752688937717 0.06552457809448242 0.08200039333767362
2 0.34597866535186766 0.159221437242296 0.02109074592590332 0.035050455729166666
0 0.5322133541107178 0.6412296719021268 0.01241922378540039 0.02021145290798611
1 0.10856076328735043 0.6974134467589285 0.07657766041716911 0.05345675598530475
0 0.9924463272094727 0.7755343967013889 0.011753654479980469 0.020751614040798613
0 0.06403166055679321 0.819797092013889 0.011551213264465333 0.019612291124131945
0 0.6262454032897949 0.6908062405056424 0.011258316040039063 0.01901041666666667
2 0.754231071472168 0.2896800994873047 0.01440286636352539 0.022044796413845488
2 0.4747885704040527 0.8029062059190538 0.016547203063964844 0.019923231336805555
0 0.9114459991455078 0.5951490614149306 0.013338470458984375 0.020212809244791668
0 0.15015015015015015 0.7629713046379714 0.007976726726726734 0.015432098765432169
