1 0.44402408599853516 0.9093465169270833 0.040559005737304685 0.12716708713107638
0 0.40439229011535643 0.8615951538085938 0.011844921112060546 0.020135667588975694
1 0.9581024169921875 0.7702638414171007 0.04458961486816406 0.10825602213541667
0 0.2049390733242035 0.5936685350206163 0.011361324787139892 0.01995459662543403
2 0.6766793727874756 0.7043231540256076 0.025628185272216795 0.04017673068576389
0 0.5290394783020019 0.33359307183159725 0.012526702880859374 0.022740003797743057
0 0.5204517841339111 0.37716742621527777 0.011788654327392577 0.020157708062065974
0 0.8068559646606445 0.7730160183376736 0.012727737426757812 0.020946248372395834
0 0.9869939804077148 0.9559988233778213 0.012721633911132813 0.02074228922526042
0 0.5205988407135009 0.08937602572970921 0.013086795806884766 0.02253451877170139
2 0.8082864761352538 0.015216361151801215 0.02455768585205078 0.03043272230360243
0 0.61587495803833 0.5463773939344618 0.012690162658691407 0.021015760633680557
0 0.3698283195495605 0.20553961859809028 0.011478805541992187 0.01941714816623264
0 0.7409025669097901 0.25071012708875867 0.011666393280029297 0.020197211371527777
0 0.30167527198791505 0.13104205661349827 0.011583328247070312 0.018400828043619793
0 0.8287787437438965 0.7158211602105035 0.011689186096191406 0.019257609049479166
0 0.26283884048461914 0.2081225077311198 0.00899972915649414 0.01504058837890625
0 0.8186980247497558 0.4514751858181424 0.011258506774902343 0.017898220486111113
1 0.7008447647094727 0.9900206671820747 0.0770151138305664 0.019958665635850695
0 0.448301887512207 0.6613879733615452 0.011733627319335938 0.020171101888020834
0 0.828631591796875 0.019232092963324652 0.012529563903808593 0.020177374945746528
0 0.8222347259521484 0.7288397894965278 0.012721252441406249 0.018762207031250002
0 0.8349678039550781 0.7345482720269098 0.011817169189453126 0.017693413628472224
0 0.8645309448242188 0.9168329874674479 0.0123260498046875 0.01886020236545139
0 0.4586935043334961 0.6613778008355035 0.012303924560546875 0.021846516927083334
0 0.00418827012181282 0.8520111083984375 0.007988129556179047 0.020547485351562502
0 0.45873397435897434 0.41071428571428575 0.01030219780219781 0.016788766788766802
0 0.0825606684981685 0.8993691493691494 0.012305402930402935 0.018315018315018226
0 0.8748282967032965 0.9207366707366708 0.009157509157509125 0.019332519332519383
0 0.818738553113553 0.6538970288970288 0.009157509157509125 0.01780626780626775
0 0.7728079212454212 0.6694139194139195 0.011733058608058518 0.023402523402523388
