1 0.688246488571167 0.14666198730468752 0.04811506271362305 0.10665115356445314
0 0.30322985649108886 0.3763383483886719 0.012324047088623048 0.019605407714843752
1 0.2211390972137451 0.07438655853271485 0.06839709281921387 0.0842730712890625
0 0.670833969116211 0.5825122070312501 0.012542343139648438 0.019347076416015626
0 0.9526280403137207 0.36821807861328126 0.011660003662109375 0.016967315673828125
0 0.23390893936157225 0.9221269226074219 0.011852836608886719 0.017552795410156252
0 0.9173029899597168 0.9918212890625001 0.013222503662109374 0.016357421875
1 0.5633445262908936 0.44761596679687504 0.01906728744506836 0.13847869873046875
1 0.5218628883361817 0.18431652069091797 0.01916084289550781 0.09430389404296875
0 0.5860580444335938 0.5058271026611328 0.012456512451171875 0.01851531982421875
0 0.05777493715286255 0.27599292755126953 0.01077425479888916 0.018903427124023438
0 0.06719856262207032 0.2702470397949219 0.010235822200775147 0.017513198852539064
0 0.9425397872924804 0.7207804107666016 0.011687088012695312 0.015756225585937502
0 0.43382515907287594 0.07266040802001954 0.009746170043945313 0.015461807250976563
0 0.4298987865447998 0.08954902648925782 0.010269451141357421 0.014290924072265626
0 0.9095051765441894 0.691080780029297 0.010427093505859375 0.018210906982421875
0 0.9176856994628906 0.6849009704589845 0.010895347595214844 0.01572357177734375
0 0.42319250106811523 0.07687896728515625 0.010264968872070313 0.0167230224609375
0 0.9396081349206349 0.7398809523809524 0.011656746031745987 0.016269841269841268
