1 0.4072997212409973 0.9556967163085938 0.06932237148284912 0.06508636474609375
0 0.5983179569244385 0.6335848999023438 0.011655139923095702 0.0171466064453125
2 0.3384763479232788 0.7348274230957031 0.023299026489257812 0.034678039550781255
2 0.35392093658447266 0.7601152038574219 0.022844696044921876 0.03279144287109375
0 0.3725956916809082 0.15540622711181643 0.011935853958129882 0.017246246337890625
0 0.39239323139190674 0.23307929992675783 0.010529518127441406 0.015888748168945314
0 0.13583009243011473 0.7944451904296875 0.010655736923217774 0.01607421875
0 0.896409797668457 0.5735563659667969 0.011919784545898437 0.017067108154296875
0 0.4163639068603516 0.538004608154297 0.011693191528320313 0.018548889160156252
0 0.9176326751708984 0.35385452270507817 0.008529281616210938 0.0127044677734375
0 0.801628303527832 0.5764067077636719 0.010701179504394531 0.01720062255859375
0 0.7488848686218261 0.23719429016113283 0.011398696899414062 0.01859222412109375
0 0.9076654434204101 0.343892822265625 0.009104347229003907 0.014992828369140626
0 0.05607931613922119 0.7931745910644532 0.005257761478424073 0.010032196044921875
0 0.35965653153153143 0.3397147147147147 0.011730480480480487 0.01876876876876878
0 0.4720345345345345 0.4797297297297297 0.013138138138138147 0.01801801801801806
0 0.9379867601246105 0.1499221183800623 0.012655763239875384 0.02102803738317756
