1 0.5946639060974122 0.8546945190429688 0.06845359802246094 0.06953140258789063
1 0.7885783195495606 0.4448519897460938 0.06094684600830078 0.03139984130859375
2 0.11309221982955932 0.6936468505859376 0.02475152015686035 0.03781219482421875
2 0.04230951070785523 0.900680389404297 0.023427724838256836 0.03910552978515625
1 0.7459397315979004 0.06520168304443359 0.08141918182373047 0.0468353271484375
2 0.8929725646972656 0.4037345886230469 0.021714019775390624 0.03845672607421875
0 0.6794925689697265 0.6619426727294923 0.012085342407226562 0.018567504882812502
0 0.851957893371582 0.7472702026367188 0.012381362915039062 0.01869232177734375
1 0.8647666931152344 0.40776641845703127 0.052159881591796874 0.08263366699218751
0 0.18870408535003663 0.2514368438720703 0.011629438400268555 0.01843620300292969
0 0.14480805397033691 0.8885273742675782 0.009492278099060059 0.014975280761718751
0 0.15226734876632692 0.895637435913086 0.010075592994689941 0.016320800781250002
0 0.39297502040863036 0.9796226501464844 0.01219625473022461 0.02023345947265625
1 0.8586241722106933 0.9447124481201172 0.0501617431640625 0.025913238525390625
0 0.0033934436738491057 0.08263458251953125 0.0067868873476982115 0.017304534912109377
