2 0.046571990847587584 0.34003883361816406 0.022638779878616334 0.038272247314453126
0 0.4837321281433105 0.13356193542480468 0.012155818939208984 0.017382965087890626
0 0.7404387474060059 0.4272386169433594 0.009945011138916016 0.016191101074218752
1 0.9206354141235351 0.1426002883911133 0.07908477783203124 0.025269012451171878
0 0.2729329109191895 0.3717668151855469 0.01238093376159668 0.01766265869140625
0 0.4836757659912109 0.15169738769531252 0.012104606628417969 0.01706695556640625
0 0.3546072244644165 0.7735993194580079 0.011671066284179688 0.018475952148437502
0 0.804720139503479 0.4762216186523438 0.010845136642456055 0.015874023437500002
0 0.8631219863891602 0.9830931091308595 0.0123016357421875 0.0188238525390625
0 0.15596349239349366 0.7059487915039063 0.011604595184326171 0.0173040771484375
0 0.8016347885131836 0.4916790771484375 0.010998916625976563 0.0164520263671875
0 0.8809032440185547 0.5312252807617188 0.011719703674316406 0.0182403564453125
0 0.26434950828552245 0.33720031738281253 0.010845184326171875 0.0162506103515625
0 0.5882142066955567 0.5877891540527345 0.011998558044433593 0.017966461181640626
0 0.6573366641998291 0.18889499664306642 0.009317779541015625 0.014798507690429688
0 0.2735487222671509 0.3517868804931641 0.011884689331054688 0.018558502197265625
0 0.47783308029174804 0.597351531982422 0.011198806762695312 0.01593780517578125
0 0.20212249755859374 0.5221096801757813 0.011782407760620117 0.017985687255859376
0 0.9777141571044922 0.8195793914794922 0.01182708740234375 0.020105743408203126
0 0.6648645437262357 0.17775665399239543 0.010495880861850418 0.016476552598225593
