1 0.3594249486923218 0.2514705234103733 0.06699194908142089 0.05985073513454861
1 0.1585536003112793 0.4919458177354601 0.03954191207885742 0.07495507134331597
1 0.5417297840118408 0.8791188557942708 0.042320537567138675 0.11014573838975694
0 0.603700590133667 0.935283915201823 0.01261434555053711 0.021505906846788197
2 0.6551503658294677 0.16078567504882812 0.023115062713623048 0.048560418023003475
0 0.7908452033996582 0.844043223063151 0.010215377807617188 0.01573672824435764
0 0.3328235387802124 0.33430362277560766 0.012091970443725586 0.021003553602430558
0 0.6319934844970703 0.4496741400824653 0.009861946105957031 0.016479153103298613
0 0.7803473472595215 0.8319756401909723 0.013449668884277344 0.0234832763671875
2 0.11947710514068603 0.41137051052517365 0.017695856094360352 0.03373023139105903
0 0.16389365196228028 0.8753406100802952 0.009590816497802735 0.01665412055121528
1 0.017984333634376525 0.15940869649251302 0.03431938290596008 0.10409317016601563
0 0.3369748115539551 0.3123196072048611 0.012795829772949218 0.019573296440972224
0 0.1601828231292517 0.8552532123960696 0.011692176870748305 0.019652305366591034
0 0.9405487804878049 0.10094850948509486 0.00965447154471543 0.017615176151761523
