1 0.32059879302978517 0.30459583282470704 0.06681022644042969 0.06586692810058595
0 0.10394575595855712 0.753616180419922 0.01298365592956543 0.01948028564453125
2 0.55410737991333 0.8663341522216798 0.024462509155273437 0.03861221313476563
0 0.35265460014343264 0.2291226959228516 0.011761188507080078 0.019017105102539063
0 0.6970216751098632 0.8764946746826172 0.011478042602539063 0.017679443359375
0 0.43311643600463867 0.10904312133789064 0.012241554260253907 0.01759307861328125
0 0.41501555442810056 0.11704586029052735 0.010716629028320313 0.016430206298828125
0 0.2558012008666992 0.8830244445800782 0.01063551902770996 0.017863616943359376
1 0.023942595720291136 0.43361587524414064 0.04788519144058227 0.08870697021484375
0 0.7571505069732666 0.9206832885742188 0.011548805236816406 0.01753265380859375
