2 0.9338735580444336 0.9302374267578125 0.024978256225585936 0.040897216796875004
0 0.1935901641845703 0.8163974761962891 0.01239638328552246 0.019512176513671875
0 0.5180120468139648 0.3333039855957031 0.012357044219970702 0.019353637695312502
0 0.9269060134887696 0.5942681884765625 0.011690902709960937 0.019383850097656252
0 0.6188463687896728 0.7486697387695312 0.011729717254638672 0.01830963134765625
0 0.4046755790710449 0.7070050811767579 0.01094512939453125 0.016373138427734375
0 0.9040989875793457 0.3809739685058594 0.013364028930664061 0.0197900390625
0 0.09048957824707031 0.6550131225585938 0.012186598777770997 0.017772369384765625
0 0.0840961217880249 0.6359510803222657 0.011066222190856933 0.01883514404296875
0 0.9889005661010742 0.47905792236328126 0.010805511474609375 0.0165966796875
0 0.8601791381835937 0.7624664306640625 0.010433197021484375 0.01624542236328125
0 0.96385498046875 0.28554946899414063 0.01004638671875 0.01550811767578125
1 0.1054597109556198 0.29416851043701175 0.07393603920936584 0.029671707153320313
