1 0.5688724517822266 0.661238776312934 0.05018701553344727 0.07187771267361111
2 0.40401047468185425 0.16026560465494794 0.023971962928771972 0.04273766411675348
1 0.5870648384094238 0.842091539171007 0.017313480377197266 0.12042151557074653
2 0.8012555837631226 0.6147738986545139 0.02429509162902832 0.04019148084852431
1 0.5887687683105469 0.2695831298828125 0.05131397247314453 0.07632098727756077
0 0.3348819732666016 0.08965174357096355 0.011858463287353516 0.020672437879774307
0 0.4669194221496582 0.6384337531195747 0.012314796447753906 0.01871337890625
0 0.29646711349487304 0.31515112982855903 0.011143684387207031 0.01907229953342014
0 0.793889331817627 0.5022697448730469 0.012395095825195313 0.022683037651909724
0 0.13280380648725174 0.21919681407787187 0.01242547526079063 0.020348201909615893
0 0.12167468070983886 0.22423002454969618 0.010676765441894531 0.019723002115885416
0 0.795975637435913 0.48218349880642364 0.012254047393798827 0.019660441080729167
2 0.4903413772583008 0.8105223761664497 0.023232269287109374 0.03805185953776042
1 0.7025519847869873 0.25247332255045574 0.04657278060913086 0.05259306165907118
0 0.7851528644561767 0.48052478366427953 0.010916805267333985 0.019100613064236112
2 0.7709531784057617 0.17137603759765627 0.01290912628173828 0.023715379503038196
0 0.16920773983001708 0.38282352023654515 0.009145736694335938 0.01519504123263889
0 0.7488893995098038 0.54255174291939 0.010340073529411834 0.016339869281045735
0 0.6761259191176471 0.8305419389978214 0.010340073529411716 0.017701525054466236
