2 0.7828155517578125 0.11206146240234376 0.021599388122558592 0.04181686401367188
0 0.5334597587585449 0.6537936401367188 0.011817359924316406 0.01669525146484375
1 0.8871913909912109 0.1578485107421875 0.021962928771972656 0.1285614013671875
0 0.9170721054077148 0.04782135009765625 0.011310958862304687 0.017242279052734375
2 0.34040441513061526 0.7457476806640625 0.020222854614257813 0.03352996826171875
0 0.8424487113952637 0.9875440979003907 0.011166191101074219 0.01591766357421875
2 0.7714545249938964 0.07607929229736328 0.024944496154785157 0.035846557617187504
0 0.3661787509918213 0.808380126953125 0.008541584014892578 0.0135986328125
2 0.3376903057098389 0.7838693237304688 0.02388916015625 0.036799926757812504
0 0.5990536212921143 0.9678831481933594 0.011706161499023437 0.01589569091796875
0 0.6898736000061035 0.29147666931152344 0.008477592468261718 0.012611694335937501
0 0.6007367886178863 0.9534552845528457 0.01092479674796749 0.01422764227642271
