1 0.39689435958862307 0.4384307098388672 0.031832408905029294 0.10245925903320313
2 0.8712102890014648 0.7846264648437501 0.02178802490234375 0.034625244140625004
0 0.39421448707580564 0.8916814422607422 0.011845207214355469 0.017329559326171876
1 0.5805468559265137 0.21973403930664065 0.022799301147460937 0.11164535522460939
0 0.5145495414733887 0.9069102478027344 0.011733627319335938 0.017871246337890626
0 0.045085597038269046 0.3173871612548828 0.011521637439727783 0.017807769775390628
0 0.25350868701934814 0.35815856933593754 0.011675882339477538 0.01792816162109375
0 0.8764604568481446 0.5071428680419923 0.012742996215820312 0.020326080322265627
0 0.8835561752319335 0.6703619384765626 0.012150955200195313 0.017907714843750002
0 0.2612408876419067 0.9554534149169922 0.011329030990600586 0.0169873046875
0 0.7428107261657715 0.1614543914794922 0.011490249633789062 0.0185809326171875
1 0.10134550333023071 0.10436248779296875 0.03998079299926758 0.11658302307128907
0 0.7059438705444336 0.4687364196777344 0.010866928100585937 0.019422607421875
0 0.2621140956878662 0.9725878906250001 0.01222681999206543 0.017270202636718752
0 0.18452246189117433 0.7289288330078125 0.010152411460876466 0.01434051513671875
0 0.722517730496454 0.4732565011820331 0.00812647754137122 0.01684397163120565
0 0.7137448286052009 0.47369976359338073 0.009419326241134722 0.015366430260047253
