1 0.28733210563659667 0.1679703606499566 0.06674823760986329 0.07754618326822917
1 0.6024769306182861 0.6702036539713542 0.05924501419067383 0.09034322102864584
1 0.8746098518371582 0.6460264417860243 0.047517585754394534 0.05696682400173611
1 0.08398882150650025 0.8607784695095486 0.06432797908782958 0.09338209364149305
1 0.0376717746257782 0.927878655327691 0.07038449048995972 0.031998528374565974
2 0.6979228496551514 0.4652323404947917 0.02185344696044922 0.041060384114583334
0 0.13012182712554932 0.9619086371527779 0.012914037704467774 0.02042304144965278
0 0.6461637020111084 0.3147078620062934 0.01101999282836914 0.02003546820746528
0 0.48051586151123044 0.72684326171875 0.010691261291503907 0.01734720865885417
0 0.24080147743225097 0.8201786465115017 0.010440921783447266 0.016832817925347222
0 0.40947709083557127 0.15329136318630643 0.01245574951171875 0.021844058566623265
0 0.19284253120422362 0.24351217481825088 0.013425350189208984 0.01893683539496528
0 0.6742949962615967 0.41735721164279516 0.012294673919677734 0.0208892822265625
0 0.3526004314422607 0.5301701015896267 0.011474514007568359 0.0191253662109375
0 0.4385211944580078 0.4045722961425781 0.011974716186523437 0.019488355848524305
0 0.1901956558227539 0.26242680019802517 0.012753152847290039 0.01880069308810764
0 0.36905670166015625 0.9340355767144097 0.01329193115234375 0.02350429958767361
0 0.6112853050231933 0.518690660264757 0.011212539672851563 0.01806369357638889
0 0.58623046875 0.08081029256184896 0.011938858032226562 0.020800103081597222
0 0.47848691940307614 0.6872249179416233 0.010357475280761719 0.014712693956163194
0 0.2581565141677856 0.412422858344184 0.013281154632568359 0.022508239746093752
0 0.43854365348815916 0.7875920613606772 0.00974721908569336 0.016988118489583336
0 0.0062993125990033145 0.03990631103515625 0.011060556396842003 0.017023722330729168
0 0.2098827838897705 0.83311521742079 0.011318492889404296 0.019490729437934028
0 0.16975196599960327 0.4729109870062934 0.012234830856323242 0.019214714898003474
0 0.005398136004805565 0.018857320149739586 0.010620725899934768 0.018168131510416668
0 0.5103212356567383 0.8480443318684896 0.010619163513183594 0.018084716796875
