1 0.8128825187683105 0.5677693684895834 0.039983177185058595 0.12549201117621528
2 0.7377191066741944 0.11156378851996528 0.024896717071533202 0.042605421278211805
1 0.5409081459045411 0.5552244398328994 0.015113925933837891 0.08188120524088542
0 0.6651546478271484 0.7801925659179688 0.012097930908203125 0.01941799587673611
0 0.9216974258422851 0.11181555853949653 0.012859344482421875 0.021865675184461808
0 0.611331844329834 0.9741104125976563 0.012764549255371094 0.020741780598958336
0 0.714599609375 0.25892427232530385 0.01120166778564453 0.018739318847656252
0 0.3295261383056641 0.09258117675781251 0.010635566711425782 0.018998209635416666
0 0.762271499633789 0.17013024224175347 0.010174369812011719 0.017281934950086807
2 0.2223914623260498 0.1408097161187066 0.011871433258056641 0.01975919935438368
0 0.35669929029304026 0.27345339845339844 0.009157509157509184 0.017806267806267803
0 0.26667046836982966 0.8105231143552312 0.009504257907542583 0.01723438767234387
