1 0.24168858528137208 0.9633361816406251 0.037828588485717775 0.07332763671875
0 0.35510075092315674 0.5862469482421875 0.012490987777709961 0.01905670166015625
2 0.9571126937866211 0.8035016632080079 0.024059295654296875 0.03810546875
0 0.6712387561798095 0.44966026306152346 0.012399005889892577 0.01919525146484375
1 0.7402168273925781 0.04130012512207031 0.04164695739746094 0.08260025024414062
1 0.8243096351623534 0.37946022033691407 0.06921939849853516 0.07709487915039064
1 0.4065547466278076 0.9796762084960938 0.08135623931884765 0.036444091796875
2 0.5526453018188476 0.17670288085937502 0.026508712768554685 0.03976531982421875
1 0.10875916182994842 0.7112222290039063 0.02739792466163635 0.13302429199218752
1 0.7065086364746094 0.045758838653564456 0.01799907684326172 0.09151767730712891
0 0.6512936592102051 0.20682899475097657 0.01165151596069336 0.01847442626953125
0 0.9564910888671875 0.34168548583984376 0.012042236328125 0.018563079833984378
