1 0.18110454082489014 0.2727572547064887 0.06762375831604003 0.061430274115668405
2 0.9600515365600586 0.26577334933810765 0.025856208801269532 0.04472384982638889
2 0.38596036434173586 0.7397891574435764 0.025696325302124023 0.03958333333333333
0 0.03419758677482605 0.9624601576063369 0.013788402080535889 0.02214626736111111
2 0.373078727722168 0.37832294040256076 0.025177478790283203 0.03924899631076389
0 0.7614284515380859 0.8254573398166233 0.012102317810058594 0.02226359049479167
2 0.37923128604888917 0.33160205417209204 0.024295663833618163 0.0402833726671007
0 0.5962387084960937 0.15820007324218752 0.010911273956298827 0.019705369737413197
2 0.4040773868560791 0.3553299797905816 0.02447853088378906 0.04037865532769097
0 0.2256230115890503 0.35525394015842016 0.012640810012817383 0.020672268337673612
2 0.3936680555343628 0.40459103054470485 0.029395532608032227 0.043149142795138894
0 0.8758062362670899 0.37739045884874134 0.012252044677734376 0.019447835286458333
0 0.6840436935424805 0.8047181023491754 0.011019611358642578 0.018243577745225694
0 0.7276740074157715 0.8533453199598524 0.011630630493164063 0.019904073079427084
0 0.672697639465332 0.8167071872287327 0.010828971862792969 0.01806708441840278
0 0.587012767791748 0.07021840413411459 0.012626457214355468 0.020111592610677083
2 0.37273569107055665 0.9064559936523438 0.01833944320678711 0.034354315863715276
0 0.3868130922317505 0.5201638963487414 0.008783292770385743 0.014586554633246528
0 0.6054100975975975 0.16758425091758433 0.010557432432432397 0.019185852519185854
