1 0.06584503054618836 0.06354938507080078 0.05980902910232544 0.1163042449951172
0 0.09173009991645813 0.20448760986328127 0.011491513252258301 0.01756103515625
2 0.3767270565032959 0.8259370422363281 0.024146842956542968 0.0388702392578125
2 0.499357795715332 0.6185863494873047 0.02243461608886719 0.0387109375
0 0.6739616394042969 0.9066516113281251 0.014546012878417969 0.019736328125
2 0.2084395945072174 0.4109864807128907 0.024244773387908935 0.037722473144531254
0 0.8665002822875977 0.36981819152832035 0.012162017822265624 0.01893646240234375
0 0.31366238594055174 0.38947692871093753 0.011489200592041015 0.01823486328125
0 0.9728652000427246 0.9563540649414063 0.015705299377441407 0.0188323974609375
0 0.38057780265808105 0.732562484741211 0.009992408752441406 0.015684661865234376
