2 0.5658723831176757 0.7093078613281251 0.022234439849853516 0.03789164225260417
2 0.19653352499008178 0.725067138671875 0.025217366218566895 0.040655517578125
0 0.9036956787109375 0.025201924641927085 0.012265396118164063 0.021029324001736113
2 0.5102513790130615 0.46845008002387156 0.02460966110229492 0.04348347981770834
2 0.7714714050292969 0.6342227511935764 0.022359180450439452 0.039153374565972225
0 0.5955931663513183 0.46785676744249133 0.012276649475097656 0.020402018229166666
0 0.34440605640411376 0.7804594251844619 0.012334585189819336 0.02000461154513889
0 0.9856605529785156 0.35479880438910594 0.011780548095703124 0.02115427652994792
0 0.8043124914169312 0.6830702039930556 0.012468385696411132 0.02014838324652778
2 0.7624966144561768 0.2786097208658854 0.02311859130859375 0.037583245171440974
0 0.0983682096004486 0.6898309495713976 0.011778390407562256 0.019826592339409723
0 0.3339428186416626 0.15671348571777344 0.012743902206420897 0.021343739827473958
0 0.9271764755249023 0.38210127088758683 0.013863754272460936 0.02197384304470486
0 0.6586052894592285 0.6745893690321181 0.01249866485595703 0.020112779405381944
0 0.4674525737762451 0.9321300930447048 0.012828063964843749 0.019679429796006946
0 0.9405511856079102 0.2591782463921441 0.012412261962890626 0.02093878851996528
2 0.7759884834289551 0.24829635620117188 0.022351837158203124 0.036152055528428824
0 0.5525299549102783 0.7785595364040799 0.012563228607177734 0.02148234049479167
0 0.9533685684204102 0.8611199273003473 0.011085319519042968 0.018769327799479166
0 0.00742272138595581 0.6456503974066841 0.014424633979797362 0.02356601291232639
0 0.8085844039916992 0.4611300998263889 0.013624191284179688 0.023225911458333335
0 0.14060066938400267 0.7386383056640625 0.012951278686523437 0.018252224392361113
0 0.7417797565460205 0.7617034912109375 0.011367130279541015 0.019600423177083333
0 0.3532555103302002 0.06055781046549479 0.011909580230712891 0.019849989149305556
0 0.9931647300720214 0.019665103488498266 0.013278198242187499 0.02210354275173611
0 0.9109673500061035 0.47056833902994794 0.011209678649902344 0.018546719021267363
0 0.47026548385620115 0.9506597730848525 0.01387958526611328 0.019531758626302083
0 0.28301353454589845 0.6431629604763455 0.010688877105712891 0.016640218098958333
0 0.36443443298339845 0.7042598300509982 0.011194372177124023 0.018894449869791666
0 0.6840964794158936 0.24903517829047309 0.010945796966552734 0.018311394585503474
0 0.3157970905303955 0.34236653645833337 0.011842632293701172 0.020328776041666666
0 0.2341513156890869 0.696292961968316 0.011634635925292968 0.02042236328125
0 0.10234493017196655 0.4187612745496962 0.012358260154724122 0.020907253689236113
0 0.14035534858703613 0.7193883260091146 0.013414263725280762 0.02100558810763889
0 0.9546360015869141 0.6953103807237413 0.011923980712890626 0.020575968424479167
0 0.9929451942443848 0.03558989630805122 0.012738800048828125 0.02334416707356771
0 0.9349814414978027 0.14190673828125 0.011611175537109376 0.019937642415364585
0 0.38541388511657715 0.26094199286566844 0.012587642669677735 0.020971510145399306
0 0.5672884464263916 0.12033814324273004 0.013058853149414061 0.02122522989908854
0 0.8184273777065334 0.9349826490715978 0.015070152282714843 0.026475016276041877
0 0.9544569969177246 0.5343510945638021 0.014666557312011719 0.023057725694444444
0 0.8202652931213379 0.4806726243760851 0.011771583557128906 0.020850796169704863
0 0.9269401550292968 0.16943766276041666 0.012479400634765625 0.020736355251736113
0 0.027103513479232788 0.7152663336859809 0.011348682641983032 0.01967349582248264
0 0.8322476387023926 0.9611378987630209 0.012000465393066406 0.02013583713107639
0 0.06191924810409546 0.9016500684950087 0.012856411933898925 0.021633402506510416
0 0.7536361694335938 0.539267815483941 0.012287139892578125 0.017040676540798612
0 0.9672370910644531 0.5148757934570313 0.010551261901855468 0.018610975477430555
0 0.30554516315460206 0.9900750901963976 0.01262993812561035 0.01984981960720486
0 0.7430925369262695 0.42995266384548614 0.010451316833496094 0.01791449652777778
0 0.6161203384399414 0.39132283528645834 0.012279129028320313 0.01924811469184028
0 0.9773047447204589 0.5118538750542535 0.010060310363769531 0.018318006727430555
0 0.6956165790557861 0.25384839375813806 0.011421775817871094 0.021476660834418404
0 0.5055439472198486 0.305737559000651 0.010464000701904296 0.01733974880642361
0 0.2758594036102295 0.6270953708224827 0.012096643447875977 0.017968580457899307
0 0.6327163696289062 0.412361823187934 0.01323099136352539 0.02304450141059028
0 0.8273921966552734 0.5626815795898438 0.011652183532714844 0.018785264756944444
0 0.9245649337768554 0.2267294141981337 0.012542343139648438 0.01988983154296875
0 0.8239836692810059 0.9592430962456597 0.017971611022949217 0.01933017306857639
0 0.9486860275268555 0.713082038031684 0.011914443969726563 0.018327162000868057
0 0.22176656723022461 0.702510240342882 0.013154029846191406 0.019731987847222222
0 0.623714762582516 0.42306365903059245 0.011577367065544308 0.017072347770059976
0 0.43073535008473435 0.19274711074294512 0.009837817286585941 0.01640768041601177
0 0.8311203002929687 0.9260668436686198 0.013846206665039062 0.023407151963975695
0 0.5674537658691406 0.14215452406141493 0.013808250427246094 0.021907382541232638
0 0.8925243377685547 0.8229597303602431 0.012774276733398437 0.01923285590277778
0 0.6867327690124512 0.2545706854926215 0.012064170837402344 0.018026902940538197
0 0.8288305282592773 0.012454350789388021 0.012282562255859376 0.020443301730685766
0 0.42698948948948945 0.20929262595929268 0.010792042042042028 0.019185852519185854
0 0.03847597597597597 0.7181348014681347 0.010792042042042038 0.01835168501835169
0 0.04633539789789789 0.7008258258258259 0.010557432432432434 0.01793460126793468
0 0.7508680555555555 0.5216883550216883 0.010088213213213256 0.01835168501835169
0 0.6180490288220551 0.40949596212754114 0.011160714285714236 0.017056530214424964
