1 0.7789799213409424 0.2896653069390191 0.07172994613647461 0.09068756103515625
2 0.7784236907958985 0.899603271484375 0.0232940673828125 0.04510498046875
0 0.6727800846099854 0.5120875040690105 0.012996196746826172 0.02242160373263889
2 0.8893786430358886 0.5971043056911892 0.025137329101562498 0.04454616970486111
0 0.04436182081699371 0.30496207343207465 0.01118001937866211 0.019337293836805557
0 0.8543643951416016 0.8532391866048178 0.01273193359375 0.020310295952690974
0 0.048839181661605835 0.7571984185112848 0.011786222457885742 0.021850755479600695
0 0.899176025390625 0.7810338338216146 0.0128021240234375 0.02047271728515625
0 0.5458844184875489 0.3783778720431858 0.010461807250976562 0.021617465549045138
0 0.6340949058532714 0.8270600212944879 0.011073875427246093 0.01907196044921875
0 0.30963873863220215 0.19192814297146268 0.01146402359008789 0.021266004774305555
0 0.5534430503845215 0.3717575920952691 0.012298870086669921 0.022203742133246527
0 0.2970177412033081 0.8308621724446615 0.01140890121459961 0.019413079155815974
1 0.43341197967529294 0.5428428649902344 0.030757713317871093 0.08143395317925348
0 0.07282997369766235 0.47454995049370663 0.01179492473602295 0.01885257297092014
0 0.6224329948425293 0.8192313300238716 0.010370922088623048 0.018864949544270836
0 0.11999964714050293 0.9621460808648004 0.009858465194702149 0.017122734917534722
0 0.07121331236897277 0.5209061262520381 0.012775157232704393 0.018052643838807378
0 0.8700374877089478 0.45790997487162677 0.009525565388397201 0.01611493499399104
0 0.8872449606686332 0.46678684584289304 0.009218289085545686 0.016934338468261746
0 0.8729566125860373 0.4714301321970939 0.009525565388397321 0.017480607451108937
