1 0.3700186014175415 0.2551732635498047 0.04771380424499512 0.09692459106445313
1 0.22944486141204834 0.11839485168457033 0.045297431945800784 0.12944839477539063
1 0.3429427623748779 0.5243455505371094 0.037427330017089845 0.1350897216796875
1 0.12708735466003418 0.4734917449951172 0.032277154922485354 0.12669403076171876
1 0.6813838958740235 0.35014305114746097 0.03497810363769531 0.137052001953125
2 0.8159826278686523 0.7594113159179688 0.025086593627929688 0.041744384765625
0 0.4306905269622803 0.5440826416015625 0.012065505981445313 0.017208251953125
0 0.22607970237731934 0.011734867095947267 0.012253665924072265 0.01889019012451172
1 0.4266046524047851 0.48790046691894534 0.025217247009277344 0.05910964965820313
1 0.5529608726501465 0.1205309295654297 0.049209976196289064 0.07434448242187501
0 0.7657246589660645 0.571599578857422 0.011534690856933594 0.01821563720703125
0 0.4045799136161804 0.7181159210205078 0.011122536659240723 0.01733245849609375
0 0.5719273567199707 0.394002685546875 0.008130645751953125 0.012426757812500001
