1 0.7037103652954102 0.5568623352050781 0.08884553909301758 0.045839233398437505
1 0.6081045150756836 0.8123481750488282 0.06098175048828125 0.08816314697265626
1 0.018035684525966645 0.7161604309082031 0.03607136905193329 0.07484375
0 0.19908128976821898 0.9829139709472657 0.012422633171081544 0.0198138427734375
0 0.6340993881225586 0.8231418609619141 0.011188888549804687 0.0181719970703125
0 0.14736102819442748 0.8669638061523438 0.010833263397216797 0.0161749267578125
1 0.74129638671875 0.17321155548095704 0.07187862396240234 0.05826057434082032
0 0.749208927154541 0.9427265930175782 0.011685752868652343 0.0174066162109375
0 0.1483987092971802 0.8851005554199219 0.011300134658813476 0.018586730957031252
0 0.20052083333333326 0.3404558404558405 0.010683760683760675 0.01424501424501429
