2 0.5675389289855957 0.1436722649468316 0.024001121520996094 0.04286821153428819
0 0.08034254312515259 0.7722838507758247 0.012151026725769043 0.0197265625
0 0.4022038459777832 0.8074377271864149 0.011521053314208985 0.01960364447699653
0 0.2983609914779663 0.8500226338704427 0.010987424850463867 0.01853976779513889
0 0.6908829689025879 0.541027323404948 0.011926651000976562 0.020390489366319445
0 0.44499797821044923 0.5975984361436633 0.012618446350097656 0.021273125542534722
0 0.8301898956298828 0.3470235188802083 0.01183929443359375 0.02013092041015625
0 0.5329920768737793 0.6317280239529081 0.013212013244628906 0.021081373426649307
0 0.2874294757843018 0.12229978773328994 0.011526679992675782 0.018385484483506947
0 0.11194055080413819 0.29608747694227433 0.011799359321594238 0.018143208821614583
0 0.6117385864257813 0.4204175313313802 0.01174774169921875 0.02077857123480903
