1 0.13499152660369873 0.6588233100043404 0.033527255058288574 0.13731757269965278
2 0.043471801280975345 0.7906749301486545 0.02322636842727661 0.03987935384114583
0 0.15542442798614503 0.06173553466796875 0.011758756637573243 0.019413926866319445
0 0.0684083342552185 0.4609695434570313 0.01185750961303711 0.01943088107638889
2 0.23462977409362792 0.5448849148220486 0.021135616302490234 0.04270731608072917
0 0.6052217483520508 0.6523370530870226 0.011804962158203125 0.02001681857638889
0 0.8911888122558593 0.9622921413845487 0.012099838256835938 0.02024654812282986
0 0.5917973041534423 0.2731065114339193 0.01237936019897461 0.02033123440212674
0 0.6341143608093261 0.21163143581814237 0.011985588073730468 0.018548075358072916
0 0.5635153770446777 0.14586558871799046 0.012944793701171875 0.0217864990234375
0 0.5691996574401855 0.5906338161892362 0.013244247436523438 0.0229644775390625
0 0.659980817190674 0.7042327417725698 0.010236358642578125 0.015674336751302084
0 0.938355827331543 0.768865458170573 0.011779022216796876 0.02007175021701389
