1 0.8477779388427734 0.7931471082899306 0.022660064697265624 0.15954996744791666
2 0.05806541591882706 0.8584270053439671 0.02681150138378143 0.039539930555555554
0 0.019292259216308595 0.1562525855170356 0.012289780378341674 0.02179743448893229
1 0.6685916423797608 0.7785485161675347 0.03231115341186523 0.1135223388671875
0 0.42163171768188473 0.18379881117078994 0.012212371826171875 0.018809170193142363
0 0.3215906620025635 0.11413557264539931 0.011117649078369141 0.019457838270399305
0 0.5810346603393555 0.6471389770507813 0.011112594604492187 0.018672349717881946
0 0.09568979740142822 0.5146106296115451 0.011775016784667969 0.019622463650173613
0 0.9267440795898437 0.6942674424913194 0.012001800537109374 0.019207085503472224
0 0.056311714649200435 0.1126847161187066 0.011277616024017334 0.019185045030381945
0 0.16777732372283935 0.0844040764702691 0.011594247817993165 0.018571387396918403
0 0.9594169616699219 0.5469019571940105 0.011345291137695312 0.020082939995659722
0 0.0655390739440918 0.39079505072699655 0.01278841495513916 0.02126430935329861
0 0.0695701539516449 0.9570299784342449 0.012272155284881592 0.017628139919704862
2 0.03805010318756104 0.8225240071614583 0.02001826763153076 0.0349212646484375
0 0.16599382162094117 0.036466089884440105 0.01298072338104248 0.02107264200846354
0 0.7870521068572998 0.20667508443196617 0.009829044342041016 0.016126335991753473
0 0.7152278900146485 0.6991014268663195 0.013082122802734375 0.02337527804904514
0 0.22662997245788574 0.26642701890733506 0.010892295837402343 0.018352932400173612
0 0.07055197954177857 0.936799791124132 0.011912202835083008 0.018757120768229166
0 0.15799181461334227 0.06539794074164497 0.011224031448364258 0.020221794976128474
0 0.9225908279418945 0.06699040730794271 0.01179962158203125 0.020616658528645835
0 0.1270859906462585 0.7917139077853363 0.008370535714285705 0.01747921390778536
0 0.4735511779785156 0.9015999688042535 0.011972999572753907 0.02126498752170139
0 0.1886613965034485 0.37654622395833337 0.015242409706115722 0.028688218858506944
0 0.5368784492269103 0.24555710127647692 0.010369764754187057 0.01712755568880445
0 0.42403472945324644 0.2263031560269198 0.00882455735937615 0.019733115981790977
0 0.528266716003418 0.39984639485677087 0.008982467651367187 0.01374393039279514
0 0.4322566222876268 0.21279134784644238 0.009330272674560547 0.019413587782118057
0 0.42160630413919226 0.20472338545749033 0.012726402282714844 0.02052001953125
0 0.1802138566970825 0.45384775797526045 0.012375545501708985 0.022043524848090277
0 0.8845179557800292 0.7821250067816841 0.011593055725097657 0.018169148763020834
0 0.8815742492675781 0.7623686048719618 0.010502243041992187 0.018348863389756945
0 0.8685482025146484 0.7848233540852865 0.010636329650878906 0.02064242892795139
0 0.5300045967102051 0.41949055989583334 0.008699512481689453 0.013593037923177084
2 0.33283705711364747 0.5249115837944879 0.01454620361328125 0.027755567762586808
0 0.526614010989011 0.2483974358974359 0.011017628205128223 0.018569393569393567
0 0.5878548534798536 0.15046296296296297 0.009300595238095255 0.015516890516890511
0 0.27606364275668077 0.12316377558993592 0.01153744725738394 0.016994842944210043
0 0.18035510437051533 0.07671957671957673 0.009275114155251145 0.01902587519025875
0 0.17057036855838223 0.06702544031311157 0.010090508806262211 0.016307893020221786
0 0.1612442922374429 0.054794520547945216 0.011415525114155252 0.015764296586214394
0 0.13665231717687076 0.8016345427059713 0.01023065476190476 0.016534391534391565
0 0.33827773085585583 0.6326326326326327 0.011085304054054035 0.017830330330330345
