2 0.8700475692749023 0.46967849731445316 0.026734161376953124 0.03731231689453125
2 0.8853961944580078 0.5388277435302735 0.021525192260742187 0.03648895263671875
2 0.9599849700927734 0.1382219696044922 0.025899887084960938 0.0371844482421875
2 0.4941982269287109 0.7086640930175782 0.02362480163574219 0.036655273437500004
2 0.5161123275756836 0.6945178222656251 0.025107955932617186 0.039000244140625
0 0.08963605761528015 0.9247268676757813 0.012420809268951416 0.016708984375
0 0.08976164878460399 0.9428157333144568 0.012362667343072712 0.014744473220710387
0 0.07856034711190034 0.9534171247362793 0.01087418794631958 0.016530456542968752
0 0.2788388252258301 0.5836166381835938 0.011285400390625 0.0169439697265625
1 0.5131175518035889 0.5001495361328125 0.016927051544189452 0.11864135742187501
1 0.45859537124633787 0.6029864501953125 0.0771627426147461 0.024899902343750002
0 0.07983322143554687 0.9294210815429688 0.012639546394348144 0.020176849365234378
2 0.5023964723926381 0.5352760736196319 0.020130368098159518 0.032719836400818
