0 0.5326579093933106 0.9310581631130642 0.013096046447753905 0.021185133192274306
0 0.1288200855255127 0.4720096164279514 0.012918663024902343 0.020848592122395836
0 0.25882558822631835 0.19391098022460937 0.01134495735168457 0.019810316297743057
0 0.6781149864196777 0.6915364583333333 0.011867332458496093 0.0196441650390625
0 0.20855836868286132 0.2910366906060113 0.013369464874267578 0.02082087198893229
0 0.949077033996582 0.4128519694010417 0.013453292846679687 0.022401258680555557
0 0.6290643215179443 0.07194764879014758 0.011996650695800781 0.01929261949327257
2 0.4517238616943359 0.4877134535047743 0.020283317565917967 0.031573655870225696
0 0.44104938507080077 0.2453568352593316 0.008441543579101563 0.014287651909722223
0 0.46034927368164064 0.3608869764539931 0.012103080749511719 0.020738220214843752
0 0.939151382446289 0.03183496263292101 0.01197052001953125 0.020982869466145835
0 0.19374940395355225 0.25917197333441844 0.011548519134521484 0.01881323920355903
0 0.3316990852355957 0.7854185316297744 0.010855007171630859 0.017669338650173613
0 0.08488828539848328 0.3295938279893663 0.010773682594299316 0.021207173665364586
0 0.24471023082733154 0.5461985270182292 0.011774110794067382 0.020459493001302086
0 0.6520279884338379 0.3173856523301866 0.009918212890625 0.01635496351453993
0 0.461528205871582 0.3856450398763021 0.011711597442626953 0.019584486219618058
0 0.38222804069519045 0.4793404473198785 0.012004947662353516 0.020916748046875
0 0.818964958190918 0.27679833306206597 0.012910842895507812 0.02174072265625
0 0.8239676475524902 0.8081891377766928 0.011597251892089844 0.01856875949435764
0 0.1382751941680908 0.024716356065538195 0.011814451217651368 0.019593641493055557
0 0.27563023567199707 0.8766733805338542 0.012508106231689452 0.021852959526909722
0 0.4529332822085889 0.37424116613539316 0.010224948875255654 0.020036186247732245
0 0.1633147716522217 0.7648361206054688 0.01185903549194336 0.02048678927951389
0 0.6296024322509766 0.4227735731336806 0.009509086608886719 0.017188517252604167
0 0.33766296012269936 0.8952226766643945 0.01006518404907979 0.017041581458759357
