1 0.9391384124755859 0.2732981109619141 0.08008003234863281 0.054232025146484376
0 0.02233532816171646 0.9360192871093751 0.013189491629600524 0.0194464111328125
0 0.31948103904724123 0.1850146484375 0.011514854431152344 0.016705169677734374
0 0.37096619606018066 0.5510688781738282 0.011644744873046875 0.017330474853515625
2 0.11463534832000732 0.20862922668457032 0.02592816352844238 0.04474380493164063
0 0.4981562614440918 0.23306552886962892 0.011962127685546876 0.017702026367187502
1 0.684694480895996 0.19337562561035157 0.02291240692138672 0.1380035400390625
0 0.6726616859436035 0.7263333129882813 0.012013626098632813 0.0179095458984375
0 0.7358355522155762 0.5348760986328125 0.012081336975097657 0.017560729980468752
2 0.2271204948425293 0.8262176513671875 0.02306194305419922 0.03357864379882813
1 0.6618239402770996 0.8268682098388672 0.058105278015136715 0.08739151000976562
0 0.25525693893432616 0.4976799011230469 0.010903549194335938 0.01649810791015625
0 0.35256850719451904 0.8086311340332032 0.009356832504272461 0.0142706298828125
1 0.6612771034240723 0.8589163208007813 0.06014900207519531 0.06812362670898438
0 0.365427827835083 0.8849063873291017 0.012700939178466797 0.020505065917968752
0 0.9529879385964911 0.3784722222222222 0.009137426900584817 0.01644736842105265
