2 0.3407092571258545 0.9494943237304688 0.020345544815063475 0.032861633300781255
1 0.3958422183990479 0.1647001647949219 0.02979869842529297 0.1455479431152344
0 0.22296376228332518 0.026144495010375978 0.011558628082275391 0.017733898162841797
0 0.6541756629943848 0.6275430297851563 0.010905838012695313 0.01776763916015625
0 0.4955437660217285 0.5681866455078125 0.011405372619628906 0.01744110107421875
0 0.4961953639984131 0.5880537414550782 0.011583709716796875 0.01788360595703125
0 0.4016729354858398 0.05799125671386719 0.011295795440673828 0.017534942626953126
0 0.7058845520019531 0.8063507080078125 0.011677742004394531 0.01804962158203125
0 0.13273565769195556 0.7285118103027344 0.012490367889404297 0.0181988525390625
0 0.7273347854614258 0.9670123291015625 0.011048316955566406 0.018167114257812502
0 0.5828324317932129 0.08073474884033204 0.011004447937011719 0.017831039428710938
0 0.9531108856201171 0.26587509155273437 0.008656692504882813 0.013073120117187502
0 0.25736403465270996 0.49140075683593754 0.011447906494140625 0.0175384521484375
0 0.7739306926727295 0.07287261962890626 0.011323642730712891 0.01568206787109375
0 0.5661684036254883 0.16959106445312502 0.010783958435058593 0.01653656005859375
0 0.6914738178253174 0.694840087890625 0.010408496856689453 0.015881958007812502
0 0.8834774017333984 0.29331157684326176 0.010209274291992188 0.0145147705078125
0 0.39098405838012695 0.8582618713378907 0.011687707901000977 0.01825927734375
0 0.9395503044128418 0.40197647094726563 0.01107616424560547 0.018406677246093753
0 0.7028347492218018 0.6617522430419922 0.01078033447265625 0.017593231201171875
0 0.8842279434204101 0.2772306823730469 0.009601020812988281 0.013828125
0 0.11577431740614337 0.618316268486917 0.009776734926052333 0.016496018202502873
0 0.12279579067121732 0.6079351535836177 0.0092434584755404 0.013367463026166131
0 0.18705560295790674 0.3087315130830489 0.008710182025028424 0.017349260523321988
0 0.30028609154929575 0.8540199530516434 0.010453345070422533 0.01613849765258209
0 0.3421911678403755 0.9124119718309859 0.010636737089201868 0.015551643192488314
0 0.20281323356807507 0.9379401408450706 0.00990316901408453 0.014964788732394254
0 0.7484961854460094 0.7978286384976527 0.01155369718309854 0.017605633802816954
