0 0.4319457530975342 0.41553970336914064 0.012195205688476563 0.0184710693359375
1 0.4038262367248535 0.9431376647949219 0.04101371765136719 0.11372467041015626
1 0.31078372001647947 0.11310501098632814 0.03827676773071289 0.1250054931640625
0 0.031190299987792967 0.9077163696289063 0.012597131729125976 0.019086303710937502
2 0.11449828147888183 0.9765399169921876 0.025054621696472167 0.0386785888671875
0 0.70858793258667 0.36373558044433596 0.012676048278808593 0.019599761962890625
1 0.4943190574645996 0.1541857147216797 0.020347213745117186 0.11783058166503907
0 0.8911628723144531 0.007853021621704101 0.011377334594726562 0.015706043243408203
0 0.2943915367126465 0.34298246383666997 0.011572170257568359 0.01739353179931641
0 0.07913063764572144 0.41830574035644535 0.012395644187927246 0.019114837646484376
0 0.3428187370300293 0.7091662597656251 0.010419082641601563 0.014729461669921876
2 0.10334829092025756 0.3136606597900391 0.022041511535644532 0.036028442382812505
0 0.21647779941558837 0.5663398742675781 0.008900880813598633 0.01342010498046875
0 0.23775324821472169 0.08892387390136719 0.011958599090576172 0.0193731689453125
0 0.33554399013519287 0.6973635864257813 0.011448192596435546 0.01782623291015625
