2 0.9374395370483398 0.8530338287353516 0.02362480163574219 0.034884338378906254
2 0.8090300559997559 0.47927246093750003 0.023748779296875 0.03927276611328125
1 0.37572379112243653 0.49322357177734377 0.022112464904785155 0.11297668457031251
0 0.8576116561889648 0.8653073120117188 0.012116241455078124 0.01887542724609375
0 0.8555814743041992 0.30619407653808595 0.011297988891601562 0.016573028564453127
0 0.8555948257446289 0.28876197814941407 0.01098175048828125 0.017667541503906252
0 0.3635406970977783 0.08082229614257813 0.011942338943481446 0.0179931640625
0 0.5470511436462402 0.5266891479492188 0.011165428161621093 0.017712249755859374
0 0.8527271270751953 0.8107408142089845 0.009152603149414063 0.01466705322265625
0 0.9087015151977539 0.9319248199462892 0.01244354248046875 0.018716430664062502
0 0.8654497146606445 0.29347679138183597 0.010941696166992188 0.01943817138671875
0 0.37515782828282823 0.07904040404040404 0.009154040404040368 0.016666666666666666
