1 0.31398744583129884 0.7342544555664063 0.05197715759277344 0.09475738525390626
0 0.4399545192718506 0.8077226257324219 0.011874866485595704 0.01899658203125
0 0.7274960517883301 0.6917726135253907 0.011931037902832032 0.0199267578125
1 0.758051586151123 0.11651115417480469 0.025719833374023438 0.12637420654296877
0 0.48100891113281247 0.5220137786865234 0.012169837951660156 0.01955230712890625
0 0.710761833190918 0.9764050292968751 0.010203742980957031 0.017032470703125
0 0.4590254783630371 0.2897896575927735 0.010643672943115235 0.016377716064453127
0 0.8825745582580566 0.593734588623047 0.010786819458007812 0.0162335205078125
0 0.5272350311279297 0.4868620300292969 0.010650253295898438 0.0160479736328125
0 0.5855368614196778 0.24932090759277345 0.009504890441894532 0.013371276855468751
0 0.4718364197530864 0.20169753086419753 0.00964506172839504 0.015123456790123462
0 0.4689429012345679 0.21867283950617283 0.00964506172839504 0.01450617283950616
