1 0.38813138008117676 0.3162542555067274 0.050162315368652344 0.09910719129774306
0 0.8058890342712403 0.026239946153428822 0.012397003173828126 0.022153388129340278
0 0.9895734786987305 0.7202723185221355 0.012890434265136719 0.02132229275173611
0 0.21429572105407715 0.5993250528971354 0.010991668701171875 0.020153469509548612
0 0.32368228435516355 0.18334265814887155 0.01136174201965332 0.019142659505208333
0 0.6539189338684082 0.4171393500434028 0.013137054443359374 0.021540662977430555
0 0.2928872585296631 0.6067414177788629 0.012152862548828126 0.021195983886718752
0 0.5285138130187989 0.21661224365234374 0.012000465393066406 0.021431816948784724
0 0.8705753326416016 0.7251486036512587 0.012421035766601562 0.020192633734809028
0 0.6840500831604004 0.07978295220269098 0.01190948486328125 0.022470092773437502
0 0.7392285823822021 0.10312877231174046 0.011514949798583984 0.01983371310763889
0 0.5287917137145997 0.4316122266981337 0.012294769287109375 0.0206939697265625
0 0.9159881591796875 0.07621434529622396 0.01239471435546875 0.019460890028211806
0 0.32991693461950694 0.8354924530305508 0.00971329046087887 0.018249344266396544
0 0.32058010101318357 0.7128466288248698 0.011453819274902344 0.022528076171875
0 0.3316995143890381 0.8140962388780383 0.01239471435546875 0.020244683159722224
0 0.21714251041412352 0.6235519409179687 0.010581541061401366 0.016161431206597222
0 0.7066220283508301 0.45427898830837676 0.012237548828125 0.020989481608072916
0 0.32382208010519176 0.8209934849731693 0.009246518195378192 0.017474742570036346
0 0.32924734810471096 0.7112792081122522 0.009837088177195301 0.021748344067386235
0 0.47459754943847654 0.23972078959147136 0.012288093566894531 0.019738006591796874
0 0.49868273735046387 0.9215459187825521 0.012694168090820312 0.021955023871527778
0 0.06213724613189697 0.8963660346137153 0.012562394142150879 0.020392862955729167
0 0.32545306691449816 0.699951810546606 0.011229863692688961 0.018931570976180593
