2 0.12291765213012695 0.6935130310058594 0.019980406761169432 0.0328961181640625
2 0.14852603673934936 0.9729080200195314 0.02402627468109131 0.034307861328125
2 0.20643112659454346 0.7255369567871094 0.02320237159729004 0.033220825195312505
1 0.15752527713775635 0.7981840515136719 0.026921796798706054 0.09662231445312501
1 0.9315380096435547 0.7298161315917969 0.05528335571289062 0.09955917358398438
0 0.6300427436828613 0.27544536590576174 0.011664772033691406 0.018222808837890625
0 0.9456228256225586 0.26440494537353515 0.01275634765625 0.0186566162109375
1 0.5778513431549073 0.5531680297851563 0.02030811309814453 0.07636993408203126
1 0.20184850096702575 0.3511584281921387 0.01760150194168091 0.1427798843383789
0 0.7456847190856933 0.8639513397216797 0.011116218566894532 0.016001739501953126
