0 0.8436628341674804 0.33492940266927085 0.012016677856445312 0.021366373697916666
0 0.8155179977416992 0.6442320929633247 0.012173080444335937 0.020440165201822916
2 0.07909235954284669 0.9013646443684896 0.026354527473449706 0.03946261935763889
2 0.14470772743225097 0.7500056796603733 0.02456326484680176 0.04306623670789931
2 0.1411538004875183 0.7967653062608507 0.02469635009765625 0.04438646104600694
2 0.11477371454238891 0.8587120903862847 0.022228288650512695 0.035817294650607644
0 0.006186851859092712 0.2427872551812066 0.012130233645439147 0.021004740397135416
2 0.09295819997787476 0.8634689331054688 0.02121016979217529 0.035649278428819445
0 0.018316715583205224 0.2421296861436632 0.011880404502153396 0.017608303493923613
0 0.019590350985527038 0.25831824408637155 0.012164270877838135 0.020383114284939236
1 0.02009489983320236 0.5706370035807292 0.04018979966640472 0.022328355577256945
0 0.1023449420928955 0.9931966145833334 0.01112802028656006 0.013606770833333334
