1 0.28575935363769533 0.08084705352783203 0.04623537063598633 0.08417579650878906
1 0.6830464363098144 0.5666276550292969 0.020728397369384765 0.09559051513671876
0 0.7557348728179931 0.2510549545288086 0.011519241333007812 0.01810813903808594
0 0.7320794105529785 0.2547122955322266 0.0118560791015625 0.018502502441406252
2 0.8101902961730957 0.6113212585449219 0.020449256896972655 0.036864013671875
0 0.20926852226257323 0.16676719665527345 0.011181163787841796 0.016075439453125
0 0.20797524452209473 0.18440956115722656 0.011447811126708984 0.017689285278320314
0 0.3915846824645996 0.6447174072265626 0.011202669143676758 0.01645904541015625
0 0.3987839698791504 0.7228459167480469 0.013425827026367188 0.01921295166015625
0 0.270492696762085 0.7431262207031251 0.01322050094604492 0.0204388427734375
0 0.43930349349975584 0.11546615600585938 0.010584831237792969 0.017127227783203126
0 0.7775631427764893 0.6450840759277344 0.011721611022949219 0.01937744140625
0 0.4064481735229492 0.690888671875 0.010984516143798828 0.01661163330078125
0 0.20512220859527588 0.9506527709960938 0.011922645568847656 0.01901275634765625
2 0.7850635528564454 0.6156454467773438 0.018562126159667968 0.029169006347656252
0 0.4168328285217285 0.6866328430175782 0.010742378234863282 0.01749847412109375
0 0.6341551303863525 0.1797566604614258 0.012464618682861328 0.020556106567382815
0 0.40460314750671383 0.33646453857421876 0.010443496704101562 0.01728729248046875
0 0.34947929382324217 0.40508270263671875 0.01273202896118164 0.01792022705078125
0 0.4152618885040283 0.3383686065673828 0.011934661865234375 0.018789062500000002
0 0.10051238536834717 0.5486253356933594 0.011997723579406738 0.018716430664062502
0 0.7663529396057129 0.6329118347167969 0.01688804626464844 0.02260894775390625
0 0.7716236114501953 0.6612021636962891 0.011238479614257812 0.019042816162109375
0 0.7550095558166504 0.6368218994140625 0.011412620544433594 0.020012512207031253
0 0.33798419979612637 0.7398063200815495 0.01146788990825686 0.016819571865443476
0 0.7607551143200962 0.6559867629362214 0.009401323706377931 0.01654632972322503
