2 0.7535818099975586 0.897989230685764 0.025062751770019532 0.04142625596788194
2 0.3923797607421875 0.7434360080295139 0.024355220794677734 0.04171820746527778
2 0.667417049407959 0.4152587890625 0.022005844116210937 0.03251071506076389
2 0.10716922283172607 0.9264906141493056 0.02354464530944824 0.0475677490234375
2 0.10159930884838105 0.4646023220486111 0.020274168252944945 0.03302256266276042
2 0.1661304473876953 0.9579538981119792 0.023258352279663087 0.04100019666883681
2 0.6787667274475098 0.45270368787977433 0.024268627166748047 0.03990376790364583
2 0.9615543365478515 0.8309395684136285 0.020515823364257814 0.0413148668077257
2 0.06098323464393616 0.9772043016221789 0.017565214633941652 0.036858452690972224
2 0.051782256364822386 0.9360772026909723 0.025975096225738525 0.040103149414062504
2 0.20127477049827575 0.9870992024739583 0.022166359424591064 0.025801595052083334
0 0.33973126411437987 0.3980415344238281 0.01300830841064453 0.02392425537109375
2 0.8276197433471679 0.985931396484375 0.02154541015625 0.02813720703125
2 0.08941154479980469 0.9418268839518229 0.0177051305770874 0.03383619520399306
0 0.3526724100112915 0.3911927964952257 0.013426065444946289 0.02449069552951389
0 0.7465709686279297 0.10864601135253907 0.011884307861328125 0.02268244425455729
0 0.14718978404998778 0.9275271945529514 0.011802482604980468 0.021175638834635416
0 0.7375295639038086 0.11447728474934896 0.010868263244628907 0.019600084092881945
0 0.35981500148773193 0.16903652615017362 0.008742570877075195 0.014413113064236111
2 0.0329220324754715 0.9320051405164931 0.031198233366012573 0.04034491644965278
0 0.13553292410714288 0.9248925264550264 0.007905505952380931 0.014467592592592593
0 0.1376255580357143 0.9416335978835978 0.01162574404761904 0.017361111111111008
