1 0.41202664375305176 0.438682132297092 0.08498029708862305 0.047728644476996526
1 0.3802720785140991 0.23587989807128906 0.04766659736633301 0.047397783067491324
2 0.756765079498291 0.7553129408094619 0.023388099670410157 0.039616563585069445
1 0.3786692380905151 0.6970506456163195 0.046996259689331056 0.09676378038194444
0 0.953584861755371 0.8525300767686632 0.011670303344726563 0.019136555989583335
0 0.9324734616900021 0.6903266309034097 0.009928336019409656 0.016840886616696943
0 0.914396858215332 0.7276477389865451 0.011200714111328124 0.0162109375
0 0.4872129440307617 0.427756585015191 0.010051155090332031 0.01710442437065972
0 0.7116989135742188 0.3990265740288629 0.011633586883544923 0.01945529513888889
0 0.992037296295166 0.6586457994249132 0.010662841796875 0.018768310546875
0 0.9911413192749023 0.6422370659587766 0.011535835266113282 0.01785074869791667
0 0.9803047180175781 0.640398661295573 0.009526824951171875 0.02050204806857639
1 0.2288607120513916 0.5692988077799479 0.03123960494995117 0.08925577799479167
1 0.3840913318452381 0.6890707671957671 0.06975446428571429 0.06283068783068776
0 0.3775809151785714 0.7886904761904762 0.009765625 0.017361111111111112
0 0.7582345820591233 0.7251104315324499 0.0116271661569827 0.018122097632801083
0 0.9500068530701753 0.4820297270955166 0.011307565789473627 0.02132066276803115
0 0.9408689591078068 0.6792991876635 0.01122986369268908 0.021685254027261496
