1 0.3496046781539917 0.7241966247558594 0.0683908462524414 0.09243377685546876
1 0.1323442816734314 0.5270608520507812 0.03199036121368408 0.11891830444335938
2 0.9049787521362305 0.20852554321289063 0.029212570190429686 0.042889251708984374
2 0.7108599662780761 0.04560909271240235 0.02372112274169922 0.03662681579589844
1 0.9783118247985839 0.9823007965087891 0.04337635040283203 0.03539840698242188
2 0.26571993827819823 0.358408432006836 0.021730422973632812 0.038233795166015626
0 0.6323577880859375 0.5914326477050782 0.01079254150390625 0.01763458251953125
0 0.6929164886474609 0.06589111328125001 0.01200695037841797 0.018181610107421878
0 0.7081357479095459 0.2771023178100586 0.013171386718749999 0.017466201782226562
1 0.9834787368774414 0.7508507537841798 0.032985687255859375 0.061968536376953126
0 0.962250804901123 0.7584771728515626 0.01131267547607422 0.017720031738281253
0 0.5009560108184814 0.5969760894775391 0.011363983154296875 0.016920318603515627
