0 0.14907366037368774 0.8041361999511719 0.01188366413116455 0.01724822998046875
0 0.4610307693481445 0.23869842529296875 0.012928199768066405 0.0168646240234375
0 0.6293005466461181 0.262393913269043 0.010863876342773438 0.016212921142578125
1 0.7366811774461027 0.7249170812603648 0.04560530679933663 0.12396351575456058
0 0.9759573548982787 0.49251529598710553 0.009534072875976563 0.01461700439453125
0 0.2042224168777466 0.2816706848144531 0.011758089065551758 0.01770072937011719
1 0.2757817983627319 0.7917227563810586 0.07115359306335449 0.02349334716796875
1 0.5225176202321724 0.24315920398009946 0.019434079601990048 0.13391376451077944
1 0.6523372719734659 0.4572968490878938 0.07125829187396349 0.05306799336650083
0 0.6076388888888888 0.526948590381426 0.0103648424543947 0.01741293532338309
0 0.8549699419568823 0.8723051409618573 0.010623963515754653 0.017412935323383182
