1 0.3304117202758789 0.5198365953233507 0.022356700897216798 0.141448974609375
2 0.380401611328125 0.5558237711588542 0.025954055786132812 0.044356621636284725
2 0.5174552917480468 0.8555898878309462 0.02462291717529297 0.03802541097005208
2 0.5168399810791016 0.8943634033203125 0.0243560791015625 0.03716227213541667
2 0.4937412261962891 0.9654829237196181 0.02396364212036133 0.0392578125
2 0.4805155754089355 0.9345982869466146 0.020927238464355468 0.037880791558159724
2 0.4701217651367187 0.9009019639756944 0.02026958465576172 0.03593071831597222
0 0.5760617256164551 0.6160161336263021 0.011733436584472656 0.019337632921006945
0 0.6439158916473389 0.35408766004774306 0.01264801025390625 0.021205647786458334
0 0.42264256477355955 0.3876903957790799 0.012487125396728516 0.021080525716145833
0 0.739616870880127 0.07919667561848959 0.011880874633789062 0.01877899169921875
2 0.48346242904663084 0.8689795600043403 0.02005596160888672 0.03183966742621528
0 0.6481352806091308 0.3722396850585938 0.012756919860839844 0.01768290201822917
2 0.5007711410522461 0.9278456793891059 0.021444320678710938 0.040612114800347224
0 0.6474991798400879 0.3432037353515625 0.015184879302978516 0.02496066623263889
