2 0.8309268951416016 0.48954956054687504 0.025720596313476562 0.03497314453125
1 0.9096775054931641 0.7058013916015625 0.06581344604492187 0.0954571533203125
0 0.31629014015197754 0.4476248931884766 0.012271738052368164 0.018427886962890626
1 0.6294048309326172 0.9519841003417969 0.060140800476074216 0.09386383056640625
0 0.6671897888183593 0.8165155029296876 0.01153717041015625 0.01880615234375
0 0.5393550872802735 0.5543153381347656 0.011878776550292968 0.018346252441406252
1 0.33340883255004883 0.2900498962402344 0.016446685791015624 0.0944921875
1 0.8582473754882812 0.13817207336425782 0.021001052856445313 0.1119249725341797
0 0.784360122680664 0.9060884094238282 0.011597537994384765 0.018175201416015627
2 0.878016185760498 0.842941131591797 0.02354087829589844 0.034839477539062504
0 0.155112886428833 0.9140970611572267 0.012146949768066406 0.018673706054687503
0 0.7141358852386475 0.5862599182128907 0.010999298095703125 0.017983398437500003
0 0.7354069232940674 0.7304574584960938 0.011192893981933594 0.01687164306640625
0 0.9008709907531738 0.9275791931152344 0.012089729309082031 0.019022216796875
0 0.2664177894592285 0.48336990356445314 0.012370681762695313 0.01816925048828125
0 0.7062751770019531 0.3573188781738281 0.010152339935302734 0.0162042236328125
2 0.7471545696258545 0.9076092529296875 0.020718479156494142 0.034945068359375005
2 0.5577949523925781 0.9562040710449219 0.023764801025390626 0.028398132324218752
0 0.9881750106811523 0.1916021728515625 0.012305831909179688 0.01913482666015625
0 0.7234866619110107 0.7365911102294922 0.010894107818603515 0.01708984375
0 0.22401037216186523 0.4021269989013672 0.011252689361572265 0.017464752197265627
2 0.5926955223083497 0.37216629028320314 0.018466377258300783 0.029834899902343753
0 0.7253787878787877 0.9224747474747476 0.01199494949494948 0.018686868686868557
0 0.9790088383838382 0.42020202020202024 0.011679292929292965 0.018181818181818177
