1 0.11442349255084991 0.4560624694824219 0.07489299178123474 0.044460296630859375
1 0.07883423715829849 0.21789894104003907 0.09231333434581757 0.028013763427734376
0 0.7198687076568604 0.4836475372314453 0.012374782562255859 0.019403839111328126
0 0.7347247123718261 0.4467619323730469 0.011767959594726563 0.016263275146484377
0 0.8053653717041015 0.6069363403320313 0.011272621154785157 0.017392272949218752
1 0.9754673957824707 0.6829646301269532 0.04906520843505859 0.038789672851562505
0 0.8161843299865722 0.3110794830322266 0.01233978271484375 0.01914886474609375
0 0.9265281677246093 0.9768725585937501 0.012237167358398438 0.0194354248046875
0 0.51760892868042 0.5057334899902344 0.010663318634033202 0.0169140625
0 0.5044516563415528 0.5462371826171876 0.011858367919921875 0.01846954345703125
0 0.9205541610717773 0.2545093154907227 0.012127113342285157 0.0178057861328125
0 0.08563851118087769 0.9731216430664064 0.011694908142089844 0.01930938720703125
0 0.816097354888916 0.8782958984375001 0.012300491333007812 0.016793212890625003
0 0.14473737478256227 0.9089155578613282 0.011613297462463378 0.01757049560546875
0 0.9160724639892578 0.23753921508789064 0.010845184326171875 0.014874725341796876
0 0.18051942586898803 0.8695967102050782 0.011305952072143554 0.017060852050781252
0 0.28429312705993653 0.7225104522705078 0.011171627044677734 0.017574920654296874
0 0.7101378440856934 0.5877682495117188 0.012152481079101562 0.0178521728515625
0 0.15150063037872313 0.1312508773803711 0.011624717712402343 0.018768310546875
0 0.9076873779296875 0.9122745513916016 0.011529541015625 0.016983795166015628
0 0.7082059860229493 0.6068797302246094 0.012664794921875 0.018647460937500002
0 0.3148087739944458 0.7479812622070313 0.011250066757202148 0.017953186035156252
0 0.9261917114257813 0.909739990234375 0.012042999267578125 0.018857116699218752
0 0.9385100364685058 0.9049935913085938 0.011568832397460937 0.01631927490234375
0 0.5118088722229004 0.5222573852539063 0.010956001281738282 0.016423950195312502
0 0.818817138671875 0.7264778900146485 0.01079387664794922 0.016228637695312503
0 0.924300880247844 0.8876076570225223 0.010093891678225001 0.015605941993602719
0 0.16635664701461791 0.8638114929199219 0.011860871315002441 0.016766357421875003
0 0.49863114356994626 0.059576034545898444 0.011999034881591797 0.0199658203125
0 0.07304921746253967 0.5836618041992188 0.01150076389312744 0.01834747314453125
0 0.16331140995025634 0.9085454559326173 0.011476826667785645 0.017666931152343752
0 0.08564049601554871 0.955546112060547 0.011623382568359375 0.016625976562500002
0 0.9149392127990722 0.752466278076172 0.011308860778808594 0.019684295654296875
0 0.1718141794204712 0.884364013671875 0.012915849685668945 0.01872222900390625
0 0.3328218936920166 0.3012729644775391 0.011414337158203124 0.018288726806640627
0 0.892466926574707 0.918590087890625 0.012473297119140626 0.015087280273437502
0 0.6388622283935547 0.8822000122070313 0.010944271087646484 0.016503295898437503
0 0.6985101222991943 0.5919969177246094 0.010973072052001953 0.015662078857421876
0 0.3316051721572876 0.8186054992675782 0.011630392074584961 0.018079071044921877
0 0.7264860153198243 0.43386047363281255 0.010698318481445312 0.015615234375
0 0.8265888214111328 0.009627685546875 0.010713958740234375 0.01719932556152344
0 0.7150900900900901 0.5007507507507507 0.008915165165165106 0.016516516516516522
0 0.06287537537537537 0.5814564564564564 0.009384384384384381 0.015765765765765802
0 0.0741243961352657 0.9551932367149759 0.009057971014492757 0.014251207729468548
0 0.16176026570048307 0.8865942028985507 0.00890700483091787 0.015700483091787495
0 0.15428743961352656 0.8975845410628019 0.009359903381642512 0.01690821256038665
0 0.17542270531400964 0.8495169082125604 0.009359903381642483 0.014975845410628021
0 0.8128019323671497 0.8964975845410628 0.008756038647342972 0.018115942028985425
0 0.8222373188405797 0.8938405797101451 0.008907004830917841 0.014251207729468548
0 0.9620320048309178 0.9495169082125605 0.01102053140096615 0.01932367149758439
0 0.9164402173913043 0.9021739130434784 0.009510869565217442 0.015458937198067702
