1 0.2164832592010498 0.08632397121853298 0.042438936233520505 0.08895094129774306
1 0.2547840356826782 0.6466604444715712 0.05561575889587402 0.057868618435329866
1 0.33762421607971194 0.49037178887261285 0.04315471649169922 0.1134736802842882
0 0.539268970489502 0.6424180772569444 0.012586021423339843 0.020129055447048613
2 0.030286383628845216 0.017158423529730904 0.02298398017883301 0.03431684705946181
0 0.2343581438064575 0.8219512939453125 0.01204371452331543 0.021577623155381944
0 0.35304789543151854 0.6035162183973525 0.009804153442382812 0.016624281141493055
1 0.24760608673095702 0.5087697347005209 0.03900070190429687 0.06945868598090278
2 0.411879301071167 0.9111134847005209 0.023020458221435548 0.04257388644748264
0 0.24441680908203126 0.1968510945638021 0.011403179168701172 0.018129984537760418
0 0.28218200206756594 0.2652081807454427 0.01023564338684082 0.018322245279947916
2 0.22039523124694824 0.2874473147922092 0.027322959899902344 0.03816426595052083
0 0.5158615112304688 0.791796620686849 0.013178730010986328 0.0215301513671875
0 0.9567310333251953 0.4509189181857639 0.011468505859375 0.01804911295572917
0 0.3958600997924805 0.8728830973307292 0.01320943832397461 0.02037353515625
0 0.42191619873046876 0.28169377644856775 0.010401535034179687 0.017704264322916666
0 0.605105209350586 0.7840192159016928 0.011210823059082031 0.01931796603732639
0 0.7259849548339844 0.1870989481608073 0.013153457641601562 0.022839016384548612
0 0.16180872917175293 0.5967855665418837 0.01225419044494629 0.021242947048611113
0 0.2691690444946289 0.24437298244900174 0.010210227966308594 0.017686292860243057
0 0.584683895111084 0.7186926099989149 0.010646820068359375 0.017844814724392363
0 0.4735673904418945 0.5558054606119792 0.011360549926757812 0.02065192328559028
1 0.6244918823242187 0.26406156751844617 0.05794105529785156 0.017223782009548612
1 0.9411456108093261 0.30241597493489586 0.017325210571289062 0.057820638020833336
0 0.4114325523376465 0.26927197774251305 0.011827945709228516 0.020109727647569447
0 0.022764803469181062 0.8758109198676216 0.0132383793592453 0.0213348388671875
0 0.11070911884307862 0.24371121724446615 0.010530710220336914 0.01666742960611979
0 0.4716100674373796 0.9474416613144938 0.010838150289017356 0.018464996788696276
2 0.6213927268981934 0.033449681599934895 0.012907028198242188 0.027447509765625003
0 0.5851956844329834 0.736067877875434 0.011995983123779298 0.017913479275173613
0 0.3468547021065866 0.8810430949103673 0.011933738929970043 0.019139480293824607
0 0.20089144706726073 0.21712515089246961 0.011606073379516602 0.017119089762369793
0 0.8378662109375 0.9019297281901042 0.012968063354492188 0.022565205891927086
0 0.6662388014568169 0.5230300045885734 0.009037241890684555 0.016168210945810058
0 0.1063157320022583 0.35383309258355033 0.007848024368286133 0.01256527370876736
0 0.6778213562753036 0.5657894736842105 0.011175775978407524 0.01836857100014992
0 0.3464871121121122 0.8999277054832611 0.011104854854854847 0.019185852519185826
0 0.4699542389210019 0.9659066581031901 0.011741329479768817 0.016859344894027118
