1 0.4261775970458984 0.2754478454589844 0.025553321838378905 0.1168763902452257
2 0.18131577968597412 0.38235388861762154 0.023595094680786133 0.04349399142795139
2 0.02740013301372528 0.5362347920735677 0.023992544412612914 0.04147677951388889
2 0.6776235580444336 0.9707831488715278 0.02339935302734375 0.043361070421006946
2 0.9154122352600097 0.9585892571343316 0.02393646240234375 0.04869859483506945
2 0.02649172618985176 0.7522056579589844 0.028785406053066252 0.05095079210069445
2 0.05507971197366714 0.7151721530490451 0.021757027506828307 0.040455457899305554
2 0.0685269832611084 0.7538002014160157 0.025783300399780273 0.04233686659071181
2 0.8531224250793457 0.496347893608941 0.023397445678710938 0.03525153266059028
2 0.0340403139591217 0.7071411132812501 0.019851189851760865 0.03502705891927083
