2 0.04603395164012909 0.5527142333984375 0.025505799055099487 0.03750701904296875
1 0.23452701568603515 0.3057270050048828 0.05328025817871094 0.10387313842773438
1 0.7813605308532715 0.5624616241455078 0.06158714294433593 0.06443496704101563
1 0.6382430076599122 0.2949065399169922 0.07244644165039063 0.0261151123046875
2 0.38385257720947263 0.8895945739746094 0.02628927230834961 0.03854156494140625
2 0.6911314964294434 0.65869873046875 0.02403545379638672 0.037296142578125004
2 0.42287054061889645 0.6902790832519532 0.022236442565917967 0.036860961914062504
2 0.35010201930999757 0.8395880889892579 0.02204422950744629 0.03520797729492188
2 0.41282882690429684 0.654438934326172 0.02334318161010742 0.0329962158203125
2 0.7549200057983398 0.5660977172851562 0.019480323791503905 0.03633880615234375
0 0.9303632736206054 0.02379436492919922 0.010272216796875 0.01564414978027344
0 0.9341426849365234 0.429339599609375 0.013123321533203124 0.02118316650390625
0 0.4623539924621582 0.16317211151123048 0.012461662292480469 0.018801116943359376
2 0.40021313428878785 0.6817024230957032 0.02254049777984619 0.038194580078125005
2 0.36231794357299807 0.7774806213378906 0.017104339599609376 0.028065490722656253
1 0.5041091442108154 0.44202896118164064 0.07615146636962891 0.02640838623046875
2 0.3569451332092285 0.8051766967773438 0.019594573974609376 0.027196044921875002
0 0.35593810081481936 0.11901378631591798 0.011797523498535157 0.01914947509765625
2 0.34353563785552976 0.7983203125 0.014929580688476562 0.026554260253906253
