1 0.8084957122802734 0.6025332641601563 0.07693653106689453 0.045321655273437504
1 0.3567774772644043 0.3068968200683594 0.020762825012207033 0.12435791015625
2 0.5580739974975586 0.1436988067626953 0.02803659439086914 0.04251754760742188
0 0.29583892822265623 0.2546404266357422 0.011938381195068359 0.01765380859375
2 0.675292682647705 0.7979683685302735 0.02444286346435547 0.041987609863281254
2 0.5702561378479004 0.10363235473632813 0.030904865264892577 0.041727905273437504
2 0.5539215564727783 0.2652285385131836 0.027293968200683593 0.040188446044921874
2 0.6447729110717774 0.8477174377441407 0.021884727478027343 0.036723632812500004
2 0.6606734275817872 0.8399527740478516 0.019590187072753906 0.02517578125
1 0.991282844543457 0.5957704162597657 0.016679763793945312 0.08141937255859376
2 0.6582695960998535 0.8767568969726564 0.024500274658203126 0.03424102783203125
