1 0.7195931434631347 0.6887199401855469 0.04916572570800781 0.09745147705078126
2 0.41129069328308104 0.41005142211914064 0.023702621459960938 0.033579711914062504
0 0.9177876472473144 0.9372874450683595 0.013383865356445312 0.0206414794921875
0 0.4182429313659668 0.23234020233154298 0.011748695373535156 0.0178302001953125
1 0.691671895980835 0.21029327392578126 0.032695674896240236 0.12730133056640625
2 0.05778424590826035 0.36132034301757815 0.02363457977771759 0.03729995727539063
0 0.7680615425109864 0.49085105895996095 0.010972023010253906 0.017664337158203126
1 0.24034931659698486 0.3146257019042969 0.08353180885314941 0.037532043457031254
1 0.7417128562927247 0.16341041564941408 0.05313282012939453 0.042506256103515626
0 0.6784402847290039 0.2944195556640625 0.012889099121093749 0.018489532470703125
0 0.28772926330566406 0.8787709045410157 0.012275409698486329 0.018071594238281252
2 0.4082876682281494 0.5469041442871094 0.021421337127685548 0.03144668579101563
0 0.5651756286621094 0.14344215393066406 0.010414600372314453 0.015727920532226564
1 0.3975629091262817 0.16377273559570313 0.04501633644104004 0.057023925781250005
0 0.8474716186523438 0.6466551971435547 0.011963653564453124 0.017742462158203125
0 0.18216947317123414 0.8394772338867188 0.012867903709411621 0.019627380371093753
0 0.428212833404541 0.040811462402343755 0.013570308685302734 0.019738922119140627
2 0.39540667533874513 0.5187611389160156 0.021207523345947266 0.044290161132812506
