1 0.3256963014602661 0.5117591857910156 0.06431717872619629 0.092972412109375
1 0.5140477657318115 0.46687637329101567 0.039700889587402345 0.12826828002929688
1 0.4288948535919189 0.6126087951660156 0.08246192932128907 0.07519500732421876
0 0.7401007652282715 0.6109735870361328 0.011520004272460938 0.018325042724609376
1 0.5838000297546386 0.21934532165527346 0.07680377960205079 0.042560882568359375
0 0.24626033306121825 0.40506240844726565 0.011848831176757812 0.01784942626953125
0 0.8992040634155273 0.771275634765625 0.012820434570312499 0.01967498779296875
0 0.5025476455688477 0.6429867553710938 0.013448619842529297 0.0203692626953125
0 0.9588232040405273 0.6642948150634767 0.011745452880859375 0.018052368164062502
0 0.0070443801581859585 0.2784886169433594 0.012578727304935455 0.018892669677734376
0 0.19921088218688965 0.4712690734863282 0.013048505783081055 0.018677673339843753
0 0.7223212242126464 0.7858252716064453 0.01098175048828125 0.015850677490234374
0 0.18279991149902344 0.6519129943847657 0.00944833755493164 0.019248809814453125
0 0.3872272889842633 0.8283261802575107 0.01050608011444923 0.015021459227467822
