0 0.8702882766723633 0.26178195953369143 0.013033294677734375 0.019567947387695312
0 0.7227272033691406 0.12338317871093751 0.011554908752441407 0.017646484375
0 0.07700188159942627 0.9926161193847657 0.010472369194030762 0.01437347412109375
2 0.03572562336921692 0.023206634521484377 0.02249962091445923 0.03646415710449219
2 0.05648369193077087 0.042618598937988285 0.02127009630203247 0.02994155883789063
0 0.22567739486694335 0.1707000732421875 0.012466621398925782 0.018208923339843752
0 0.4712047576904297 0.6988373565673829 0.011857032775878906 0.018874053955078126
1 0.8066442489624023 0.8459261322021485 0.06231422424316406 0.060118408203125
0 0.652921485900879 0.6582016754150392 0.013609695434570312 0.018891143798828128
0 0.21304445266723632 0.17444492340087892 0.0124267578125 0.01927177429199219
2 0.07361338138580323 0.027177696228027345 0.01785604953765869 0.024652481079101562
