1 0.7005560398101807 0.11200580596923829 0.04131879806518555 0.13243911743164063
0 0.41727523803710936 0.37480850219726564 0.0122039794921875 0.020471038818359377
0 0.05926384329795837 0.9622781372070313 0.012431061267852784 0.018622894287109375
0 0.5103365898132324 0.11640991210937501 0.012486648559570313 0.018816299438476562
2 0.7980753421783447 0.5622738647460938 0.022051143646240234 0.036297607421875
2 0.9485330581665039 0.5833256530761719 0.025265884399414063 0.03613861083984375
0 0.2891726016998291 0.05767837524414063 0.011023807525634765 0.0178472900390625
0 0.30698978900909424 0.1620928192138672 0.01209721565246582 0.018583984375
0 0.620493221282959 0.18915233612060547 0.012377548217773437 0.018664703369140626
2 0.9220949172973633 0.5540628051757813 0.02530078887939453 0.04053268432617188
0 0.9940986633300781 0.4986431884765625 0.010814666748046875 0.01940399169921875
2 0.9113714218139648 0.5752435302734376 0.030036163330078126 0.03536895751953125
1 0.6081432342529297 0.9786405181884766 0.015127182006835938 0.04271896362304688
