0 0.5832282066345215 0.9713829040527344 0.012770271301269532 0.019330139160156252
1 0.7386352062225342 0.7799542236328125 0.03110809326171875 0.12184112548828126
0 0.8340523719787597 0.19516380310058595 0.012556266784667968 0.019077606201171875
0 0.5332942962646484 0.6832665252685547 0.012844657897949219 0.019318237304687503
2 0.15170202255249024 0.6731952667236328 0.027859020233154296 0.0407568359375
0 0.4958189010620117 0.29627441406250005 0.012375831604003906 0.019595413208007815
0 0.7178545951843261 0.41663589477539065 0.01147613525390625 0.01687530517578125
0 0.12199163436889648 0.41330535888671877 0.010896682739257812 0.0167657470703125
0 0.8597850799560547 0.24875431060791017 0.010630035400390625 0.0180303955078125
0 0.7762041091918945 0.5469804382324219 0.011598491668701172 0.017743682861328127
0 0.5349811553955078 0.6222673034667969 0.012081527709960937 0.018610076904296877
0 0.3099375247955322 0.029871902465820315 0.010457324981689452 0.016175384521484377
0 0.5635802745819092 0.4818062591552735 0.011344814300537109 0.016358642578125002
1 0.5697027206420898 0.37543212890625005 0.04132022857666016 0.0584771728515625
0 0.3126882553100586 0.35337921142578127 0.011791610717773437 0.018296813964843752
0 0.9251178741455078 0.24529136657714845 0.013450431823730468 0.020359954833984378
0 0.6818347930908203 0.7377186584472657 0.012919425964355469 0.02418060302734375
0 0.09759045839309692 0.07911064147949219 0.013483953475952147 0.01998504638671875
0 0.5489258289337158 0.4235472106933594 0.011404609680175782 0.017874755859375
0 0.6926276683807373 0.2307176971435547 0.011314678192138671 0.01729827880859375
0 0.8672948837280273 0.47976226806640626 0.013161087036132812 0.021454467773437503
0 0.11063745021820068 0.09276397705078125 0.012166857719421387 0.018406219482421875
0 0.11816451549530028 0.09134178161621094 0.009851217269897461 0.016812286376953128
0 0.9445415496826172 0.5298504638671875 0.0114166259765625 0.016557617187500002
0 0.923302173614502 0.5207231903076173 0.012071037292480468 0.020558776855468752
0 0.5445192337036133 0.09059223175048829 0.009314823150634765 0.013892593383789063
0 0.5573895454406739 0.08692497253417969 0.009245681762695312 0.013268280029296876
0 0.43698489010989006 0.2158882783882784 0.010874542124542093 0.02060439560439562
