1 0.7819271087646484 0.4897828843858507 0.05416107177734375 0.042881944444444445
2 0.34995121955871583 0.32565765380859374 0.025526809692382812 0.04304165310329861
2 0.944533634185791 0.3536287095811632 0.026505851745605467 0.03835856119791667
2 0.9091283798217773 0.7041252136230469 0.023857879638671874 0.04187825520833333
2 0.9101367950439453 0.7725064595540365 0.026647377014160156 0.039872233072916666
2 0.4321223258972168 0.34274317423502604 0.02228126525878906 0.04793311225043403
2 0.3724853515625 0.2764700147840712 0.022467899322509765 0.042172410753038195
2 0.4402740036231884 0.8121980676328503 0.024060235507246355 0.02818035426731077
2 0.9334895133972168 0.696396721733941 0.022536468505859376 0.04175381130642361
2 0.4658616065979004 0.7314458211263021 0.026155471801757812 0.04535895453559028
2 0.42442598342895504 0.7218416002061632 0.024378490447998048 0.03651462131076389
2 0.8157699584960937 0.964854007297092 0.02263946533203125 0.039044528537326394
0 0.5045870304107666 0.7392139010959201 0.010618209838867188 0.017260064019097222
2 0.3933993101119995 0.4931194729275174 0.02769608497619629 0.046264309353298616
2 0.4149797439575195 0.7585971408420139 0.020590782165527344 0.04173533121744792
2 0.41603851318359375 0.5171986897786458 0.019408798217773436 0.03634507921006944
1 0.8015984535217285 0.7225557963053386 0.07430496215820312 0.03572116427951389
2 0.39777650833129885 0.6615280151367188 0.023167514801025392 0.04227328830295139
0 0.8177969932556152 0.10196575588650174 0.011752128601074219 0.020505184597439236
1 0.22135958075523376 0.37926618787977434 0.04858819246292114 0.06407775878906251
2 0.43245911598205566 0.7610604180230035 0.023799610137939454 0.05328538682725695
0 0.8895758628845215 0.11966205173068577 0.010503387451171875 0.01670650906032986
0 0.1726902961730957 0.1690065171983507 0.012276148796081543 0.02167239718967014
