2 0.8116000175476074 0.04325698852539063 0.02436065673828125 0.03735458374023438
2 0.9903692245483399 0.4639543151855469 0.019261550903320313 0.04038986206054688
2 0.8392606735229492 0.9062425994873048 0.02507953643798828 0.038767242431640626
2 0.47806086540222165 0.09226329803466797 0.026503753662109376 0.04052459716796875
0 0.04723254442214966 0.5460855102539063 0.012099707126617431 0.018385009765625
1 0.013394342362880706 0.7820198059082032 0.026788684725761413 0.049167175292968754
1 0.35367820262908933 0.4799563598632813 0.020110416412353515 0.14466430664062502
0 0.19803130626678467 0.28601539611816407 0.013344907760620117 0.017505035400390626
2 0.6462000370025635 0.5293702697753907 0.011516666412353516 0.01848968505859375
0 0.36953444480895997 0.3777197265625 0.011516189575195313 0.017769622802734378
0 0.171292245388031 0.2921562194824219 0.011565971374511718 0.018809967041015625
0 0.1833919405937195 0.2848603057861328 0.012221193313598633 0.019443817138671875
0 0.18497474747474746 0.2724747474747475 0.01136363636363636 0.01868686868686865
