1 0.8789407730102539 0.07711554633246528 0.07233810424804688 0.06515723334418402
1 0.49154133796691896 0.7975875006781684 0.058570480346679686 0.12087487114800348
1 0.8117016792297364 0.7562090555826824 0.04520130157470703 0.08411170111762153
2 0.011592589318752289 0.8005767822265625 0.022494620084762572 0.04147610134548611
2 0.42061414718627926 0.061760796440972224 0.02274169921875 0.043196953667534725
2 0.7259803771972656 0.30899268256293405 0.026822662353515624 0.04239722357855903
0 0.7574916362762452 0.40141686333550347 0.010084438323974609 0.017071024576822916
0 0.7719964027404785 0.36087892320421006 0.010294151306152344 0.017898390028211805
0 0.6136829376220703 0.8632361518012153 0.012664413452148438 0.017680867513020834
1 0.388071870803833 0.43648529052734375 0.05762004852294922 0.038935852050781254
0 0.5144713401794434 0.2941224839952257 0.010735893249511718 0.018067169189453124
0 0.14668381214141846 0.496103752983941 0.011189460754394531 0.01813574896918403
2 0.0063166506588459015 0.4707715352376302 0.012633301317691803 0.04359486897786458
0 0.2824812650680542 0.306811269124349 0.010562467575073241 0.016857401529947916
0 0.6015619277954102 0.862560780843099 0.012660789489746093 0.018530103895399306
0 0.18491218090057374 0.8457831488715278 0.010782957077026367 0.024126858181423613
0 0.17417640686035157 0.8364203559027779 0.012314414978027344 0.020616319444444444
0 0.29451794624328614 0.3058690388997396 0.009480428695678712 0.016747962103949653
0 0.5991929429429428 0.8822572572572572 0.011261261261261287 0.01793460126793468
