2 0.16945602893829345 0.33936954074435766 0.023111176490783692 0.04043816460503472
0 0.6537663459777832 0.32693038516574435 0.012053203582763673 0.02026778327094184
0 0.648370361328125 0.9504604763454861 0.012202072143554687 0.020542399088541666
0 0.03990211188793182 0.39849522908528645 0.011654931306838989 0.020358615451388888
0 0.7322549819946289 0.8730412801106772 0.012364959716796875 0.02099405924479167
2 0.6018518518518519 0.6857428656684028 0.02391975308641972 0.03815239800347223
2 0.19635444835380272 0.3764173405651202 0.019328140329431597 0.036465730392393265
0 0.09050121307373046 0.4036229451497396 0.011177325248718261 0.018589274088541666
2 0.4014227867126465 0.3221350775824653 0.021860504150390626 0.03911098904079861
0 0.9141956329345703 0.5609848022460938 0.011682891845703125 0.019004652235243055
0 0.9148143768310547 0.5786407470703125 0.011374664306640626 0.01540866427951389
0 0.9516656875610351 0.9620613945855035 0.0116668701171875 0.020143636067708335
2 0.3969655797101449 0.2995840042941492 0.015851449275362306 0.03153515834675255
0 0.0850752592086792 0.4199640909830729 0.010378146171569824 0.017349751790364583
2 0.5891203703703703 0.6697530864197531 0.01929012345679008 0.043209876543209846
2 0.18969907407407408 0.33333333333333337 0.01875 0.03456790123456794
2 0.20798611111111112 0.3497942386831276 0.021990740740740745 0.028806584362139894
