1 0.23336269855499267 0.8584141540527345 0.08786172866821289 0.06299255371093751
0 0.3520045280456543 0.3130133438110352 0.012639284133911133 0.01974517822265625
2 0.6265480995178223 0.047400894165039065 0.02541637420654297 0.04185226440429688
0 0.01852056384086609 0.6903196716308594 0.012371000647544862 0.018571319580078127
0 0.8709327697753906 0.6733641052246094 0.011779022216796876 0.017984619140625
0 0.5548317909240723 0.19131084442138674 0.011130523681640626 0.01792083740234375
1 0.9609619140625 0.08748115539550781 0.01891632080078125 0.11475387573242188
0 0.882683277130127 0.06830707550048828 0.010795974731445312 0.01656364440917969
1 0.1365957736968994 0.3882623291015625 0.05530095100402832 0.023350372314453128
1 0.5581887245178223 0.8550884246826173 0.017430877685546874 0.12854141235351563
0 0.8966054916381836 0.11182579040527345 0.011171722412109375 0.01642547607421875
1 0.558585262298584 0.7450231170654298 0.02858295440673828 0.09763046264648438
2 0.6495641708374024 0.056202659606933596 0.022636604309082032 0.03875816345214844
0 0.861721420288086 0.9104704284667969 0.012212753295898438 0.017807922363281253
0 0.19177348613739015 0.07199634552001953 0.011100339889526366 0.0178436279296875
