1 0.20816030502319335 0.3538198852539063 0.06751537322998047 0.08739303588867188
1 0.6361000061035156 0.34985801696777347 0.067034912109375 0.08877746582031251
0 0.7714040756225586 0.9494009399414063 0.011025238037109374 0.016534729003906252
1 0.747218656539917 0.022962570190429688 0.07398176193237305 0.045925140380859375
0 0.3606910228729248 0.7320417785644532 0.01146230697631836 0.017894744873046875
0 0.7777191162109375 0.4704776763916016 0.010531902313232422 0.016838836669921878
0 0.9531957626342773 0.3125743865966797 0.011650466918945312 0.017154083251953126
0 0.5824324607849121 0.16647850036621095 0.011735916137695312 0.017209625244140627
0 0.6302776336669922 0.687292709350586 0.010185813903808594 0.016064758300781252
2 0.9939910888671875 0.7714968872070312 0.012017822265625 0.03736541748046875
0 0.6511106014251709 0.6839575195312501 0.011554527282714843 0.016308135986328125
0 0.7630897521972656 0.9058010864257813 0.012397003173828126 0.01913360595703125
0 0.6397744178771972 0.6945577239990235 0.011572456359863282 0.017141113281250002
0 0.6410934448242187 0.6792994689941406 0.011117935180664062 0.0163836669921875
0 0.8968563079833984 0.5135707092285157 0.010779953002929688 0.01664581298828125
1 0.9367609024047852 0.5232896423339845 0.028172683715820313 0.029410400390625
0 0.8857620239257812 0.6224057006835938 0.010670089721679687 0.01642578125
