1 0.26279420852661134 0.5103231811523438 0.06659440994262696 0.06791046142578125
0 0.5907378196716309 0.7508790588378906 0.011933708190917968 0.01856597900390625
1 0.10793306827545165 0.41342720031738284 0.04014477729797363 0.11260360717773438
1 0.11718894243240356 0.6495391845703126 0.08451881408691406 0.042324371337890625
0 0.8304719924926758 0.39289642333984376 0.011917877197265624 0.019064178466796877
0 0.24640684127807616 0.611665267944336 0.011114788055419923 0.017127532958984375
1 0.9726572036743164 0.1409572219848633 0.05399208068847656 0.09049766540527344
0 0.4449592113494873 0.7981687164306641 0.011567401885986327 0.01876068115234375
0 0.08332580924034119 0.062487068176269533 0.012126803398132324 0.01859336853027344
1 0.7417295455932618 0.3995442962646485 0.03003692626953125 0.11649047851562501
0 0.7011369228363037 0.9432371520996095 0.01266622543334961 0.019136352539062502
1 0.5173366069793701 0.31011070251464845 0.019561004638671876 0.12414321899414063
0 0.07932479381561279 0.9267419433593751 0.010694003105163575 0.015310668945312501
0 0.9048998832702636 0.4746806335449219 0.012764930725097656 0.01953704833984375
0 0.22085590362548826 0.28456634521484375 0.012007474899291992 0.018750305175781252
1 0.06403580904006959 0.7315087890625 0.05944559574127197 0.06294921875000001
0 0.5025008201599122 0.09815498352050782 0.012052249908447266 0.019144363403320312
0 0.9312298774719238 0.5822234344482422 0.010973930358886719 0.017056884765625002
0 0.9374786376953125 0.6872857666015626 0.011789512634277344 0.018187255859375
1 0.7998750686645508 0.4787532043457032 0.054130363464355465 0.036448974609375004
1 0.7941604614257812 0.3639214324951172 0.07207450866699219 0.032984619140625004
0 0.5311145782470703 0.982941131591797 0.01089324951171875 0.0173284912109375
0 0.9965086460113525 0.38290702819824224 0.0069827079772949215 0.017693328857421878
0 0.029478637901861247 0.7618443316412861 0.00925338409475465 0.016920473773265693
0 0.5150169204737732 0.46002538071066 0.010046531302876478 0.017343485617597312
