2 0.15182291666666667 0.5180555555555556 0.028645833333333332 0.04166666666666667
2 0.67421875 0.6958333333333334 0.024479166666666666 0.04351851851851852
0 0.8640625 0.7523148148148149 0.011458333333333333 0.017592592592592594
0 0.8731770833333333 0.7675925925925926 0.009895833333333333 0.018518518518518517
0 0.8651041666666667 0.7824074074074074 0.009375 0.018518518518518517
0 0.8760416666666666 0.7847222222222222 0.010416666666666666 0.019444444444444445
0 0.4434895833333333 0.20046296296296298 0.011979166666666666 0.021296296296296296
0 0.7489583333333333 0.8356481481481481 0.011458333333333333 0.017592592592592594
0 0.7440104166666667 0.8518518518518519 0.011979166666666666 0.020370370370370372
0 0.7549479166666666 0.8481481481481482 0.009895833333333333 0.018518518518518517
0 0.7549479166666666 0.862037037037037 0.009895833333333333 0.018518518518518517
