1 0.7331945419311523 0.5454778035481771 0.07816562652587891 0.06138644748263889
0 0.5456533432006836 0.43831058078342017 0.011717796325683594 0.02005954318576389
0 0.6033391952514648 0.5102554321289062 0.011012649536132813 0.01863793267144097
0 0.5076784133911133 0.0974761962890625 0.012289047241210938 0.020694986979166666
0 0.2823862791061401 0.5615648057725695 0.01272602081298828 0.020436943901909723
0 0.4137136936187744 0.39548288981119795 0.011985874176025391 0.019974602593315974
0 0.9260900497436523 0.5718332926432292 0.012634849548339844 0.021845160590277777
0 0.6145122528076172 0.026682027180989585 0.012974166870117187 0.019261678059895836
0 0.32264606952667235 0.30159123738606775 0.012506723403930664 0.02106509738498264
0 0.26843838691711425 0.0542238023546007 0.013015842437744141 0.022044033474392363
0 0.678875207901001 0.9010913425021702 0.012723445892333984 0.022756279839409723
0 0.7646999359130859 0.9808977762858073 0.011756706237792968 0.018413967556423612
0 0.1617936372756958 0.9864722357855903 0.012882661819458007 0.020533243815104168
0 0.7654462814331054 0.9626720852322049 0.010804176330566406 0.019949510362413197
0 0.048514893651008605 0.9683091905381945 0.012294226884841919 0.020836046006944445
0 0.41390562057495117 0.9226035224066841 0.012433719635009766 0.0197723388671875
0 0.2377079963684082 0.41798468695746527 0.013453865051269531 0.020322333441840278
0 0.3342452049255371 0.9927324930826823 0.012263631820678711 0.014535013834635417
0 0.3904392719268799 0.5204099867078993 0.014516353607177734 0.020953369140625
0 0.4422001838684082 0.6382490370008681 0.011644554138183594 0.01650729709201389
0 0.8190109252929687 0.10170245700412327 0.012697601318359375 0.020579698350694446
0 0.6570638656616211 0.14932200113932292 0.008769607543945313 0.014508565266927084
0 0.4479166666666667 0.6536216018974639 0.012315270935960557 0.0191570881226053
0 0.619047619047619 0.008894362342638204 0.01128899835796382 0.017788724685276407
