1 0.8488122940063476 0.3397531890869141 0.052550888061523436 0.0804302978515625
1 0.5749308109283447 0.19670692443847657 0.06299400329589844 0.10130752563476564
1 0.5387378692626953 0.14003147125244142 0.06100044250488281 0.08117645263671876
0 0.19165382385253907 0.3090884399414063 0.011218023300170899 0.01698333740234375
0 0.5048530578613282 0.8464953613281251 0.012343788146972656 0.018479309082031253
0 0.09124576449394226 0.1181829071044922 0.012010836601257324 0.020137939453125
1 0.34526472091674804 0.04392898559570313 0.07451257705688477 0.03951797485351563
0 0.2600776195526123 0.10881038665771485 0.012730216979980469 0.01907318115234375
2 0.3279558658599854 0.4782787322998047 0.025040435791015624 0.05172561645507813
0 0.2641907215118408 0.06760070800781251 0.010899066925048828 0.017102661132812502
1 0.05921118408441543 0.20543159484863283 0.05531327426433563 0.03384231567382813
0 0.5107266902923584 0.43683593750000005 0.010635757446289062 0.016739807128906253
0 0.005916420370340347 0.8152243804931641 0.011508730053901673 0.0180364990234375
0 0.7525215148925781 0.44249206542968755 0.010655403137207031 0.016492004394531252
0 0.8322294235229492 0.7088406372070313 0.010078811645507812 0.015291442871093752
0 0.1650901198387146 0.20149147033691409 0.012557101249694823 0.018836822509765625
1 0.05463445782661438 0.09074745178222657 0.0719274640083313 0.03147552490234375
0 0.31581411361694334 0.16957290649414064 0.012091922760009765 0.018245849609375
1 0.008442072570323944 0.11852188110351564 0.01683070957660675 0.13257728576660158
0 0.28299655914306643 0.1978160858154297 0.01243000030517578 0.020897674560546878
0 0.1996007442474365 0.4184976959228516 0.0124786376953125 0.01853485107421875
0 0.07768608331680298 0.19935028076171876 0.011719012260437011 0.020428924560546877
0 0.713294792175293 0.16116310119628907 0.012615394592285155 0.018141098022460937
