0 0.918851375579834 0.34587615966796875 0.011291313171386718 0.01655120849609375
2 0.6341145515441895 0.6426068115234376 0.02339029312133789 0.04430450439453125
0 0.3394152641296387 0.5849591827392578 0.010460090637207032 0.01605804443359375
0 0.7102839946746826 0.7954855346679688 0.010497379302978515 0.015511474609375001
0 0.5465204238891601 0.2376906204223633 0.011940383911132812 0.0167388916015625
0 0.30105910301208494 0.017834854125976563 0.011748695373535156 0.018872070312500003
2 0.84041748046875 0.04214584350585938 0.020332908630371092 0.04277183532714844
0 0.494582462310791 0.7380078125 0.01082763671875 0.017225494384765627
0 0.10044642857142856 0.866529304029304 0.012019230769230763 0.014194139194139175
0 0.9256238553113553 0.026556776556776556 0.010016025641025668 0.015567765567765566
