1 0.7119381427764893 0.6328863525390626 0.02588510513305664 0.12377990722656251
0 0.7108797550201416 0.9457968139648438 0.01212310791015625 0.01832916259765625
0 0.24674248695373535 0.9759390258789064 0.010537862777709961 0.01674591064453125
0 0.2555427312850952 0.9876150512695313 0.010674428939819337 0.01513824462890625
2 0.07643390893936157 0.3850746154785156 0.01997244358062744 0.033679504394531254
0 0.794766902923584 0.5940777587890625 0.011285781860351562 0.017986907958984374
0 0.17305188179016112 0.6379045104980469 0.010287761688232422 0.01711273193359375
1 0.7817329406738281 0.41742263793945317 0.06630859375 0.041924438476562506
1 0.7797250375375374 0.3813813813813814 0.020411036036036022 0.13588588588588588
0 0.749929617117117 0.6069819819819819 0.010088213213213256 0.017267267267267246
