1 0.4476738929748535 0.7793798828125 0.06238002777099609 0.08080078125000001
1 0.5174097061157227 0.6451250457763672 0.03926506042480469 0.11946426391601564
0 0.9928035736083984 0.7714308166503907 0.012782287597656249 0.019070739746093752
0 0.9631819725036621 0.6050264739990234 0.011687850952148438 0.017962493896484376
0 0.8873023986816406 0.36484344482421877 0.011292839050292968 0.017022094726562503
0 0.06559639573097228 0.6412698364257813 0.011054718494415283 0.017030792236328127
0 0.008280299603939056 0.6713684844970703 0.012362533807754516 0.018922882080078127
0 0.41678533554077146 0.2964488983154297 0.010925674438476562 0.015877227783203125
0 0.5483092308044434 0.8848669433593751 0.011285114288330077 0.018782958984375
0 0.1056813210248947 0.03870765686035157 0.012601524591445923 0.018799743652343753
0 0.8706405639648437 0.32139564514160157 0.012520599365234374 0.018681640625000002
1 0.013012272119522094 0.3918089294433594 0.025615620613098144 0.03693145751953125
0 0.42632246017456055 0.7910846710205078 0.011678981781005859 0.017273712158203128
0 0.6649803161621094 0.9216438293457032 0.011178016662597656 0.015528564453125001
1 0.5101556777954102 0.9111329650878907 0.033175182342529294 0.11109832763671876
0 0.4192064193168434 0.28136042402826855 0.009938162544169652 0.014428739693757395
