0 0.6694871425628662 0.7648622131347657 0.012870502471923827 0.020192260742187502
0 0.601490068435669 0.024025421142578128 0.01177387237548828 0.01869865417480469
1 0.6702476024627686 0.8787107086181641 0.02166604995727539 0.12733383178710939
1 0.7325592517852784 0.4188485717773438 0.08546066284179688 0.033800354003906255
1 0.754007625579834 0.040469274520874024 0.06884689331054687 0.07213518142700195
0 0.9254017829895019 0.2111861801147461 0.013272476196289061 0.02079032897949219
0 0.9164850234985351 0.10130653381347657 0.0121795654296875 0.018949661254882812
0 0.023211853206157686 0.24548950195312502 0.010694548487663269 0.017976837158203127
0 0.42299504280090333 0.7618734741210939 0.011840438842773438 0.018018798828125
0 0.2610607147216797 0.7611566162109376 0.011883163452148437 0.01861541748046875
0 0.4064640998840332 0.8413763427734375 0.012392234802246094 0.018746948242187502
