1 0.6380622863769532 0.10297935485839844 0.08244514465332031 0.057452239990234376
1 0.3676586627960205 0.22763702392578125 0.06498928070068359 0.08746589660644531
0 0.6930716514587403 0.6760513305664063 0.012022018432617188 0.0183856201171875
1 0.9139204025268555 0.9768013763427735 0.0280487060546875 0.04407516479492188
0 0.4836709976196289 0.5736477661132813 0.011811447143554688 0.017445373535156253
2 0.40313997268676754 0.9428225708007814 0.025054264068603515 0.0373773193359375
1 0.08530622124671935 0.6583823394775391 0.022233998775482176 0.13742324829101563
0 0.1076625108718872 0.20730758666992188 0.012312221527099609 0.018863906860351564
0 0.48601479530334474 0.6892060852050782 0.011596107482910156 0.017423400878906252
0 0.1989459991455078 0.47315071105957035 0.011739683151245118 0.017306671142578126
0 0.6486587524414062 0.874052963256836 0.010920524597167969 0.017097625732421875
0 0.33328821659088137 0.6431785583496095 0.01319279670715332 0.019070587158203128
