1 0.6701979637145996 0.5126457214355469 0.04885120391845703 0.08611541748046876
0 0.9648664474487304 0.07144134521484376 0.012399101257324218 0.01965240478515625
0 0.22751269340515137 0.062385330200195314 0.012686729431152344 0.019128875732421877
0 0.1845947265625 0.1068767547607422 0.01235976219177246 0.019960479736328127
0 0.24358556270599366 0.7710128784179688 0.012251186370849609 0.01858123779296875
0 0.19581828117370606 0.5943108367919923 0.011516809463500977 0.016880035400390625
0 0.04613993465900421 0.03607040405273438 0.012500864267349242 0.019150848388671877
0 0.27083706855773926 0.024661369323730472 0.0118560791015625 0.01681571960449219
0 0.6160465240478515 0.38686180114746094 0.012347793579101563 0.019075012207031252
0 0.1023565649986267 0.3634602355957032 0.01200723648071289 0.018773193359375002
0 0.013391613587737083 0.12290390014648438 0.013032699376344681 0.019687042236328126
0 0.39241278171539307 0.6724469757080078 0.010074281692504882 0.01536285400390625
0 0.06566666960716247 0.3322140502929688 0.011471617221832275 0.019398193359375
0 0.5723973274230957 0.6077619934082031 0.012381744384765626 0.017396850585937502
0 0.2904501914978027 0.16377746582031252 0.010750293731689453 0.017235260009765625
0 0.004528798162937164 0.8496978759765625 0.009057596325874329 0.01847686767578125
0 0.45921974182128905 0.1250987243652344 0.011197662353515625 0.017727813720703128
0 0.020488543808460234 0.8699128723144531 0.011154451966285705 0.01698516845703125
0 0.57872633934021 0.5905104064941407 0.011908721923828126 0.0183868408203125
0 0.5263595104217529 0.3476128387451172 0.011448001861572266 0.018213043212890627
0 0.6332717895507812 0.17363086700439453 0.012434005737304688 0.01980216979980469
0 0.5136275291442871 0.16605213165283203 0.011862564086914062 0.017545852661132812
0 0.4412671089172363 0.09387351989746094 0.012282752990722656 0.018787689208984375
0 0.9321375846862793 0.39028511047363285 0.012838363647460938 0.019112091064453125
0 0.7411576271057129 0.6293603515625 0.011107063293457032 0.017174072265625
0 0.6970866203308106 0.6335395050048829 0.0102386474609375 0.0168182373046875
0 0.3298650741577148 0.47447784423828127 0.009858798980712891 0.014936370849609377
0 0.0405042827129364 0.9196150207519532 0.011753785610198974 0.0169525146484375
0 0.4514150619506836 0.10923431396484376 0.011949539184570312 0.01845916748046875
0 0.7812821388244628 0.13617652893066406 0.010439682006835937 0.01609619140625
0 0.7775326251983643 0.5753207397460938 0.011764144897460938 0.01732696533203125
0 0.8004974126815796 0.10438732147216798 0.012769365310668945 0.018434448242187502
0 0.47035722732543944 0.5565110778808594 0.012493133544921875 0.017647705078125003
0 0.1581408739089966 0.6452040100097657 0.01206049919128418 0.0187481689453125
0 0.21605148315429687 0.42274124145507813 0.011570262908935546 0.017467041015625
0 0.789034652709961 0.4711102294921875 0.0110565185546875 0.017839355468750002
0 0.6522867202758789 0.08992416381835938 0.0109619140625 0.017613830566406252
0 0.21659131050109862 0.14340339660644533 0.010741806030273438 0.01720817565917969
0 0.054451026022434235 0.09749969482421876 0.011288067698478699 0.017307586669921875
0 0.1382402300834656 0.7281532287597656 0.012040352821350098 0.018090209960937503
0 0.45159111022949217 0.08959510803222656 0.011363983154296875 0.016759796142578127
0 0.6870759963989258 0.6452623748779297 0.011883068084716796 0.018097076416015625
0 0.3386021852493286 0.4890933990478516 0.011336088180541992 0.017853698730468753
0 0.6479852676391602 0.3843868255615235 0.01011199951171875 0.01467620849609375
0 0.6891722679138184 0.600733642578125 0.012150001525878907 0.018723449707031253
0 0.8868843078613281 0.6497031402587891 0.012046241760253906 0.0200634765625
0 0.2941782236099243 0.09738403320312501 0.011304140090942383 0.017192840576171875
0 0.6696532249450684 0.07199142456054688 0.010763740539550782 0.017136535644531253
0 0.7403065681457519 0.3653273010253906 0.010865020751953124 0.017781982421875002
0 0.059023940563201906 0.12551460266113282 0.012224888801574707 0.018627929687500003
0 0.792050552368164 0.14348289489746094 0.011761474609375 0.019134674072265625
0 0.889000129699707 0.040990982055664066 0.012246322631835938 0.01694084167480469
0 0.6646390914916992 0.08801177978515626 0.012346267700195312 0.016560745239257813
0 0.11903491020202636 0.5925398254394532 0.01104276180267334 0.01607940673828125
0 0.6817062377929688 0.08424743652343751 0.013027191162109375 0.018792572021484377
0 0.0637155294418335 0.10495391845703125 0.01107025146484375 0.016528167724609376
0 0.8881362915039063 0.023382787704467774 0.012789535522460937 0.018863697052001954
0 0.010012429766356945 0.8693304443359375 0.010225615277886391 0.016312255859375
0 0.6715383529663086 0.39723762512207034 0.010612869262695312 0.016859893798828126
0 0.8269464492797851 0.5617408752441406 0.012952423095703125 0.0189190673828125
0 0.9670265197753906 0.3461512565612793 0.010665512084960938 0.016005287170410158
0 0.6790881156921387 0.32193706512451176 0.013033103942871093 0.01950469970703125
2 0.6179576873779297 0.6269642639160157 0.01255950927734375 0.018739471435546877
0 0.8126867294311523 0.5551705169677734 0.013499641418457031 0.02025146484375
0 0.34827218055725095 0.1324205017089844 0.01045694351196289 0.016357498168945314
1 0.2976365959119497 0.7238600628930818 0.05773388364779872 0.06485849056603779
0 0.35260953608247425 0.28908934707903783 0.010470360824742286 0.017182130584192427
0 0.4987644464720194 0.1768552311435523 0.00988442822384427 0.017944038929440374
0 0.6980160081743869 0.5428019981834696 0.010359900090826575 0.016575840145322426
0 0.8946180555555555 0.5597222222222223 0.010069444444444405 0.015555555555555526
0 0.6380727091633465 0.06142098273572378 0.010790172642762386 0.017928286852589643
0 0.845635105721393 0.10043532338308457 0.011077425373134275 0.01741293532338309
0 0.8466068097014926 0.07944651741293532 0.011466106965174087 0.017723880597014924
