1 0.9176454544067383 0.13856407165527346 0.05183734893798828 0.10391983032226564
2 0.05076169818639755 0.46736038208007813 0.021837261319160462 0.03548919677734375
1 0.9581995010375977 0.8425007629394532 0.021795272827148438 0.1346044921875
0 0.45731477737426757 0.5477075195312501 0.011660575866699219 0.017243347167968753
0 0.1198306918144226 0.4048560333251953 0.011089515686035157 0.0166241455078125
0 0.09482281804084777 0.3930583953857422 0.011565053462982177 0.0181793212890625
2 0.7371442794799805 0.8246604919433594 0.02224903106689453 0.034974975585937505
1 0.14609620571136475 0.1798106384277344 0.07348933219909667 0.07703872680664063
0 0.6274971461187214 0.3204908675799087 0.008561643835616431 0.014269406392694086
0 0.5953909817351598 0.8393264840182649 0.011415525114155282 0.01655251141552507
