1 0.23169662952423095 0.8636549377441407 0.06834397315979004 0.0930902099609375
1 0.2123767852783203 0.4603837585449219 0.06364102363586426 0.09953933715820314
0 0.1899703025817871 0.8698986053466797 0.012265396118164063 0.018578796386718752
0 0.6151123046875 0.8272998046875001 0.010560894012451172 0.016679382324218752
2 0.9234998703002929 0.9565484619140625 0.02634773254394531 0.0321038818359375
0 0.470686674118042 0.2658878326416016 0.011351776123046876 0.017610626220703127
0 0.23498780727386473 0.6807012176513673 0.011824226379394532 0.018689270019531252
1 0.7511641502380371 0.465827865600586 0.08082656860351563 0.028590545654296876
1 0.982965087890625 0.41614517211914065 0.033525276184082034 0.04138824462890625
0 0.47109241485595704 0.572120361328125 0.00979442596435547 0.015041046142578125
0 0.46023988723754883 0.571104507446289 0.009228324890136719 0.013918762207031251
0 0.7175807823129252 0.780952380952381 0.0108418367346939 0.016326530612244882
0 0.46364795918367346 0.5858843537414966 0.007653061224489832 0.013265306122448996
