2 0.3675732135772705 0.12580963134765627 0.023177480697631835 0.037557373046875
2 0.1095445841550827 0.04809955596923828 0.021326452493667603 0.03516487121582031
2 0.5621550559997559 0.8494795227050782 0.024635696411132814 0.039492492675781254
1 0.46677064895629883 0.5778955078125 0.03200654983520508 0.13176818847656252
2 0.21733193397521972 0.21256267547607424 0.021298742294311522 0.03691535949707032
2 0.41750259399414064 0.050918464660644536 0.021757221221923827 0.03587364196777344
2 0.5475179195404053 0.8767645263671876 0.02132587432861328 0.033389434814453126
2 0.3512030839920044 0.15113845825195313 0.023289585113525392 0.036373443603515625
0 0.19671061038970947 0.19209297180175783 0.012185764312744141 0.01888092041015625
0 0.07778584957122803 0.055800666809082036 0.012647485733032227 0.0198101806640625
2 0.4054126858711243 0.016144142150878907 0.020505499839782716 0.03150382995605469
0 0.510085916519165 0.7611279296875001 0.01231842041015625 0.01831451416015625
2 0.45521116256713867 0.02880649566650391 0.016708564758300782 0.02800628662109375
0 0.9563738822937011 0.010265827178955078 0.010548210144042969 0.017221908569335937
2 0.4397630214691162 0.05769603729248047 0.020676040649414064 0.029607696533203127
0 0.9651025772094727 0.016066474914550783 0.010207748413085938 0.017328567504882812
