1 0.5900720596313477 0.6009392632378473 0.05211715698242187 0.08971930609809028
1 0.8219287872314452 0.49760691324869794 0.02016868591308594 0.11321987575954862
0 0.4349362373352051 0.4508418613009983 0.011832618713378906 0.02012176513671875
0 0.14718638658523558 0.5097300211588542 0.011923789978027344 0.02014092339409722
0 0.8695051193237304 0.5633314344618056 0.013261032104492186 0.02059665256076389
0 0.8902702331542969 0.3733057657877604 0.011671638488769532 0.020948621961805556
0 0.9470630645751953 0.4447391086154514 0.012694549560546874 0.021164957682291666
0 0.8452603340148925 0.5748319837782119 0.010935401916503907 0.018758307562934028
0 0.7034393787384033 0.60166990492079 0.011400222778320312 0.01722751193576389
0 0.10206877887248993 0.3295985751681858 0.01122928261756897 0.019166734483506944
0 0.9590232849121093 0.4515547010633681 0.012273406982421875 0.02153472900390625
0 0.35982446670532225 0.7913121541341146 0.011193656921386718 0.01734856499565972
0 0.8227685928344727 0.41754082573784723 0.012482452392578124 0.018930731879340277
0 0.8120912551879883 0.578538089328342 0.012776565551757811 0.022143046061197918
0 0.9960855484008789 0.1845430162217882 0.007828903198242188 0.020154656304253473
0 0.6996527777777777 0.5826474622770919 0.011574074074074047 0.017832647462277074
0 0.45196759259259256 0.2553155006858711 0.010030864197530912 0.01886145404663924
