2 0.40712151527404783 0.9289208984375 0.025336837768554686 0.0378656005859375
2 0.32971863746643065 0.5999376678466797 0.025983142852783202 0.04185989379882813
2 0.9625664710998535 0.8305873870849609 0.028235816955566404 0.04014419555664063
2 0.0406251460313797 0.7563253784179688 0.022418612241744997 0.0363092041015625
0 0.21562614440917968 0.708411865234375 0.011142826080322266 0.018190460205078127
2 0.07862899899482727 0.8134148406982422 0.02472947835922241 0.04260894775390625
2 0.8108748435974121 0.5533039855957032 0.02695331573486328 0.042506713867187504
2 0.8215248107910156 0.5006651306152344 0.02183876037597656 0.035628662109375
2 0.650644588470459 0.8133516693115235 0.024908065795898438 0.037951049804687505
2 0.8452624320983887 0.4996843719482422 0.024785995483398438 0.03420166015625
2 0.038460147380828855 0.7955593872070313 0.023737215995788576 0.044633789062500005
2 0.8360624313354492 0.5394216918945313 0.026159667968749998 0.0435919189453125
2 0.06478633284568787 0.7683981323242188 0.02615431547164917 0.04150848388671875
1 0.7041600227355957 0.0758197021484375 0.051502990722656246 0.08976364135742188
0 0.3828629732131958 0.40433280944824224 0.01114964485168457 0.01918609619140625
2 0.05506340861320495 0.8232285308837891 0.02311375141143799 0.03909347534179688
0 0.20566139221191407 0.71758056640625 0.011336755752563477 0.019095458984375
2 0.660411262512207 0.8352233886718751 0.011502742767333984 0.0153765869140625
2 0.9418778419494629 0.8028870391845704 0.01905689239501953 0.029406890869140626
0 0.7091696739196778 0.04103012084960938 0.011879539489746094 0.016378173828125002
0 0.7735485076904297 0.9850744247436524 0.011409950256347657 0.017792434692382814
0 0.8541776657104492 0.5251205444335938 0.011673355102539062 0.019048156738281252
2 0.9367929458618164 0.7639186096191407 0.01996192932128906 0.0260601806640625
