1 0.2948740243911743 0.5547229342990452 0.04517488479614258 0.09996676974826389
2 0.6910908222198486 0.40240393744574654 0.017328929901123048 0.033880615234375
2 0.5938267707824707 0.8972652859157987 0.022109413146972658 0.03805898030598959
0 0.44490909576416016 0.6675124274359809 0.012731170654296875 0.02045932345920139
0 0.42278013229370115 0.5738411797417535 0.013186264038085937 0.021803453233506947
0 0.5683591842651368 0.7394017537434896 0.012418174743652343 0.021409437391493057
0 0.0673218846321106 0.9085386488172743 0.010843181610107422 0.018202039930555556
0 0.47368364334106444 0.6911872016059029 0.010612106323242188 0.019777425130208335
0 0.8231430053710938 0.5553659227159289 0.011231422424316406 0.018156941731770834
0 0.4524354934692383 0.6874942355685764 0.009965133666992188 0.019503614637586805
0 0.10417699813842773 0.11701032850477432 0.011009788513183594 0.017764790852864584
0 0.30747475624084475 0.8098169114854601 0.012704801559448241 0.021033732096354167
0 0.2669659040057164 0.3746839350871514 0.01075113250484101 0.013694855851386164
0 0.2559941530227661 0.37299991183810766 0.011790990829467773 0.01926913791232639
0 0.25050855780022446 0.3866753959346552 0.010346520763187428 0.01777029554807336
0 0.26953563411896747 0.3883900735752588 0.011223344556677914 0.017458535977054518
