0 0.8832584381103515 0.8025865173339845 0.012580108642578124 0.01961883544921875
0 0.7036898612976075 0.7053623962402344 0.012792396545410156 0.01992034912109375
1 0.09870593547821045 0.3354142761230469 0.0742945671081543 0.0591119384765625
0 0.6831270217895508 0.6521881866455078 0.011620903015136718 0.01783416748046875
0 0.6784178256988526 0.6883503723144532 0.01297903060913086 0.020738525390625002
0 0.766321849822998 0.4349629211425782 0.011310386657714843 0.0169512939453125
0 0.7476062774658203 0.2574420166015625 0.01218585968017578 0.019831619262695315
0 0.8942666053771973 0.10595893859863281 0.012252616882324218 0.0197369384765625
0 0.0074698194861412045 0.5461648559570312 0.013191720843315125 0.020124206542968752
0 0.6354969024658204 0.2407639312744141 0.009722328186035157 0.014550628662109375
0 0.14723045825958253 0.42370544433593754 0.011482667922973634 0.017608642578125
0 0.3682552814483643 0.9746200561523438 0.011629867553710937 0.015415344238281252
0 0.9236351013183594 0.08028182983398438 0.013721847534179687 0.020861358642578126
0 0.9597461700439452 0.9640069580078126 0.012141036987304687 0.016492004394531252
0 0.3809190273284912 0.9906417846679688 0.011256980895996093 0.0161199951171875
0 0.3797367334365845 0.9744883728027345 0.010701847076416016 0.01636322021484375
0 0.4122746467590332 0.39370117187500003 0.010340309143066407 0.015175476074218751
0 0.403073489010989 0.40041208791208793 0.010588369963369952 0.016941391941391923
0 0.41351877289377287 0.49519230769230765 0.009729853479853468 0.016941391941391923
0 0.422533195970696 0.5022893772893774 0.01058836996337001 0.0164835164835164
