0 0.45517873764038086 0.11562973022460939 0.013195610046386719 0.01920989990234375
1 0.044957366585731504 0.3982839965820313 0.04533990025520325 0.10659423828125
1 0.7205316066741944 0.07799980163574219 0.055703163146972656 0.0983910369873047
1 0.30234875679016116 0.19402717590332033 0.05296401977539062 0.041217346191406254
2 0.13899240493774415 0.5793199157714845 0.02577533721923828 0.03889312744140625
0 0.6410295486450195 0.9874231338500977 0.010853767395019531 0.015856246948242187
1 0.48821682929992677 0.5357201385498047 0.08463869094848633 0.031741180419921876
2 0.16612739562988282 0.2333838653564453 0.02999560832977295 0.04379837036132813
0 0.359419584274292 0.7582656860351563 0.011934757232666016 0.0185357666015625
0 0.04005852937698364 0.49275543212890627 0.011787790060043334 0.01745269775390625
0 0.16815285682678222 0.5319155883789063 0.010282373428344727 0.015391235351562501
0 0.17782001495361327 0.5327967834472657 0.011257266998291016 0.01662841796875
0 0.16776394844055176 0.5486749267578125 0.01059427261352539 0.017279205322265626
0 0.15995460748672485 0.27599243164062504 0.013434863090515137 0.019580078125
0 0.17720197439193724 0.545093765258789 0.01150054931640625 0.01755584716796875
0 0.3117760419845581 0.9438526916503907 0.011822938919067383 0.0195147705078125
