1 0.8461730957031249 0.2583992385864258 0.04097137451171875 0.11961883544921875
2 0.7921844482421875 0.9730564880371094 0.023772048950195312 0.0360693359375
2 0.8223281860351562 0.9480937957763672 0.0244476318359375 0.036045684814453124
2 0.8336795806884766 0.5294914245605469 0.02209930419921875 0.03487457275390625
0 0.9694095611572265 0.5925942993164063 0.012142181396484375 0.01938201904296875
0 0.8097192764282226 0.9138921356201173 0.012662124633789061 0.01934295654296875
0 0.1379840850830078 0.7951703643798829 0.011945986747741699 0.018054046630859376
2 0.22654294967651367 0.4100701904296875 0.024762678146362304 0.04007064819335938
0 0.483026647567749 0.9185829162597657 0.01205615997314453 0.01814239501953125
0 0.10476567447185516 0.29784637451171875 0.010581547021865844 0.016744918823242187
0 0.4431861877441406 0.2502360534667969 0.010344886779785156 0.015814361572265626
0 0.4520825386047363 0.24653892517089845 0.00976715087890625 0.015407257080078125
2 0.247902512550354 0.41597015380859376 0.023302125930786132 0.03947296142578125
2 0.2536159038543701 0.3763536834716797 0.01847524642944336 0.04140167236328125
0 0.44387090773809523 0.2393353174603175 0.00945560515873017 0.01339285714285713
0 0.750400641025641 0.6008158508158509 0.009105477855477773 0.016317016317016358
