1 0.5243070602416993 0.7812143961588542 0.03271417617797852 0.11312510172526043
2 0.3716170310974121 0.9261800130208334 0.024547624588012695 0.04158664279513889
0 0.12087441682815551 0.7110195583767361 0.013043880462646484 0.02407769097222222
0 0.7332468509674073 0.9307946099175347 0.012326431274414063 0.021746826171875
0 0.869113540649414 0.5967644585503472 0.012833786010742186 0.021351114908854166
0 0.23050646781921386 0.04553362528483073 0.010752010345458984 0.018061319986979168
0 0.36783766746520996 0.1756880866156684 0.01067352294921875 0.018434990776909722
2 0.6266454696655274 0.6212326049804687 0.017772865295410157 0.027752346462673612
0 0.9839847564697265 0.7070161607530382 0.013082122802734375 0.02217034233940972
0 0.3002601146697998 0.27162916395399306 0.013613414764404296 0.022032674153645834
0 0.6129196643829345 0.21177181667751738 0.011595058441162109 0.019921875000000002
2 0.630794095993042 0.6870023939344618 0.024996852874755858 0.0435150146484375
0 0.2216489791870117 0.06406813727484809 0.011264896392822266 0.019883643256293403
0 0.1965007781982422 0.9411337110731337 0.011526775360107423 0.020845879448784722
2 0.6390884399414063 0.5460606892903646 0.021477508544921874 0.03517744276258681
2 0.5589285850524902 0.05625419616699219 0.021733474731445313 0.04423862033420139
2 0.6627611637115478 0.5735640631781684 0.02212696075439453 0.03865475124782986
0 0.19943041871921185 0.3897555190658638 0.01103243021346468 0.020525451559934363
0 0.38782051282051283 0.7246303079636414 0.009920634920634915 0.015940849274182645
2 0.5924311516452074 0.5410507073597202 0.02078862660944208 0.03775234461929739
2 0.6076314377682404 0.5720473692576697 0.024365164520743932 0.045700206644412614
0 0.8743489583333334 0.836024978466839 0.011203972868217112 0.016688199827734708
0 0.8638263081395349 0.8435615848406546 0.010144137596899227 0.016688199827734708
