0 0.9650342941284179 0.09334571838378906 0.011656951904296876 0.01855133056640625
2 0.004268151521682739 0.8360774230957032 0.008536303043365478 0.028839569091796878
1 0.19891188144683838 0.2368635177612305 0.020388031005859376 0.14244277954101564
0 0.4176295280456543 0.9065279388427735 0.010801124572753906 0.014930877685546877
0 0.5639131546020508 0.07309410095214844 0.011851882934570313 0.017621612548828127
2 0.5253353118896484 0.3501738739013672 0.022323989868164064 0.0321881103515625
0 0.8211658477783202 0.27037910461425785 0.0115203857421875 0.02086212158203125
0 0.6522679805755616 0.6661080169677734 0.011260890960693359 0.017029266357421875
0 0.7328950881958007 0.10913497924804688 0.010340118408203125 0.016972351074218753
1 0.3804142083650754 0.9556572431399499 0.08104446611286686 0.054734896436149635
0 0.1694873571395874 0.929738006591797 0.011333179473876954 0.0175506591796875
0 0.7265072345733643 0.12423789978027344 0.011447620391845704 0.016743774414062502
0 0.949214744567871 0.3667486572265625 0.011496734619140626 0.01845428466796875
0 0.15055941358024688 0.5990740740740741 0.010995370370370386 0.01728395061728397
0 0.17737268518518517 0.9205246913580247 0.010995370370370357 0.013271604938271746
0 0.7217789598108747 0.09914302600472814 0.009973404255319096 0.01566193853427895
