1 0.6052461624145508 0.6149430847167969 0.055638694763183595 0.068173828125
0 0.49802608489990235 0.3359801483154297 0.012394905090332031 0.01949676513671875
1 0.7662729263305664 0.23565185546875 0.030712032318115232 0.12120101928710938
2 0.30219149589538574 0.8784043121337891 0.02181696891784668 0.033518066406250005
0 0.6280468940734864 0.5148941040039062 0.011835479736328125 0.018579101562500002
0 0.4334864139556885 0.5355828094482422 0.012851619720458984 0.01751678466796875
0 0.044879138469696045 0.6288903045654297 0.01146305799484253 0.017476501464843752
0 0.9862529754638671 0.5447915649414062 0.011553955078125 0.01767181396484375
0 0.5357647895812988 0.6009042358398438 0.010895347595214844 0.01685333251953125
2 0.9109222412109375 0.6022946929931641 0.023450088500976563 0.03457412719726563
0 0.40166525840759276 0.03467605590820313 0.010691642761230469 0.01729888916015625
1 0.9295174598693847 0.984351806640625 0.028408241271972657 0.027489929199218752
2 0.9223250389099121 0.5781544494628906 0.017576217651367188 0.02539031982421875
0 0.653456735610962 0.359616928100586 0.012548446655273438 0.020156707763671875
0 0.5078198909759521 0.5339633178710937 0.010880661010742188 0.0171197509765625
0 0.7296781539916992 0.5723143005371094 0.01252899169921875 0.017236022949218752
