2 0.5387118339538575 0.6349395751953125 0.023351573944091798 0.03525634765625
1 0.42710191011428833 0.10689048767089844 0.0683490514755249 0.07325515747070313
2 0.0603926420211792 0.8048742675781251 0.024085044860839844 0.03730712890625
0 0.7418440818786621 0.5850698852539062 0.010710334777832032 0.014564819335937501
2 0.062238097190856934 0.7765849304199219 0.015044951438903808 0.0233721923828125
2 0.08192003965377807 0.8039121246337891 0.013393688201904296 0.02494293212890625
0 0.2474050998687744 0.25302330017089847 0.009959125518798828 0.01522003173828125
0 0.255050505050505 0.2648989898989899 0.008207070707070732 0.014646464646464637
0 0.06818181818181818 0.48080808080808085 0.011994949494949487 0.018181818181818226
0 0.9744318181818181 0.2868686868686869 0.009469696969696883 0.018181818181818177
