1 0.31409683227539065 0.24402259826660158 0.0531137466430664 0.10166488647460938
1 0.7989469528198242 0.9036940002441407 0.07843265533447266 0.05366485595703125
0 0.43030180931091305 0.3451421356201172 0.012501144409179687 0.018065643310546876
0 0.4937851905822754 0.3945463562011719 0.011624717712402343 0.019291992187500002
0 0.12031947374343872 0.8915750122070313 0.012781381607055664 0.01918701171875
0 0.5057944297790528 0.19010616302490235 0.012134361267089843 0.018880538940429688
0 0.10999362468719483 0.1150075912475586 0.011949253082275391 0.01754051208496094
0 0.7797853469848632 0.5948920440673828 0.01052703857421875 0.01580474853515625
0 0.4370282173156738 0.8835279846191407 0.011910057067871094 0.01809173583984375
0 0.36853952407836915 0.5515293884277344 0.011575603485107422 0.017431640625
0 0.15767350196838378 0.3610912322998047 0.011789631843566895 0.01927978515625
0 0.5370756626129151 0.5131292724609375 0.011853790283203125 0.018532562255859378
0 0.38124420642852785 0.9411849975585939 0.011504745483398438 0.01872589111328125
0 0.8701606750488281 0.323662109375 0.015461540222167969 0.020050048828125
