2 0.5335897445678711 0.53544676038954 0.024092864990234376 0.040988159179687504
1 0.14879742860794068 0.7728345235188803 0.040036559104919434 0.09525383843315972
0 0.5690348625183106 0.6854632907443576 0.012596893310546874 0.021110026041666667
0 0.7902397155761719 0.6621297200520834 0.011406898498535156 0.020216200086805556
0 0.15843424797058106 0.026682874891493055 0.01294398307800293 0.02114037407769097
0 0.11585824489593506 0.48589952256944446 0.012970304489135743 0.021070692274305556
0 0.659110164642334 0.31002273559570315 0.012180900573730469 0.020997450086805557
0 0.896303653717041 0.6360819498697917 0.01196746826171875 0.020245022243923612
0 0.3424608945846558 0.3381135728624132 0.010165882110595704 0.01785888671875
0 0.42857971191406247 0.5245332505967882 0.012201309204101562 0.021917046440972223
0 0.9546110153198242 0.043036863538953994 0.00950164794921875 0.018490515814887153
0 0.7008368492126464 0.6485175238715278 0.0121124267578125 0.02111121283637153
0 0.728581428527832 0.962042236328125 0.011777687072753906 0.01805046929253472
0 0.9643511772155762 0.043787384033203126 0.0103851318359375 0.014432610405815973
0 0.9640325546264649 0.03307384914822049 0.009988021850585938 0.017892625596788194
0 0.6483116480793061 0.7462481068429023 0.009100061957868633 0.017898939832025357
0 0.8288607496902107 0.9014869888475837 0.010842627013630708 0.019275781357565705
0 0.7291473048327137 0.9439969709486439 0.009293680297397819 0.014112625636789219
