1 0.6211347579956055 0.5726359558105469 0.04813938140869141 0.09797088623046876
1 0.3442168474197388 0.43800430297851567 0.07613043785095215 0.04930648803710938
1 0.29864723682403566 0.048580589294433596 0.05255184173583984 0.09562355041503907
2 0.354718017578125 0.03500328063964844 0.023501777648925783 0.03672981262207031
2 0.867579460144043 0.23717517852783204 0.02616424560546875 0.04093154907226563
2 0.7569643497467041 0.3841616821289063 0.025142383575439454 0.036379394531250005
2 0.9308341979980469 0.22191726684570315 0.023336029052734374 0.0369342041015625
2 0.46570072174072263 0.01457000732421875 0.02153472900390625 0.0291400146484375
2 0.2264704704284668 0.232354736328125 0.021813297271728517 0.03519973754882813
2 0.4381197929382324 0.016882591247558594 0.020673561096191406 0.03376518249511719
0 0.9641542434692383 0.11196746826171876 0.011606979370117187 0.017716979980468752
1 0.9756694793701172 0.23377838134765627 0.048241806030273435 0.026767120361328126
2 0.16306517124176026 0.3362028503417969 0.025266027450561522 0.04166885375976563
2 0.21519913673400878 0.30773109436035156 0.02600383758544922 0.03678878784179688
2 0.6958861351013184 0.3378128814697266 0.024375438690185547 0.03206832885742188
1 0.06427181959152221 0.3023698425292969 0.0720820665359497 0.037912902832031255
2 0.6739422798156738 0.35454841613769533 0.02052135467529297 0.03792633056640625
2 0.7415282249450683 0.353836669921875 0.0236114501953125 0.03444595336914063
2 0.21150391101837157 0.21558113098144532 0.021847009658813477 0.036650390625
2 0.6961182117462158 0.3691139221191406 0.020563602447509766 0.027241973876953127
2 0.191539990901947 0.24596134185791016 0.017152047157287596 0.03269462585449219
2 0.3987323522567749 0.01537630081176758 0.02281813621520996 0.026461372375488283
1 0.1441248893737793 0.2756489944458008 0.07551004886627197 0.026699981689453128
2 0.39222280979156493 0.04380962371826172 0.011550807952880859 0.02034271240234375
2 0.18912304639816285 0.30868808746337895 0.021027445793151855 0.039539794921875
0 0.0059289313852787014 0.7253539276123048 0.011752787232398986 0.033519592285156254
2 0.4888766288757324 0.011496353149414064 0.018758392333984374 0.022992706298828127
2 0.21086037158966064 0.2801519012451172 0.026923751831054686 0.029226074218750002
