0 0.6896056652069091 0.9108984375000001 0.012148666381835937 0.0195269775390625
1 0.11128515899181365 0.9530004882812501 0.07391768097877502 0.061198730468750004
0 0.8192662239074707 0.8373184204101562 0.012259864807128906 0.0179022216796875
0 0.6644230842590332 0.6303892517089844 0.011766624450683594 0.0180621337890625
1 0.5031840801239014 0.6276924133300782 0.06106634140014648 0.06457611083984376
1 0.31536016464233396 0.5801461791992187 0.045800399780273435 0.0697882080078125
0 0.3930244207382202 0.395230712890625 0.012046289443969727 0.0195458984375
2 0.5784666061401367 0.5450184631347657 0.023002052307128908 0.03726959228515625
0 0.22298414707183836 0.23043434143066407 0.011678552627563477 0.017022399902343752
0 0.7076537132263183 0.4877197265625 0.01054849624633789 0.015989227294921877
1 0.3243426322937012 0.9140564727783204 0.04773645401000977 0.11352783203125001
0 0.8110198974609375 0.601106185913086 0.011999130249023438 0.0180303955078125
2 0.5665711402893067 0.5183708953857422 0.021357917785644533 0.02380645751953125
0 0.1488825798034668 0.9487738037109376 0.011463308334350586 0.018350524902343752
0 0.2758505821228027 0.3816868591308594 0.012323570251464844 0.01855377197265625
0 0.10678260326385498 0.8457826232910157 0.012190771102905274 0.019533843994140626
0 0.7846128463745117 0.788472137451172 0.010828399658203125 0.01724578857421875
1 0.2960205078125 0.8523724365234375 0.02547311782836914 0.11040039062500001
1 0.9296901702880859 0.03360210418701172 0.07302818298339844 0.04790016174316407
1 0.9570672988891601 0.016564369201660156 0.028120040893554688 0.03312873840332031
0 0.34392008781433103 0.971707992553711 0.013202285766601563 0.013671417236328125
