1 0.8243549346923827 0.7992236328125001 0.05805625915527344 0.10714324951171876
1 0.09748188853263855 0.8569275665283204 0.04128397703170776 0.10445602416992188
2 0.13919541835784913 0.7116748046875 0.026148676872253418 0.037799072265625004
1 0.22292540073394776 0.5399977111816406 0.03212409019470215 0.11779876708984376
0 0.25378828048706054 0.2981584167480469 0.01283140182495117 0.020833282470703127
1 0.3042277812957764 0.06737182617187501 0.033480167388916016 0.10202728271484375
0 0.05713952779769897 0.4555754089355469 0.012525606155395507 0.02015960693359375
0 0.3657642364501953 0.9479094696044923 0.011131668090820312 0.017644653320312502
0 0.304868745803833 0.5858039093017579 0.011192607879638671 0.01738739013671875
0 0.1845969080924988 0.5697296142578125 0.012484478950500488 0.01803619384765625
0 0.5299298286437988 0.5827218627929688 0.013246917724609375 0.0204608154296875
0 0.7576284408569336 0.43743301391601563 0.012042808532714843 0.01979034423828125
0 0.22668123245239258 0.3865782165527344 0.011160564422607423 0.01774078369140625
0 0.81937255859375 0.4735929870605469 0.010403633117675781 0.0162274169921875
0 0.9901291847229003 0.6286622619628907 0.01303272247314453 0.019755096435546876
0 0.1239646315574646 0.7753610992431641 0.012488174438476562 0.01772308349609375
0 0.017166674509644507 0.5881149291992188 0.013077282160520553 0.018998718261718752
0 0.3289862871170044 0.5785930633544922 0.011288261413574219 0.018991546630859377
0 0.09027993679046631 0.6981806945800781 0.011884450912475586 0.01787994384765625
0 0.31434998512268064 0.9889088439941407 0.010884666442871093 0.016282348632812502
0 0.6243600845336914 0.8751707458496094 0.012438201904296875 0.018484344482421877
0 0.2493340253829956 0.6132264709472657 0.012543201446533203 0.018299865722656253
0 0.8883296966552734 0.8081257629394532 0.012039566040039062 0.018631439208984375
2 0.9926692962646484 0.3465896797180176 0.014661407470703125 0.040417137145996096
0 0.7117963790893554 0.33377891540527344 0.01207284927368164 0.018598785400390627
0 0.033431333303451535 0.5780914306640625 0.013395559787750243 0.019358673095703126
0 0.5257562160491943 0.9549409484863282 0.012063217163085938 0.01794281005859375
1 0.35615129470825196 0.11132881164550781 0.07424983978271485 0.03604408264160156
0 0.3831076145172119 0.4021746063232422 0.012528705596923827 0.020502471923828126
0 0.7423199653625489 0.30886779785156254 0.005827522277832032 0.009059600830078125
0 0.4495259831460674 0.9573970037453183 0.010826310861423256 0.016853932584269652
0 0.6868270131086142 0.5044475655430711 0.010826310861423138 0.015449438202247166
