1 0.15025925636291504 0.7467900594075522 0.06862916946411132 0.07820281982421876
2 0.6715359687805176 0.1950997246636285 0.023337650299072265 0.039215003119574654
0 0.789365005493164 0.9767464531792535 0.011209774017333984 0.0180572509765625
0 0.3186493873596191 0.5741444905598958 0.011380195617675781 0.01924692789713542
0 0.17107048034667968 0.0664748297797309 0.012255454063415527 0.020175764295789933
0 0.6335389137268066 0.11558439466688368 0.011214065551757812 0.01907992892795139
0 0.5684731006622314 0.3239680820041233 0.0121063232421875 0.021103922526041666
0 0.23111767768859862 0.45822736952039933 0.011464786529541016 0.02025146484375
0 0.4682618618011474 0.1542513953314887 0.010776901245117187 0.01743070814344618
0 0.803801441192627 0.6911249796549479 0.007926559448242188 0.014188300238715278
0 0.5474514484405517 0.006278610229492188 0.009358978271484375 0.012557220458984376
0 0.7134684562683106 0.8950585259331597 0.01276569366455078 0.02037624782986111
