1 0.20966315269470215 0.484934319390191 0.021512365341186522 0.16890462239583334
0 0.1414581298828125 0.9125868055555556 0.012022638320922851 0.02049899631076389
0 0.6298707008361817 0.6191063774956598 0.011562156677246093 0.020163981119791667
0 0.7283023834228516 0.8429753621419271 0.011957931518554687 0.019986640082465278
0 0.36616203784942625 0.25954873826768665 0.012006235122680665 0.020125325520833334
0 0.425825023651123 0.9839681837293838 0.012639236450195311 0.021495903862847224
0 0.02779317423701286 0.8625684950086806 0.010754741728305817 0.01802707248263889
0 0.020603296160697938 0.7455459594726562 0.013019496202468872 0.022226630316840277
0 0.23743882179260253 0.9260228474934896 0.011763477325439453 0.018543497721354166
0 0.31827101707458494 0.8027631971571181 0.0116546630859375 0.017470974392361113
0 0.16785993576049804 0.8367373996310764 0.00991072654724121 0.0187042236328125
0 0.31545729637145997 0.7850362141927084 0.009817028045654297 0.017669338650173613
0 0.17141227722167968 0.8195972018771702 0.011911773681640625 0.019710286458333334
0 0.17898697385600967 0.8337202309003844 0.009673111111510035 0.01611073645631212
0 0.17558976715686275 0.8538602941176471 0.01225490196078433 0.020084422657952013
0 0.8553080394626363 0.2542914450974905 0.009577036104114119 0.01795876481015018
