1 0.35928142070770264 0.42370766533745663 0.04761967658996582 0.05142601860894097
2 0.5614649772644043 0.15508685641818576 0.023227596282958986 0.045336744520399305
2 0.9280338287353516 0.7176222059461805 0.02567920684814453 0.03958197699652778
0 0.32025196552276614 0.9087877061631945 0.012760114669799804 0.021106974283854166
0 0.01997694969177246 0.3149076673719618 0.014586091041564941 0.02143775092230903
2 0.9120462417602538 0.752115461561415 0.01929817199707031 0.03471747504340278
2 0.9184185028076172 0.4814451429578993 0.029921340942382812 0.048547024197048615
0 0.3178394317626953 0.6354163275824654 0.011634159088134765 0.020855373806423612
0 0.970347785949707 0.4135597229003906 0.013476943969726563 0.020785861545138888
0 0.04606263339519501 0.3775214301215278 0.010741692781448365 0.020886060926649307
0 0.14610202312469484 0.7899014790852865 0.014027595520019531 0.022800869411892362
0 0.0366576611995697 0.38818071153428824 0.009845101833343506 0.016251458062065974
0 0.46881685256958006 0.7844585842556424 0.00846099853515625 0.018273247612847224
0 0.49977742165242156 0.18498733776511556 0.008235398860398865 0.015432098765432117
