1 0.8815320014953613 0.4029247283935547 0.05247669219970703 0.09411163330078126
1 0.5477469293109742 0.8537015466756755 0.06562789125598117 0.07231718636892898
2 0.439909553527832 0.40410369873046875 0.023499298095703124 0.037577819824218754
0 0.40758171081542965 0.9511654663085938 0.011668014526367187 0.01799835205078125
0 0.4112126350402832 0.7439271545410157 0.012172126770019531 0.0187420654296875
1 0.32535972595214846 0.7640760803222657 0.020739173889160155 0.11951263427734375
0 0.5469162940979004 0.9634249877929688 0.012679100036621094 0.01802001953125
0 0.8283716201782226 0.34263916015625 0.01209716796875 0.02010650634765625
0 0.2970959901809692 0.43000488281250004 0.012630987167358398 0.018213653564453126
1 0.6258630731444814 0.717496445929254 0.07981472437754107 0.03353857667296088
0 0.5280309677124023 0.589029541015625 0.0103302001953125 0.01614715576171875
0 0.12685751748251747 0.7954545454545455 0.009105477855477847 0.015151515151515109
0 0.13541666666666666 0.7995337995337997 0.010198135198135195 0.016317016317016358
0 0.7416593822843822 0.0882867132867133 0.010562354312354335 0.0168997668997669
0 0.587958916083916 0.14160839160839161 0.010562354312354335 0.016317016317016337
