1 0.80625 0.4532407407407408 0.036458333333333336 0.12685185185185185
0 0.15546875 0.03333333333333333 0.011979166666666666 0.020370370370370372
0 0.209375 0.34814814814814815 0.010416666666666666 0.020370370370370372
0 0.11901041666666666 0.4236111111111111 0.013020833333333334 0.019444444444444445
0 0.1734375 0.6814814814814815 0.009375 0.018518518518518517
0 0.3375 0.6851851851851852 0.013541666666666667 0.022222222222222223
0 0.3067708333333333 0.009722222222222222 0.0125 0.017592592592592594
0 0.44609375 0.11203703703703705 0.011979166666666666 0.020370370370370372
0 0.4888020833333333 0.09583333333333334 0.01614583333333333 0.02314814814814815
0 0.6151041666666667 0.2601851851851852 0.013541666666666667 0.022222222222222223
0 0.47109375 0.4462962962962963 0.011979166666666666 0.022222222222222223
0 0.56328125 0.5472222222222223 0.0109375 0.018518518518518517
0 0.5734375 0.5537037037037037 0.011458333333333333 0.022222222222222223
0 0.7010416666666667 0.6037037037037037 0.0125 0.018518518518518517
0 0.7161458333333334 0.37592592592592594 0.0125 0.024074074074074074
0 0.8002604166666667 0.15416666666666667 0.011979166666666666 0.019444444444444445
