1 0.6627371788024903 0.1530126953125 0.08908653259277344 0.06043853759765625
2 0.4323451995849609 0.24684673309326174 0.024045372009277345 0.03709022521972657
2 0.5734470367431641 0.22187721252441409 0.023108863830566408 0.03739334106445313
2 0.10629096329212188 0.6880091857910157 0.023823493719100954 0.03916091918945313
0 0.017128994688391685 0.7169367980957032 0.011771828681230546 0.018296508789062502
0 0.847209358215332 0.6017774200439453 0.012074661254882813 0.018578948974609377
0 0.5769865989685059 0.6359576416015625 0.01025857925415039 0.015791015625
0 0.11113858222961426 0.06813659667968751 0.011902642250061036 0.017783203125
0 0.14748239517211914 0.7642341613769532 0.012482166290283203 0.019134368896484375
0 0.13478188514709472 0.7535476684570312 0.010868287086486817 0.017113037109375
0 0.16845991611480712 0.8023086547851563 0.012452936172485352 0.019129180908203126
0 0.11057929992675782 0.7483113861083985 0.011005353927612305 0.01627716064453125
0 0.11523385047912597 0.763478012084961 0.01086728572845459 0.016477508544921877
0 0.04523026315789473 0.8789160401002506 0.008615288220551376 0.013471177944862234
0 0.12345316416040099 0.7595551378446115 0.009202694235588962 0.015350877192982467
