2 0.6076647758483886 0.14947882758246528 0.02577667236328125 0.04010382758246528
1 0.08780720829963684 0.803826904296875 0.035622584819793704 0.09405483669704862
2 0.11381647586822509 0.8742367214626736 0.023645877838134766 0.04347466362847222
2 0.648692512512207 0.48139546712239584 0.02280149459838867 0.04110344780815972
2 0.46833486557006837 0.4869333902994792 0.024295806884765625 0.045653279622395834
0 0.24853768348693847 0.5818347507052951 0.011968708038330078 0.019884914822048613
2 0.03952429890632629 0.5395427280002171 0.02273505926132202 0.03702494303385417
2 0.5185702323913575 0.17774564954969618 0.021203041076660156 0.03113750881618924
0 0.8873136520385742 0.04115609063042535 0.012038040161132812 0.01847076416015625
0 0.23654656410217284 0.3009168836805556 0.009577178955078125 0.015095011393229166
0 0.6647779304029304 0.05560643060643065 0.012019230769230779 0.020858770858770866
