0 0.2946460247039795 0.3943023681640625 0.011724233627319336 0.018596038818359376
0 0.1279700517654419 0.6712071228027344 0.011230802536010743 0.018768157958984375
0 0.04188702404499054 0.09031524658203126 0.011795812845230102 0.018289566040039062
0 0.256684398651123 0.3553094482421875 0.011098623275756836 0.017287750244140625
0 0.31735825538635254 0.8238270568847657 0.012269735336303711 0.018838653564453127
0 0.7411331176757813 0.32926818847656253 0.012031745910644532 0.018674774169921877
1 0.7891572952270508 0.3289566802978516 0.021782684326171874 0.12139755249023439
0 0.6281445503234864 0.05343849182128907 0.011637592315673828 0.0188104248046875
0 0.4419085502624512 0.5705030822753907 0.010271263122558594 0.016700286865234375
0 0.0468004584312439 0.27407722473144536 0.01180732250213623 0.018640136718750002
0 0.9216606140136718 0.949204330444336 0.012523651123046875 0.018335723876953126
0 0.2667612791061401 0.08733478546142578 0.01125473976135254 0.01719512939453125
0 0.04567141532897949 0.894766082763672 0.01185150146484375 0.0171929931640625
0 0.7479208946228028 0.11706527709960939 0.010767936706542969 0.016408691406250002
0 0.30291247367858887 0.30928619384765627 0.00959634780883789 0.015958786010742188
0 0.06233621835708618 0.32260330200195314 0.011744236946105957 0.018522186279296877
0 0.1727983236312866 0.7874256896972657 0.010694551467895507 0.01557861328125
0 0.7015143394470215 0.24915596008300783 0.011818313598632812 0.016942596435546877
0 0.6890923500061035 0.2518939971923828 0.011907958984375 0.018853912353515627
0 0.27774643898010254 0.15245994567871093 0.01170492172241211 0.01995025634765625
0 0.6242035865783692 0.8566995239257813 0.012455940246582031 0.017777709960937502
0 0.046754539012908936 0.2948781204223633 0.011785733699798583 0.01807792663574219
0 0.2319572925567627 0.4021339416503906 0.011345720291137696 0.0183026123046875
0 0.06709725260734559 0.3017917251586914 0.011407065391540527 0.019521713256835938
0 0.9723630905151367 0.5668490600585938 0.011171722412109375 0.017247467041015627
1 0.17725294828414917 0.14865695953369143 0.08486707210540771 0.027735595703125
2 0.6014196395874023 0.08467731475830079 0.021327781677246093 0.03824371337890625
0 0.6374267578125 0.8375373840332032 0.012445163726806641 0.01837158203125
0 0.6531697750091553 0.6181253051757812 0.010963249206542968 0.017731628417968753
0 0.31195755004882814 0.32279792785644534 0.010785865783691406 0.016529083251953125
0 0.6573111057281494 0.090316162109375 0.010972118377685547 0.016739349365234375
0 0.8456552505493163 0.4672034454345703 0.00995330810546875 0.015732879638671877
0 0.6861154556274414 0.2702561950683594 0.011811351776123047 0.014675750732421876
0 0.2622750043869019 0.12341045379638672 0.011215782165527344 0.0161505126953125
0 0.4938963890075683 0.18551895141601563 0.011551666259765624 0.0182720947265625
0 0.8705296516418457 0.14041992187500002 0.012493133544921875 0.021459503173828127
0 0.9262434005737304 0.9690303802490235 0.011124610900878906 0.017277069091796875
0 0.41995792388916015 0.8380874633789063 0.010991573333740234 0.01705902099609375
0 0.2935600280761719 0.6337319946289063 0.012277889251708984 0.01792083740234375
0 0.6695467948913574 0.08778148651123048 0.010976028442382813 0.016858978271484377
0 0.6617093086242676 0.4329015350341797 0.010480690002441406 0.016922607421875
0 0.3136752128601074 0.30757270812988285 0.012123489379882812 0.01567413330078125
0 0.17566287878787878 0.1800699300699301 0.009833916083916084 0.01748251748251749
0 0.07440476190476189 0.3167220376522702 0.010035991140642317 0.016057585825027684
0 0.6448282163742689 0.08589181286549707 0.00959429824561404 0.014619883040935663
0 0.6474552266081872 0.10398391812865496 0.0107364766081871 0.017178362573099407
