0 0.5790214538574219 0.704005126953125 0.012093257904052735 0.018136596679687502
2 0.581995677947998 0.4648701477050782 0.026296424865722656 0.04193817138671875
0 0.9230033874511718 0.3038358306884766 0.01223602294921875 0.019037628173828126
1 0.531397533416748 0.36936292648315433 0.02056713104248047 0.13147342681884766
0 0.703006649017334 0.398145751953125 0.011629676818847657 0.0178759765625
2 0.45357303619384765 0.9669338989257813 0.02883014678955078 0.037196655273437504
0 0.8761442184448242 0.03310375213623047 0.012235641479492188 0.020164566040039064
0 0.08697129487991333 0.03441562652587891 0.011489009857177735 0.01802764892578125
0 0.3161290407180786 0.881649169921875 0.01063532829284668 0.01547027587890625
0 0.16989343166351317 0.9357649230957031 0.011269855499267577 0.015478515625000001
0 0.18109586238861083 0.9359159851074219 0.011226129531860352 0.0177117919921875
0 0.7180562019348145 0.9754492950439454 0.011688613891601562 0.017619171142578126
0 0.8652740478515625 0.023022499084472656 0.011042022705078125 0.017348709106445315
0 0.7189618110656738 0.9921232604980469 0.010849952697753906 0.015390625000000002
0 0.7101332187652588 0.9749010467529298 0.013258075714111328 0.019439849853515625
0 0.18774633407592772 0.961829071044922 0.009640169143676759 0.0138543701171875
0 0.6843914985656738 0.9866784667968751 0.010820770263671875 0.01981353759765625
0 0.6739505012531328 0.9909147869674185 0.007832080200501204 0.014411027568922161
