2 0.10201206505298614 0.8128653717041017 0.021840566396713258 0.037952423095703125
2 0.7410479545593261 0.662417221069336 0.028482437133789062 0.041316223144531254
2 0.07888896465301513 0.09223274230957032 0.028469181060791014 0.04005889892578125
2 0.5469298839569092 0.4997959899902344 0.02358875274658203 0.0378497314453125
0 0.5063621520996093 0.22479248046875003 0.01116771697998047 0.01752838134765625
0 0.9016159057617187 0.3425973701477051 0.011694908142089844 0.018038291931152344
0 0.7227097511291504 0.41138816833496095 0.011078643798828124 0.015931091308593753
0 0.6865198135375976 0.06878532409667969 0.013313674926757812 0.019768753051757813
0 0.5442450046539307 0.7313012695312501 0.012778091430664062 0.0172882080078125
0 0.701344347000122 0.08244583129882813 0.013426113128662109 0.018853454589843752
0 0.5288052721088435 0.5204081632653061 0.010629251700680343 0.01615646258503394
