0 0.06583532094955444 0.05302024841308594 0.012995362281799316 0.01966064453125
0 0.5788763999938965 0.3934385681152344 0.012238121032714844 0.019112243652343753
0 0.901220703125 0.13581504821777346 0.014002227783203125 0.020714721679687503
1 0.876461124420166 0.6429574584960938 0.0776021957397461 0.033160095214843754
1 0.3894988536834717 0.6002896881103515 0.0804330825805664 0.040253906250000006
0 0.6601226806640625 0.5549964904785156 0.010099029541015625 0.01616180419921875
2 0.516351842880249 0.7830728149414063 0.02068634033203125 0.03642059326171875
0 0.3993058204650879 0.495091781616211 0.012232780456542969 0.018022613525390627
0 0.9384546279907227 0.381072998046875 0.012176132202148438 0.019429321289062502
0 0.4264967441558838 0.5185229492187501 0.011554431915283204 0.018529052734375002
0 0.5757694244384766 0.8164697265625 0.012013816833496093 0.017630615234375
0 0.9591909408569336 0.941815185546875 0.011077117919921876 0.018178100585937502
