1 0.2310112476348877 0.7731692504882813 0.04968080520629883 0.08991180419921875
1 0.8088161706924438 0.8582245635986329 0.059293699264526364 0.09674850463867188
0 0.9599468231201171 0.9547631072998047 0.012711334228515624 0.019188385009765625
1 0.10172668695449828 0.5648873138427735 0.06895103454589843 0.05437637329101563
2 0.6646651268005371 0.9120243835449219 0.021005821228027344 0.03653533935546875
1 0.5636103630065918 0.30927085876464844 0.07576770782470703 0.033023529052734375
1 0.6522073745727539 0.33656494140625004 0.03951454162597656 0.118330078125
2 0.4473729133605957 0.9194454193115235 0.02352294921875 0.033105773925781255
0 0.6270474433898926 0.21221954345703126 0.0106231689453125 0.01725341796875
2 0.6874785423278809 0.9119622802734375 0.02351226806640625 0.03866378784179688
2 0.9832341194152832 0.5743318176269532 0.02400970458984375 0.033143615722656256
2 0.953615665435791 0.7322438049316407 0.01998558044433594 0.04049560546875
2 0.9148964881896973 0.7126113891601563 0.023624992370605467 0.03402374267578125
2 0.028012189269065856 0.9179605102539063 0.025127792358398435 0.03582855224609375
2 0.9456602096557617 0.7714962768554688 0.019592857360839842 0.035861663818359375
2 0.9367258071899414 0.683402328491211 0.023229598999023438 0.038195953369140626
0 0.09789035320281983 0.5243357849121094 0.011406373977661134 0.015580291748046876
2 0.0772472858428955 0.849620361328125 0.029912972450256346 0.043955993652343754
2 0.9383169174194336 0.6031936645507813 0.0245880126953125 0.03800277709960938
2 0.9655447959899902 0.7731547546386719 0.022399139404296876 0.0342266845703125
2 0.011325046420097351 0.8916612243652344 0.02221045792102814 0.03299346923828125
2 0.9609749794006347 0.6730331420898438 0.024226951599121093 0.037241516113281255
2 0.9557413101196289 0.6361978149414063 0.02398204803466797 0.03529556274414063
2 0.9679008483886719 0.5968547058105469 0.021581649780273438 0.03529144287109375
2 0.9859412193298339 0.6561344909667969 0.024733543395996094 0.040316467285156254
2 0.9308969497680664 0.7481892395019532 0.024951744079589843 0.03965545654296875
2 0.9891704559326172 0.6090568542480469 0.02043914794921875 0.032913818359375
1 0.5376551628112793 0.05512580871582032 0.022133255004882814 0.07991455078125001
1 0.9778410911560058 0.8107987976074219 0.043777847290039064 0.03420318603515625
2 0.04838923215866089 0.8425971221923829 0.0227500319480896 0.03685043334960938
2 0.017617088556289674 0.823287811279297 0.025046968460083006 0.03299041748046875
2 0.009416221082210541 0.8574256896972656 0.018832442164421082 0.03560577392578125
1 0.8916948318481445 0.86240234375 0.03510017395019531 0.08662078857421876
2 0.9718071937561035 0.7376473999023438 0.021288490295410155 0.03648223876953125
1 0.19864659309387206 0.6018505859375001 0.06100020408630371 0.04349624633789063
2 0.030950986593961716 0.8706686401367189 0.021912361681461334 0.045390930175781254
2 0.9930047988891602 0.6927481079101563 0.013983154296875 0.0367132568359375
2 0.991473388671875 0.7472531890869141 0.01567668914794922 0.030820770263671877
2 0.039341050386428836 0.8888967895507813 0.027799975872039796 0.036734619140625
2 0.007101376354694366 0.7902061462402344 0.014165392518043518 0.032264404296875
0 0.4453142166137695 0.1710253143310547 0.011741828918457032 0.014954681396484376
