1 0.09476115703582763 0.519167709350586 0.07564041614532471 0.05187759399414063
1 0.6378575325012207 0.1934989929199219 0.0195648193359375 0.13543197631835938
0 0.8723170280456543 0.9635961914062501 0.012702369689941406 0.018756103515625
0 0.20572524070739745 0.8226550292968751 0.012597274780273436 0.0179046630859375
0 0.3205394744873047 0.12514610290527345 0.012701416015625 0.019917297363281253
0 0.8655433654785156 0.6168805694580078 0.011487197875976563 0.0175860595703125
0 0.1903585433959961 0.15269573211669923 0.011174726486206054 0.018661651611328125
0 0.4538876056671142 0.5941522216796875 0.010966300964355469 0.016942901611328127
0 0.5872388362884522 0.6048611450195313 0.013518714904785156 0.020591278076171875
0 0.08289233446121216 0.40797271728515627 0.01002507209777832 0.01570831298828125
0 0.902886962890625 0.6069685363769531 0.011002159118652344 0.017529602050781252
0 0.8832906723022461 0.6872087097167969 0.011671829223632812 0.0159906005859375
0 0.5727090835571289 0.5851789093017579 0.011142921447753907 0.0167791748046875
0 0.5815646171569824 0.5826441955566407 0.0101837158203125 0.018567810058593752
0 0.6773174157303371 0.840121722846442 0.009948501872659084 0.02013108614232209
