0 0.769350242614746 0.42366324530707467 0.012736511230468749 0.021034749348958333
2 0.5310944080352783 0.3176207224527995 0.02347221374511719 0.04047487046983507
2 0.5856280326843262 0.6239359537760417 0.026791191101074217 0.03650919596354167
0 0.10385814011096954 0.8411117553710937 0.012268012762069702 0.019674004448784723
2 0.6164546966552734 0.5230092366536458 0.024874401092529298 0.0423066880967882
2 0.616313123703003 0.7482904222276476 0.024939346313476562 0.04165225558810764
2 0.4958364486694336 0.9615486992730035 0.025130081176757812 0.04130181206597222
2 0.4152687072753906 0.3338134765625 0.02591257095336914 0.03889736599392361
2 0.5502421379089355 0.33029395209418405 0.01870307922363281 0.03460150824652778
2 0.6604080200195312 0.6800738016764323 0.022751045227050782 0.04190690782335069
0 0.2714056491851807 0.14895833333333333 0.012223339080810547 0.019713846842447917
2 0.5353354454040528 0.9319978502061632 0.022667503356933592 0.03724839952256945
2 0.6383245944976806 0.7306615193684897 0.021499252319335936 0.038250901963975695
2 0.5102238655090332 0.909559800889757 0.02254829406738281 0.03927239312065972
0 0.2670338869094849 0.12815221150716147 0.01189560890197754 0.019954935709635416
2 0.5307752609252929 0.8938348558213977 0.022730445861816405 0.03886176215277778
2 0.6587630271911621 0.5398594326443142 0.020093536376953124 0.03318227132161458
0 0.2590191841125488 0.11795683966742622 0.011312484741210938 0.018619791666666666
0 0.6346390724182129 0.2996994018554688 0.011785888671875 0.020092942979600695
2 0.42896156311035155 0.29408446417914497 0.020380401611328126 0.044296349419487846
2 0.6392062187194825 0.6886621263292101 0.02127208709716797 0.03696475558810764
2 0.4138447284698486 0.2873758951822917 0.024041271209716795 0.055230204264322916
2 0.6160568714141845 0.5663638644748265 0.026778602600097654 0.044696044921875004
2 0.6511847527472527 0.6126882376882377 0.021462912087912046 0.044261294261294194
