1 0.2934891223907471 0.2666720199584961 0.048653793334960935 0.05873565673828125
2 0.030440234392881394 0.15915550231933595 0.023695267736911774 0.03757110595703125
1 0.2608951568603516 0.4566918182373047 0.023061847686767577 0.11140975952148438
0 0.10526010990142821 0.01255218505859375 0.011197495460510253 0.019509658813476563
2 0.9950382232666015 0.7093358612060547 0.009923553466796875 0.042689514160156254
0 0.35478413105010986 0.4499905395507813 0.010682106018066406 0.01650299072265625
0 0.41370468139648436 0.407249755859375 0.012256813049316407 0.0163720703125
0 0.4211594581604004 0.4217037963867188 0.011659049987792968 0.01785919189453125
0 0.4614880084991455 0.06707626342773437 0.011279773712158204 0.0175177001953125
0 0.9345621109008789 0.36653038024902346 0.010350418090820313 0.015294952392578127
0 0.3275297619047619 0.06095238095238095 0.012202380952380961 0.017142857142857147
