0 0.16901041666666666 0.8662037037037037 0.011979166666666666 0.021296296296296296
0 0.12682291666666667 0.7023148148148148 0.011979166666666666 0.01388888888888889
0 0.6111979166666667 0.7958333333333334 0.011979166666666666 0.019444444444444445
0 0.621875 0.788888888888889 0.011458333333333333 0.018518518518518517
0 0.765625 0.674074074074074 0.0125 0.020370370370370372
0 0.6302083333333334 0.14074074074074075 0.011458333333333333 0.022222222222222223
0 0.6372395833333333 0.32222222222222224 0.009895833333333333 0.020370370370370372
0 0.6473958333333333 0.3212962962962963 0.0125 0.022222222222222223
0 0.9705729166666667 0.6513888888888889 0.011979166666666666 0.025
1 0.6122395833333333 0.6666666666666667 0.043229166666666666 0.06851851851851852
