1 0.9162619590759277 0.7574946594238282 0.04467926025390625 0.09610733032226564
1 0.47393198013305665 0.892060546875 0.06527652740478515 0.061335601806640626
0 0.4161795616149902 0.29508438110351565 0.012381458282470703 0.018633880615234376
0 0.2457775592803955 0.9710163116455078 0.01241598129272461 0.018546905517578125
0 0.4551800727844238 0.765135726928711 0.010633277893066406 0.016287841796875
0 0.757682991027832 0.8292620086669923 0.010644245147705077 0.016183624267578127
0 0.057150983810424806 0.8160588073730469 0.010268306732177735 0.015683898925781252
0 0.6187684059143066 0.7612786865234376 0.012417221069335937 0.01895416259765625
0 0.43341455459594724 0.8705634307861329 0.011725234985351562 0.017802886962890625
0 0.8371803283691406 0.24609043121337892 0.009366989135742188 0.01484649658203125
0 0.8224587912087912 0.7413003663003663 0.011446886446886495 0.017399267399267445
