1 0.8090961217880249 0.7250676727294922 0.07552571296691894 0.09344650268554688
0 0.04555264115333557 0.9100314331054689 0.012692558765411376 0.0195489501953125
0 0.916074275970459 0.3864427185058594 0.012703895568847656 0.019013366699218753
1 0.9829193115234375 0.1329647445678711 0.03375053405761719 0.10038604736328126
0 0.8323223114013671 0.8163131713867188 0.011424636840820313 0.01793975830078125
0 0.12866241931915284 0.40717956542968753 0.010892772674560547 0.016373291015625
0 0.9922435760498046 0.4249687957763672 0.0121368408203125 0.01818328857421875
0 0.6334969520568847 0.5784060668945313 0.011924552917480468 0.01843902587890625
0 0.6099200248718262 0.504668197631836 0.01212902069091797 0.018615875244140625
0 0.05316498428583145 0.4267912292480469 0.011339041590690612 0.017228698730468752
0 0.9059318542480469 0.68596923828125 0.010574722290039062 0.01487640380859375
0 0.8208950042724609 0.5712904357910157 0.012755203247070312 0.01866424560546875
0 0.5876301765441895 0.5198707580566406 0.010690689086914062 0.016385650634765627
0 0.9189763069152832 0.2744930267333985 0.011471939086914063 0.016632843017578128
0 0.3046872615814209 0.5463864135742188 0.01237955093383789 0.0180322265625
0 0.5653172016143799 0.4149711608886719 0.012303733825683593 0.02007598876953125
0 0.281949520111084 0.7266123962402344 0.011183738708496094 0.01727203369140625
0 0.13733394145965577 0.5261335754394532 0.011203718185424805 0.01822998046875
0 0.17948312759399415 0.8736296844482423 0.009916257858276368 0.015249176025390627
0 0.8157915115356446 0.06443546295166017 0.012366104125976562 0.0180279541015625
0 0.2474816083908081 0.5035397338867188 0.011889219284057617 0.0176043701171875
1 0.4369344234466553 0.8463516998291016 0.017294597625732423 0.13038619995117187
0 0.9031953811645508 0.7045472717285157 0.010631942749023437 0.015778350830078124
0 0.23171701431274414 0.8209396362304688 0.012714195251464843 0.019913330078125003
0 0.13615553379058837 0.8163394165039063 0.011248540878295899 0.017361907958984377
0 0.8940826416015625 0.6904336547851563 0.010598564147949218 0.0158221435546875
0 0.3871083498001099 0.6066928863525392 0.011724185943603516 0.01876007080078125
0 0.37654216289520265 0.12265247344970703 0.011037397384643554 0.01739410400390625
0 0.10492794215679169 0.09521492004394531 0.010277801752090454 0.016857757568359374
0 0.7517024517059326 0.8469641113281251 0.01087808609008789 0.01627777099609375
0 0.2417137384414673 0.8807435607910157 0.010975360870361328 0.016392364501953124
0 0.3204526424407959 0.6818522644042969 0.012095069885253907 0.01775726318359375
0 0.8363014221191406 0.5763719177246094 0.012679672241210938 0.0178302001953125
2 0.434291934967041 0.4235665130615235 0.01974639892578125 0.029316558837890628
0 0.4384963035583496 0.09340599060058595 0.011196517944335937 0.01717315673828125
0 0.17970776557922363 0.46099060058593755 0.011440372467041016 0.019063415527343752
0 0.996464729309082 0.4647874450683594 0.0070705413818359375 0.0159521484375
0 0.7452032089233398 0.8627706909179688 0.010717964172363282 0.01615203857421875
0 0.5603762149810791 0.008182449340820313 0.009486579895019531 0.013643112182617188
0 0.10126240253448486 0.06649852752685548 0.01107027530670166 0.01577720642089844
0 0.31916141510009766 0.007161884307861329 0.01137852668762207 0.014323768615722657
0 0.1607053279876709 0.3296450424194336 0.010896539688110352 0.016683807373046877
0 0.9705733299255371 0.9897828674316407 0.010795211791992188 0.0162884521484375
0 0.4454425811767578 0.4542935180664063 0.010767745971679687 0.01666900634765625
0 0.6904120445251465 0.5087092590332032 0.010068130493164063 0.01641448974609375
0 0.065231192111969 0.09314727783203125 0.011539125442504882 0.018522186279296877
0 0.4561301231384277 0.43054275512695317 0.011880111694335938 0.014809265136718751
0 0.7033253205128205 0.36022079772079774 0.012019230769230779 0.021011396011396028
0 0.7064414173789174 0.3417022792022793 0.012019230769230779 0.01816239316239314
0 0.03247418091168083 0.23949430199430202 0.011128917378917377 0.017450142450142418
0 0.1554487179487179 0.3178418803418804 0.010016025641025638 0.013176638176638184
0 0.17436787749287738 0.3753561253561254 0.011351495726495712 0.014957264957264965
0 0.09413973922902497 0.08432539682539685 0.010452097505668941 0.01558956916099773
0 0.08413052721088438 0.062216553287981854 0.010983560090702952 0.01558956916099773
0 0.25038973922902497 0.05498866213151928 0.01080640589569161 0.018140589569161
0 0.3512209699453552 0.3039617486338798 0.009605532786885244 0.01639344262295083
0 0.26184183250414594 0.5810530679933664 0.010623963515754564 0.015339966832504123
0 0.39982379767827525 0.6206467661691542 0.013474295190713134 0.01990049751243788
0 0.9232667004048581 0.2591093117408907 0.010754048582995897 0.015519568151147118
