1 0.6308490753173828 0.580899895562066 0.07756757736206055 0.04660203721788195
2 0.4949326515197754 0.5969202677408855 0.02209320068359375 0.04118381076388889
2 0.21130845546722413 0.5777969360351562 0.024277448654174805 0.04121738009982639
2 0.3752721309661865 0.43461541069878473 0.02308483123779297 0.048829142252604166
2 0.23713068962097167 0.24108428955078126 0.022314023971557618 0.036607021755642365
2 0.3380859136581421 0.2675464630126953 0.024468612670898438 0.04853608873155382
2 0.5711973190307618 0.8272121853298612 0.02369537353515625 0.03836466471354167
2 0.20505053997039793 0.4588949415418837 0.023927068710327147 0.035443454318576394
2 0.8298609733581542 0.5513475206163194 0.022404289245605467 0.04179602728949653
0 0.6776308536529541 0.2618557400173611 0.012523460388183593 0.020802137586805557
2 0.2816764831542969 0.6843899197048612 0.02225008010864258 0.03406134711371528
0 0.30267910957336425 0.9562869601779515 0.011173629760742187 0.020267740885416666
2 0.3464841365814209 0.5363902621799045 0.023769664764404296 0.04012858072916667
2 0.6747646331787109 0.9668036566840278 0.025555038452148435 0.04437594943576389
2 0.162803053855896 0.5339060465494792 0.025170230865478514 0.03835296630859375
2 0.32902538776397705 0.6292209201388889 0.022638225555419923 0.039714219835069446
0 0.257448148727417 0.7502978006998698 0.012512779235839844 0.01996985541449653
2 0.30080327987670896 0.6594598558213975 0.02372894287109375 0.04303165011935764
2 0.4277207374572754 0.5614117940266927 0.020937538146972655 0.04068739149305556
2 0.3252696990966797 0.5487276713053386 0.02250070571899414 0.043318684895833334
2 0.4640435218811035 0.6006188286675348 0.020403671264648437 0.03965521918402778
0 0.026799380034208297 0.06485074361165365 0.010742999613285065 0.019188944498697916
2 0.661976432800293 0.930216301812066 0.023041343688964842 0.04001024034288195
2 0.5829632759094239 0.9032889472113715 0.020695590972900392 0.038302612304687504
0 0.6849843025207519 0.4413414001464844 0.012023544311523438 0.019898986816406252
0 0.7226397514343261 0.17632408142089845 0.012011146545410157 0.018757798936631945
2 0.6019529342651367 0.899853515625 0.02027416229248047 0.044102986653645836
2 0.6408271789550781 0.9412943522135417 0.022243499755859375 0.04114006890190972
2 0.44858617782592775 0.5612104627821181 0.021186447143554686 0.03796335856119792
2 0.5840634346008301 0.8642118665907118 0.0252044677734375 0.04243299696180556
2 0.21099520325660706 0.4954582214355469 0.023680293560028078 0.03729654947916667
0 0.58828763961792 0.258550771077474 0.012194252014160157 0.018132188585069445
2 0.19096227884292602 0.5615653143988716 0.019942116737365723 0.04164767795138889
2 0.6212095737457275 0.9433703952365452 0.015222644805908203 0.030583021375868057
0 0.6746508699633699 0.4662509975658474 0.010588369963369952 0.019675457045757287
0 0.7424803733825683 0.3207936604817708 0.011189651489257813 0.020611741807725695
0 0.037059294871794865 0.36619861619861627 0.010588369963369962 0.018315018315018278
0 0.587654532967033 0.27920227920227925 0.011733058608058636 0.01933251933251933
0 0.6749370421245421 0.4496336996336997 0.012877747252747204 0.01933251933251933
0 0.6860977564102564 0.46336996336996344 0.010588369963369952 0.021367521367521333
