1 0.1298331618309021 0.5988798353407119 0.0674203634262085 0.0894317626953125
1 0.8597745895385742 0.14535463121202258 0.07868461608886719 0.07130398220486112
2 0.7263224601745606 0.23454933166503908 0.023786354064941406 0.04130333794487848
0 0.9530254364013672 0.7285984463161893 0.010987091064453124 0.019640435112847222
0 0.5942512512207031 0.060171424018012155 0.012211036682128907 0.021534220377604166
0 0.4915593147277832 0.517118157280816 0.011789321899414062 0.019607204861111113
0 0.8112022399902343 0.22546318901909723 0.011738967895507813 0.02098642985026042
0 0.6633778572082519 0.9094690110948351 0.012247276306152344 0.019304063585069444
0 0.47238826751708984 0.7511646694607205 0.011354637145996094 0.018285285101996528
0 0.48365936279296873 0.7550144619411893 0.01057605743408203 0.01868998209635417
0 0.5607848167419434 0.28330290052625867 0.010642242431640626 0.018914286295572916
0 0.29933440685272217 0.6284159342447917 0.012433242797851563 0.019862535264756946
0 0.5644485473632812 0.9093543158637153 0.013220882415771485 0.021349419487847222
0 0.7459403991699218 0.9037538316514757 0.013056564331054687 0.021423000759548613
0 0.47313814163208007 0.7714387681749132 0.012084770202636718 0.019023301866319446
0 0.9479246139526367 0.96867429945204 0.011933135986328124 0.020380825466579863
1 0.5752131462097168 0.7986300998263889 0.028746414184570312 0.05092417399088542
0 0.9841623306274414 0.08458938598632813 0.011519241333007812 0.0201751708984375
0 0.5484389305114746 0.35074106852213544 0.011653709411621093 0.018520609537760416
0 0.9732933044433594 0.08653369479709201 0.013068199157714844 0.021800401475694446
0 0.20090227127075194 0.857592519124349 0.012578964233398438 0.021822441948784722
0 0.017980419099330902 0.2748386806911893 0.010517731308937073 0.018880208333333336
0 0.9883876800537109 0.0620941162109375 0.013561630249023437 0.01972478230794271
0 0.1047567733990148 0.468892537858055 0.011545566502463049 0.01733260353950004
1 0.11412151067323484 0.49489144316730516 0.06619458128078815 0.03557744937055289
1 0.7906746031746031 0.8683862433862435 0.06646825396825401 0.0736331569664903
0 0.7631448412698413 0.9045414462081129 0.01140873015873017 0.01719576719576718
0 0.757688492063492 0.919973544973545 0.010912698412698419 0.013668430335097053
