1 0.30478601455688475 0.5567552354600694 0.07272753715515137 0.05546061197916667
2 0.8119596481323242 0.3970504760742188 0.022956275939941408 0.04083896213107639
0 0.365526008605957 0.5622552659776476 0.012845373153686524 0.02097930908203125
2 0.7996359825134277 0.9190580579969618 0.02716693878173828 0.04945644802517361
0 0.22894105911254883 0.6942087809244792 0.01190500259399414 0.01875101725260417
0 0.166119384765625 0.2284998999701606 0.010919022560119628 0.016077168782552085
0 0.39433488845825193 0.44496680365668406 0.011577033996582031 0.01893463134765625
0 0.3966848373413086 0.4244942559136285 0.011213874816894532 0.016660902235243056
0 0.79300856590271 0.9607459174262153 0.012600326538085937 0.021472507052951388
0 0.6605678558349609 0.7961181640625 0.010757255554199218 0.019067891438802085
0 0.005063657407407407 0.7440843621399177 0.008969907407407407 0.019032921810699682
