1 0.13871649503707886 0.26670210096571184 0.09108092784881591 0.03833067152235243
1 0.5053876876831055 0.7002914428710938 0.06708230972290039 0.07751024034288195
2 0.7871348857879639 0.16972151862250434 0.023907184600830078 0.041555701361762155
0 0.35492963790893556 0.018255403306749133 0.011344814300537109 0.019894070095486112
0 0.8042217493057251 0.756081305609809 0.011229276657104492 0.01864556206597222
0 0.752907657623291 0.2939372168646919 0.010573768615722656 0.017179785834418402
0 0.31618704795837405 0.33704121907552087 0.012885999679565429 0.019007703993055555
0 0.9785860061645507 0.19610782199435764 0.011444664001464844 0.019266764322916668
0 0.6598683357238769 0.518576897515191 0.0125396728515625 0.020854356553819446
0 0.72097749710083 0.0680464850531684 0.011643028259277344 0.02107916937934028
0 0.9543276786804199 0.3552983601888021 0.011991500854492188 0.01935492621527778
0 0.48583364486694336 0.6014024522569444 0.011658859252929688 0.021440972222222222
0 0.9120614051818847 0.6457746717664931 0.013468170166015625 0.021365695529513888
0 0.6785507678985596 0.05763448079427084 0.01199188232421875 0.020410156250000002
0 0.8674430847167969 0.3535314771864149 0.011307525634765624 0.019869316948784722
0 0.4683033466339111 0.3975287543402778 0.009149932861328125 0.014818318684895833
0 0.8061731338500976 0.46328201293945315 0.00975799560546875 0.01626959906684028
0 0.7379779815673828 0.6753366258409288 0.013053131103515624 0.02116275363498264
0 0.9331766128540039 0.3738605075412327 0.015315628051757813 0.024726698133680558
0 0.4674171447753906 0.2688948737250434 0.017122840881347655 0.025709703233506947
0 0.6373505592346191 0.21735076904296877 0.011572647094726562 0.018547481960720487
0 0.03672251403331757 0.5024529351128473 0.013701051473617554 0.022823927137586807
0 0.05666884183883667 0.6013817681206598 0.00821669101715088 0.013890923394097223
0 0.34998532863849763 0.9151669274908713 0.011553697183098599 0.020213875847678694
