0 0.35385851860046386 0.5736343383789063 0.011796188354492188 0.01817352294921875
0 0.0959317922592163 0.772423324584961 0.01194469928741455 0.017987670898437502
0 0.6718001365661621 0.12844032287597656 0.012836456298828125 0.01879364013671875
1 0.6707551002502441 0.5192315673828125 0.0656961441040039 0.0408148193359375
0 0.4589341163635254 0.41683792114257817 0.01149139404296875 0.017918701171875002
0 0.19623445272445678 0.9614912414550781 0.011907839775085449 0.018565673828125
2 0.8201320648193359 0.6929330444335938 0.02306499481201172 0.037027893066406255
0 0.2744987964630127 0.28601295471191407 0.012477302551269531 0.018431243896484376
0 0.2915773868560791 0.29236511230468754 0.009253454208374024 0.012220764160156251
0 0.4249131944444444 0.275 0.012442129629629584 0.016666666666666666
