2 0.21153926849365234 0.5954781426323785 0.02897982597351074 0.043646918402777776
2 0.769279670715332 0.32250010172526045 0.024595069885253906 0.04750874837239583
2 0.7678105354309082 0.6706937154134115 0.0239990234375 0.04400668674045139
2 0.5278509140014649 0.1756103939480252 0.022620391845703126 0.04068493313259549
0 0.5431590557098389 0.07225104437934028 0.012635612487792968 0.019928826226128474
0 0.6962488651275635 0.25168948703342015 0.012671756744384765 0.02108281453450521
0 0.49190454483032225 0.5804419623480903 0.00986309051513672 0.016595458984375002
2 0.5340298175811767 0.8810823228624133 0.02314586639404297 0.04241366916232639
0 0.18935368061065674 0.6524859110514323 0.012036895751953125 0.019659593370225697
0 0.6133153915405274 0.6384385002983941 0.012240791320800781 0.02013888888888889
0 0.8389630317687988 0.4673142327202691 0.010891532897949219 0.0198089599609375
2 0.41393175125122067 0.20322651333279082 0.02418680191040039 0.05274149576822917
0 0.9463522911071777 0.47894168429904516 0.011939811706542968 0.021356879340277777
