1 0.309108829498291 0.7792787339952257 0.07163915634155274 0.08322957356770834
1 0.5972139358520507 0.06891093783908421 0.08024806976318359 0.039491695827907985
0 0.17658593654632568 0.6006261189778646 0.011261820793151855 0.01985541449652778
0 0.37128324508666993 0.4258212619357639 0.01335763931274414 0.020958116319444445
0 0.8141078948974609 0.7370176527235244 0.011656951904296876 0.02012668185763889
2 0.18943769931793214 0.530431620279948 0.020084905624389648 0.04125196668836806
0 0.5910637855529786 0.7523056030273437 0.011416816711425781 0.018414984809027778
0 0.25171489715576173 0.30992122226291235 0.01098804473876953 0.018334452311197916
2 0.21171565055847166 0.5405050489637587 0.02258462905883789 0.04224039713541667
0 0.15523772239685057 0.9381369696723091 0.010939693450927735 0.018641493055555555
0 0.7300098419189454 0.9862124972873264 0.012738609313964843 0.021349080403645835
0 0.48650035858154295 0.34106513129340277 0.012001609802246094 0.020090738932291668
0 0.27785449028015136 0.6705020480685764 0.011602306365966797 0.018317667643229167
0 0.3933358430862427 0.494465806749132 0.011319971084594727 0.019213697645399305
0 0.382445764541626 0.48876224093967013 0.01125631332397461 0.017822096082899305
0 0.27799162864685056 0.651894293891059 0.010738277435302734 0.019515821668836808
0 0.8236822128295899 0.8174265543619792 0.012390327453613282 0.017032877604166666
2 0.00608457513153553 0.8010843065049913 0.01216915026307106 0.037272813585069446
0 0.24222426414489745 0.8074464586046007 0.010358905792236328 0.017286512586805556
0 0.7618273735046387 0.6508561028374567 0.01010723114013672 0.01676483154296875
2 0.19146256446838378 0.48774922688802086 0.020285654067993163 0.039893256293402776
0 0.7593144416809082 0.6293524848090278 0.011918067932128906 0.01743876139322917
0 0.740602970123291 0.9916428460015191 0.01095438003540039 0.016714307996961806
2 0.01723049283027649 0.8242144266764323 0.019970929622650145 0.03865610758463542
0 0.3894601821899414 0.47389424641927086 0.011126852035522461 0.018328518337673613
0 0.8371002197265625 0.8279696146647135 0.014854812622070312 0.025042215983072918
0 0.7520554065704346 0.6483550177680122 0.012420654296875 0.01950903998480903
0 0.47561779022216794 0.38159849378797744 0.012102699279785157 0.01893412272135417
0 0.8243736267089844 0.8355051676432292 0.0132598876953125 0.02288241916232639
