2 0.6593888282775879 0.8417354159884983 0.025484466552734373 0.04451938205295139
2 0.6951346397399902 0.8090119255913629 0.02277345657348633 0.04334632025824653
2 0.4352424621582031 0.6928136189778646 0.025784111022949217 0.04634246826171875
2 0.5400398731231689 0.7341491699218751 0.02169027328491211 0.03614095052083333
2 0.13681139945983886 0.374338616265191 0.02340102195739746 0.043095228407118054
2 0.49339981079101564 0.8816617329915365 0.025200653076171874 0.039806959364149304
2 0.43749046325683594 0.7682565477159289 0.023290061950683595 0.038169182671440975
2 0.5837637901306152 0.8198435465494792 0.02312946319580078 0.03618028428819445
2 0.5806056022644043 0.765651109483507 0.023681831359863282 0.04702385796440972
2 0.23472943305969238 0.36999037000868057 0.023928165435791016 0.050561184353298615
2 0.40838303565979 0.43606931898328993 0.023663711547851563 0.03840908474392361
2 0.41619091033935546 0.7768528408474392 0.020697593688964844 0.04231313069661458
2 0.48531036376953124 0.7876325819227431 0.020632362365722655 0.04031202528211806
1 0.2781911134719849 0.6134882609049479 0.06304526329040527 0.09323543972439237
0 0.9609365463256836 0.608929443359375 0.012080764770507813 0.022491285536024308
2 0.16052699089050293 0.30527191162109374 0.024428701400756835 0.039086405436197916
2 0.41902947425842285 0.39677836100260416 0.027151012420654295 0.04377577039930556
2 0.1793159008026123 0.4234110514322917 0.02349112033843994 0.040699598524305554
2 0.15638177394866942 0.39650310940212674 0.021222543716430665 0.04198879665798611
2 0.49043874740600585 0.8352506001790365 0.025628662109375 0.045844353569878475
0 0.9388437271118164 0.9252343071831598 0.012972259521484375 0.023492431640625002
2 0.5588001251220703 0.7579555935329861 0.021338844299316408 0.039311726888020836
2 0.5562665462493896 0.809939914279514 0.02758970260620117 0.05087127685546875
2 0.44581990242004393 0.8728517320421008 0.020966053009033203 0.031983439127604166
2 0.1643010377883911 0.3476348029242622 0.02477269172668457 0.03816460503472222
2 0.2955344200134277 0.6404493543836806 0.023878192901611327 0.038886684841579866
2 0.4714221954345703 0.8669219122992622 0.022939300537109374 0.03805965847439236
0 0.3604391813278198 0.8045019361707899 0.010644245147705077 0.019335259331597222
2 0.1988215208053589 0.36477050781250003 0.020694780349731445 0.035130140516493054
2 0.20047056674957275 0.40362091064453126 0.02037363052368164 0.03892754448784722
2 0.45391159057617186 0.8374557495117188 0.022969436645507813 0.036965264214409724
2 0.46491036415100095 0.8011823018391927 0.02434844970703125 0.04059855143229167
2 0.44019384384155275 0.8066484239366319 0.022623825073242187 0.03865424262152778
2 0.17981131076812745 0.38493601481119794 0.023573780059814455 0.04256998697916667
0 0.9485769271850586 0.9018168131510417 0.012335205078125 0.021480984157986112
0 0.3728386878967285 0.8080369737413194 0.013805294036865234 0.02065395779079861
0 0.3986515998840332 0.8286748250325521 0.01239156723022461 0.017532009548611113
0 0.04940025252525252 0.5429292929292928 0.011047979797979793 0.021885521885521876
