2 0.2699521541595459 0.6513333129882813 0.018480968475341798 0.029408569335937502
2 0.43410162925720214 0.7850823974609376 0.023345756530761718 0.0343072509765625
2 0.6269333839416504 0.3778820037841797 0.022861480712890625 0.0342572021484375
2 0.25075573921203614 0.5972335052490235 0.0225924015045166 0.03562255859375
2 0.23047740459442137 0.5371725463867187 0.02714676856994629 0.0416851806640625
1 0.29100847244262695 0.04845352172851563 0.014993858337402343 0.09555511474609375
1 0.13777413368225097 0.32294860839843753 0.03773031234741211 0.05472503662109375
2 0.26250600814819336 0.6873677062988282 0.02629890441894531 0.03990310668945313
0 0.027016132324934005 0.14449951171875 0.011571671068668365 0.01811279296875
2 0.16386643648147584 0.33163501739501955 0.02285468578338623 0.03584495544433594
0 0.2718775272369385 0.5051835632324219 0.010982513427734375 0.017319641113281253
0 0.8186436653137207 0.7850277709960938 0.011150932312011719 0.0160546875
0 0.0597583532333374 0.7114559936523438 0.010088229179382324 0.014573059082031251
0 0.9264270782470703 0.2916160583496094 0.010407638549804688 0.017136077880859375
0 0.8142072959889349 0.8022130013831259 0.009725103734439836 0.01659751037344402
0 0.8246887966804979 0.8004840940525588 0.010373443983402453 0.015905947441217167
