1 0.6122067451477051 0.39781990051269533 0.04986867904663086 0.1257420349121094
1 0.1892287850379944 0.9785574340820313 0.06126382350921631 0.0428851318359375
1 0.7766819477081299 0.3838816833496094 0.025518131256103516 0.10549102783203125
1 0.3360469818115234 0.6358045959472657 0.032735443115234374 0.12195693969726563
0 0.5571104049682617 0.061296844482421876 0.012158679962158202 0.0190838623046875
2 0.0721497118473053 0.06896713256835937 0.029358065128326415 0.049029846191406254
0 0.28763976097106936 0.2021226501464844 0.011470746994018555 0.01856201171875
0 0.7122427940368652 0.6852838134765625 0.010483551025390624 0.016576690673828127
0 0.32587437629699706 0.27653892517089845 0.011798954010009766 0.018080596923828126
0 0.2769447326660156 0.20548301696777346 0.012832021713256836 0.01866363525390625
1 0.5266576290130616 0.3804692077636719 0.01709127426147461 0.13360015869140626
1 0.7225473403930665 0.9382014465332031 0.07548389434814454 0.03372772216796875
0 0.7213634490966797 0.6841979980468751 0.009462356567382812 0.016753082275390626
0 0.27569496631622314 0.19695686340332033 0.012073993682861328 0.018158874511718753
1 0.993581485748291 0.978196258544922 0.012703514099121094 0.041589050292968756
