1 0.7689573764801025 0.5147513495551216 0.07616853713989258 0.05616251627604167
2 0.7271512985229492 0.3340927124023438 0.025631046295166014 0.04320136176215278
2 0.24951167106628416 0.6747765435112848 0.02481689453125 0.044865587022569445
0 0.7795465469360352 0.21660707261827258 0.01146240234375 0.018525187174479166
0 0.8390632629394531 0.8021467420789931 0.011736297607421875 0.02106391059027778
0 0.6579198837280273 0.6135520087348091 0.012283897399902344 0.022566731770833334
0 0.7200372695922852 0.7017608642578125 0.012378692626953125 0.02116970486111111
2 0.7135091781616211 0.31019202338324653 0.02286949157714844 0.0382080078125
0 0.2806423611111111 0.7222222222222222 0.0109375 0.018518518518518517
0 0.17915045395590143 0.43208675601671714 0.010132944228274945 0.01549214584234038
0 0.32141699092088194 0.2314094249891915 0.010943579766536971 0.01909497045683816
0 0.31416596520763185 0.009758074572889444 0.008592873176206517 0.01589973812196034
0 0.32249579124579125 0.011628631999002428 0.008417508417508419 0.01964085297418631
