1 0.6396221160888672 0.3789226743910048 0.022995662689208985 0.16702749464246963
0 0.7939596176147461 0.7386864556206597 0.013258552551269532 0.022987874348958333
0 0.4075876235961914 0.7507559034559462 0.01124715805053711 0.01920013427734375
2 0.9892578125 0.9135960896809896 0.020125198364257812 0.038527764214409725
0 0.6355749130249023 0.5052585177951389 0.01304006576538086 0.021906873914930555
0 0.03992390036582947 0.9581695556640626 0.012748205661773681 0.018794420030381946
0 0.8722196578979492 0.009493637084960939 0.011673355102539062 0.018987274169921877
0 0.0318322479724884 0.941198221842448 0.011123722791671753 0.018992445203993055
0 0.17016301155090333 0.6795945909288195 0.011365604400634766 0.020208909776475697
0 0.6346113681793213 0.4746671888563368 0.012588310241699218 0.01967536078559028
0 0.9363100051879882 0.5567006429036458 0.011999130249023438 0.01936272515190972
0 0.5505240440368653 0.8727469550238716 0.012623214721679687 0.02072787814670139
0 0.042896950244903566 0.9410093519422743 0.012738311290740966 0.020661417643229166
0 0.2125110626220703 0.3519097222222222 0.011029958724975586 0.017312622070312502
0 0.5069492340087891 0.7408450656467014 0.011287689208984375 0.017093912760416666
0 0.21296069622039795 0.06267339918348525 0.01218419075012207 0.01934839884440104
0 0.11212754249572754 0.5337173461914063 0.012372970581054688 0.020846218532986113
0 0.5129045758928571 0.7572751322751322 0.009300595238095255 0.014880952380952472
0 0.6273018973214285 0.9670552248677248 0.011160714285714236 0.018601190476190327
