1 0.13179569244384765 0.8076704406738282 0.05593085289001465 0.07828186035156251
0 0.4402933597564697 0.23093738555908205 0.012634944915771483 0.019343338012695315
2 0.35681905746459963 0.11858299255371095 0.022394847869873048 0.0370770263671875
0 0.003835931047797203 0.4272227478027344 0.007671862095594406 0.01946685791015625
2 0.3222761631011963 0.41070648193359377 0.02834348678588867 0.04368560791015625
2 0.7111210346221923 0.22957702636718752 0.0227447509765625 0.0365667724609375
2 0.6143447875976562 0.3842787170410156 0.0238555908203125 0.0388946533203125
0 0.8053560256958008 0.8125395202636719 0.01217498779296875 0.01906829833984375
0 0.2918904542922974 0.6134819030761719 0.011762237548828125 0.0173486328125
2 0.39535529613494874 0.5750226593017579 0.022228765487670898 0.037150573730468754
0 0.49232845306396483 0.7713240051269532 0.011721992492675781 0.01763885498046875
0 0.20293920040130614 0.7980130004882813 0.01289529800415039 0.018483428955078127
0 0.19407312870025634 0.672978515625 0.012343168258666992 0.017281951904296877
0 0.8773565292358398 0.35790283203125 0.011617660522460938 0.017968750000000002
2 0.41684403419494626 0.5797735595703125 0.020049190521240233 0.03472869873046875
0 0.686735725402832 0.7215140533447266 0.011777400970458984 0.017263183593750002
2 0.6893249034881592 0.23368228912353517 0.020151042938232423 0.037158966064453125
0 0.6741000652313233 0.019540252685546877 0.013314628601074218 0.0209002685546875
0 0.6194018363952637 0.9787918853759766 0.012151050567626952 0.018608245849609375
0 0.10006313131313131 0.24898989898989898 0.010101010101010107 0.01717171717171719
