1 0.14732561111450196 0.437078857421875 0.06029558181762695 0.07427642822265626
1 0.043608438968658444 0.16448318481445315 0.028020954132080077 0.13339981079101562
1 0.6555392265319824 0.6047962188720704 0.024274826049804688 0.125750732421875
1 0.8525455474853515 0.6661439514160157 0.06875991821289062 0.040660247802734376
0 0.0051554907113313675 0.029198570251464846 0.010279267281293868 0.018821563720703125
0 0.5460216999053955 0.81289794921875 0.012599468231201172 0.018770751953125
0 0.18279167413711547 0.06768600463867187 0.011083531379699706 0.017306976318359375
0 0.5758010387420655 0.2733934783935547 0.012260150909423829 0.019057159423828126
0 0.17138712406158446 0.20282657623291017 0.009859466552734375 0.01628143310546875
0 0.890009880065918 0.28158096313476566 0.011920547485351563 0.018183746337890626
1 0.5169593811035156 0.859919891357422 0.05908470153808593 0.08215179443359376
0 0.8900732040405274 0.2630266571044922 0.0114715576171875 0.017754364013671878
1 0.8373828887939453 0.20756534576416016 0.019759178161621094 0.04445030212402344
0 0.900318287037037 0.2877314814814815 0.010706018518518571 0.013425925925925905
0 0.9000289351851852 0.27013888888888893 0.01012731481481488 0.0125
