1 0.3790949583053589 0.1986390855577257 0.06420741081237794 0.08528561062282987
2 0.7573256969451905 0.4012045118543837 0.026081657409667967 0.04305894639756944
0 0.9548088073730469 0.7943552652994792 0.01158905029296875 0.020757039388020836
0 0.49142851829528805 0.418070305718316 0.011651706695556641 0.018818834092881945
0 0.7544312953948975 0.17284766303168403 0.012263298034667969 0.019352383083767362
0 0.43097314834594724 0.6457221137152778 0.01168975830078125 0.020715332031250002
0 0.4063377857208252 0.67044677734375 0.011876773834228516 0.019657728407118057
0 0.5471514701843262 0.4751741197374132 0.012372398376464843 0.021120876736111113
0 0.025873255729675294 0.22061352199978299 0.012544870376586914 0.019792005750868057
0 0.34099273681640624 0.8507333543565538 0.011485671997070313 0.019585673014322916
0 0.21969380378723144 0.19980867173936634 0.009840869903564453 0.019586944580078126
0 0.45757598876953126 0.023635906643337673 0.012122154235839844 0.020513831244574652
0 0.3296557664871216 0.8598778618706597 0.011278533935546875 0.018802388509114584
0 0.5011383533477783 0.5959568447536893 0.011556434631347656 0.01858707004123264
0 0.21082987785339355 0.23796365525987415 0.011419963836669923 0.018321312798394097
0 0.33114094734191896 0.8390402492539741 0.01096343994140625 0.015323554144965279
0 0.004151177406311035 0.9599946763780383 0.008261528611183167 0.019482421875
0 0.6335116386413574 0.2341818067762587 0.013416481018066405 0.022751024034288195
0 0.18945612833823686 0.013538377863880067 0.008336971718587983 0.017419129045902496
0 0.1367967128753662 0.6428712632921008 0.011829280853271484 0.0197052001953125
0 0.2632198330796795 0.4247385095666956 0.011272525198665662 0.02320816605179398
0 0.9570352554321289 0.33876563178168406 0.015767288208007813 0.02298346625434028
0 0.2209218978881836 0.2244519975450304 0.009755134582519531 0.018695068359375
0 0.2619072671156005 0.6873675021823171 0.009995791245791263 0.016835016835016894
0 0.02726921997755331 0.47225339817932416 0.009294332210998875 0.015587978550941536
0 0.07306134259259259 0.04861111111111115 0.010609567901234573 0.01843278463648834
0 0.06920331790123456 0.03146433470507549 0.01157407407407407 0.015860768175582986
0 0.08113908179012344 0.03425068587105628 0.01085069444444445 0.019718792866941018
0 0.2000144675925926 0.01946159122085052 0.010368441358024682 0.016718106995884777
