1 0.3361523151397705 0.5937854342990452 0.06560811996459961 0.08583984375
0 0.2803352355957031 0.020357852511935764 0.012360572814941406 0.020520697699652778
2 0.13969360589981078 0.63970947265625 0.0236234188079834 0.04357130262586806
2 0.38133692741394043 0.9200658162434896 0.02475895881652832 0.04454752604166667
0 0.25795004367828367 0.35628339979383683 0.012846803665161133 0.02149895562065972
0 0.8543622970581054 0.20233154296875 0.011927413940429687 0.019497341579861112
0 0.41426992416381836 0.5761984931098091 0.01184844970703125 0.0198028564453125
2 0.4388102531433105 0.7361980862087674 0.022080039978027342 0.038582695855034724
0 0.8898144721984863 0.13300984700520835 0.011682701110839844 0.01961610582139757
0 0.0591291606426239 0.16196636623806424 0.012732970714569091 0.020520528157552086
2 0.4639836311340332 0.7371287027994792 0.025979232788085938 0.04059855143229167
0 0.3203446388244629 0.5564300537109376 0.014025115966796875 0.018922593858506944
2 0.30710482597351074 0.8939781188964844 0.021584796905517577 0.043751356336805554
2 0.18011016845703126 0.7497951931423611 0.02264823913574219 0.04230261908637153
2 0.1645172953605652 0.7861626519097222 0.03163688182830811 0.048264567057291666
0 0.06821041703224182 0.5877766927083333 0.01212080717086792 0.021430799696180558
2 0.006082812324166298 0.03140398661295573 0.012165624648332596 0.04243723551432292
2 0.004387478902935981 0.09545245700412326 0.008774957805871963 0.028828091091579862
