1 0.8396986007690429 0.48635147094726566 0.04835052490234375 0.06686569213867188
1 0.6141633510589599 0.5217406463623048 0.05914468765258789 0.09867340087890626
0 0.8785604476928711 0.7357666015625001 0.011738204956054687 0.018331298828125002
0 0.7855687141418457 0.4871640014648438 0.013071823120117187 0.020516967773437502
1 0.7390900611877441 0.902429656982422 0.025880813598632812 0.12856903076171874
1 0.5938328742980957 0.2732478332519531 0.018473434448242187 0.09905838012695313
1 0.7420702934265136 0.48554252624511723 0.025156021118164062 0.12837966918945312
1 0.5927335739135742 0.7870874023437501 0.019063377380371095 0.11335113525390626
0 0.16785571575164795 0.9362615966796876 0.010552000999450684 0.015226898193359376
0 0.15330789089202881 0.03864616394042969 0.01220247745513916 0.018894805908203128
0 0.1374131679534912 0.04331687927246094 0.01241159439086914 0.018693084716796877
0 0.49024024009704587 0.7372776031494142 0.010280799865722657 0.017884674072265627
0 0.259312105178833 0.48952880859375003 0.012149429321289063 0.017552337646484378
0 0.16361026653537045 0.16077707902884777 0.013828849645308476 0.020421150584279745
0 0.5002565681444991 0.7426108374384236 0.009236453201970403 0.014778325123152742
