0 0.7967799186706543 0.6126266479492188 0.012884140014648438 0.019520874023437502
1 0.6927075386047363 0.31715118408203125 0.028356933593749998 0.12593597412109375
0 0.4847443103790283 0.03641044616699219 0.012037563323974609 0.018258514404296877
0 0.8337163925170898 0.09614471435546876 0.011678314208984375 0.018918304443359377
0 0.9611055374145507 0.5345442199707031 0.0116729736328125 0.016756439208984376
0 0.1104842185974121 0.1434710693359375 0.010563993453979492 0.01595001220703125
0 0.5357369899749755 0.9022003936767579 0.01132354736328125 0.017379150390625
0 0.8478317260742188 0.2546872711181641 0.011008453369140626 0.015786285400390627
0 0.8134754180908202 0.6605067443847656 0.013013839721679688 0.0202020263671875
0 0.8677520751953125 0.2521908950805664 0.007442474365234375 0.01315032958984375
0 0.8590516090393067 0.2419829559326172 0.009335136413574219 0.013264160156250001
