1 0.4866413116455078 0.06703529357910157 0.07287054061889649 0.05204704284667969
0 0.49115662574768065 0.8916526794433595 0.012877750396728515 0.02124664306640625
0 0.10479404926300048 0.5105606079101562 0.011633658409118652 0.0181298828125
1 0.6245815277099609 0.7540093994140625 0.09133071899414062 0.038798065185546876
1 0.760201358795166 0.1422442626953125 0.07855606079101562 0.051677398681640625
2 0.6741278171539307 0.5354624938964844 0.02427072525024414 0.035909423828125
0 0.2660329341888428 0.6155548095703125 0.011240196228027344 0.017560882568359377
1 0.715540599822998 0.22536521911621096 0.04224815368652344 0.1072210693359375
0 0.18819483518600463 0.6350595092773438 0.012570834159851075 0.020238037109375002
0 0.2222358226776123 0.5227238464355469 0.010895919799804688 0.017120361328125
1 0.7723467826843262 0.31806034088134766 0.05657501220703125 0.07768821716308594
0 0.40927982330322266 0.07897262573242188 0.011932754516601562 0.01827690124511719
0 0.7699085235595703 0.8967070007324219 0.010483551025390624 0.01606689453125
2 0.9835347175598145 0.16617923736572265 0.020788192749023438 0.033506851196289066
0 0.7687409877777099 0.28370979309082034 0.010570335388183593 0.015437774658203125
0 0.9719812393188476 0.1472331237792969 0.010402297973632813 0.016385803222656252
0 0.2667679309844971 0.910357894897461 0.01419849395751953 0.021975250244140626
0 0.755137586593628 0.27494903564453127 0.012001228332519532 0.016768035888671876
