1 0.8075157165527344 0.7161839294433594 0.053788375854492185 0.1111737060546875
1 0.8198918342590332 0.9439318847656251 0.07751998901367188 0.055659790039062504
2 0.903468894958496 0.3889094543457032 0.02413330078125 0.03822906494140625
2 0.17641302347183227 0.16328475952148438 0.025674915313720702 0.03891716003417969
0 0.5473175048828125 0.30444316864013676 0.011370086669921875 0.017540969848632813
0 0.7556076049804688 0.7728108978271485 0.012264156341552734 0.016837005615234376
1 0.6180832386016846 0.14232032775878908 0.018691825866699218 0.15136215209960938
0 0.009954485297203063 0.904593505859375 0.012513336539268493 0.01864837646484375
1 0.154824161529541 0.04976736068725586 0.04347624778747559 0.09953472137451172
0 0.3285699367523193 0.32204978942871093 0.01185612678527832 0.01796966552734375
1 0.0370942622423172 0.4236979675292969 0.07336011528968811 0.07276336669921875
0 0.3988055229187012 0.42375556945800785 0.011478519439697266 0.016793670654296877
0 0.31296021938323976 0.48188781738281256 0.012256908416748046 0.01809173583984375
0 0.187787926197052 0.5595001220703125 0.01071171760559082 0.01652801513671875
0 0.7883072853088379 0.8316105651855469 0.012175655364990235 0.019542236328125
0 0.01154339239001274 0.49603057861328126 0.01296727806329727 0.0229974365234375
0 0.5742740631103516 0.2509886932373047 0.011801338195800782 0.0186834716796875
0 0.6590509414672852 0.7230927276611329 0.00959463119506836 0.015043487548828127
0 0.018767678737640382 0.9926091766357422 0.010605749487876893 0.014781646728515625
0 0.4243265151977539 0.44904258728027346 0.0123260498046875 0.020503692626953125
