2 0.2283229351043701 0.21596260070800782 0.020112037658691406 0.02989974975585938
1 0.6105199415520971 0.3302067235004471 0.08298767426885274 0.05042992649308166
0 0.7099066734313965 0.7856715393066407 0.012254142761230468 0.018139648437500003
0 0.8834762573242188 0.04360031127929688 0.011173248291015625 0.017899932861328127
0 0.2639124870300293 0.4428172302246094 0.011488628387451173 0.018376464843750002
1 0.1400682210922241 0.0738906478881836 0.05114691257476806 0.05131721496582031
0 0.6482856750488282 0.2846743774414063 0.011448860168457031 0.016210784912109377
0 0.4219668388366699 0.74208251953125 0.01149158477783203 0.017273712158203128
0 0.5326534271240234 0.8466188049316407 0.012371444702148437 0.017922363281250003
0 0.46164608001708984 0.66211181640625 0.011504650115966797 0.017434692382812502
0 0.5346898078918457 0.830802001953125 0.01090545654296875 0.014866180419921876
0 0.39995335820895517 0.30804311774461024 0.008550995024875618 0.016583747927031472
0 0.4073383084577114 0.2983001658374792 0.009846600331674971 0.018656716417910436
0 0.49608727197346597 0.5047678275290216 0.009587479270315077 0.015339966832504123
0 0.8562081239530989 0.36139028475711893 0.012301088777219367 0.01758793969849246
