1 0.22056207060813904 0.44578628540039067 0.08902274370193482 0.06456542968750001
2 0.6824616432189942 0.5490618896484375 0.02434539794921875 0.03532135009765625
2 0.6786173343658447 0.5138272094726563 0.019809722900390625 0.0322406005859375
0 0.21698267459869383 0.5158596801757813 0.011643314361572265 0.01751739501953125
0 0.23371414668051502 0.5381143203195652 0.012609243392944336 0.0165625
0 0.2158099333445231 0.5347980499267578 0.010265700022379557 0.015403900146484377
0 0.4701104640960693 0.467415771484375 0.010448074340820313 0.017585906982421875
2 0.26746764183044436 0.7365882873535157 0.02305459976196289 0.03658233642578125
0 0.20939211845397948 0.5234368896484375 0.010619926452636718 0.016797485351562502
0 0.2271735603019739 0.5185697171619085 0.013780879974365234 0.019345092773437503
