1 0.23592925071716309 0.8786628723144532 0.039963054656982425 0.11164505004882813
0 0.6470053195953369 0.33643962860107424 0.011605167388916015 0.018247909545898437
0 0.07099518775939942 0.5273654174804688 0.012588238716125489 0.018800659179687502
0 0.9664140701293945 0.9569970703125 0.010578536987304687 0.016529541015625
0 0.12270779609680176 0.5474943542480469 0.011983776092529297 0.016983642578125
1 0.6219081401824951 0.06820465087890626 0.08267545700073242 0.03140396118164063
1 0.6867308616638184 0.44455390930175787 0.08303937911987305 0.055169677734375006
1 0.6706076622009277 0.47790222167968754 0.05152416229248047 0.07740020751953125
0 0.20839438438415528 0.28069953918457036 0.011561965942382813 0.01667816162109375
0 0.03319252729415893 0.05550491333007813 0.00824507474899292 0.013765716552734376
0 0.19793812036514283 0.24393787384033205 0.010660910606384277 0.01576927185058594
0 0.2010690789473684 0.26162280701754387 0.012335526315789498 0.016228070175438584
