1 0.5313296318054199 0.446239013671875 0.021429061889648438 0.0814984130859375
0 0.9665178298950196 0.45410362243652347 0.011725997924804688 0.01713775634765625
2 0.7143826961517334 0.8518920135498047 0.020600032806396485 0.031680145263671876
2 0.23891878128051758 0.4437301635742188 0.022153663635253906 0.035364379882812505
2 0.32088232040405273 0.6214154815673828 0.019348907470703124 0.028297882080078128
0 0.4311681747436523 0.6375042724609375 0.010498809814453124 0.017354125976562502
2 0.7397009188653221 0.8586246043303347 0.020332754707100047 0.04173468229348184
0 0.4404999508438205 0.9528643124756466 0.009553337097167968 0.016338958740234374
2 0.12710096836090087 0.24610000610351565 0.011281013488769531 0.017981719970703126
0 0.5603091239929199 0.20004615783691407 0.008660888671875 0.012646484375000001
0 0.20657140644361835 0.7168525402726147 0.009680916976456011 0.017348203221809137
0 0.20027881040892195 0.7306381660470881 0.009100061957868662 0.017038413878562628
0 0.19747134448574974 0.7118959107806693 0.010842627013630738 0.018587360594795446
0 0.20976610904584886 0.7338909541511773 0.01026177199504336 0.01734820322180923
0 0.4238111833952913 0.9381970260223049 0.010068153655514262 0.018277571251549034
0 0.43620275712515494 0.9394361833952913 0.012004337050805466 0.01889714993804224
0 0.42932930607187114 0.9625154894671625 0.010649008674101642 0.01672862453531593
