2 0.23238077163696289 0.17725007798936632 0.02286224365234375 0.038533782958984374
2 0.2728764057159424 0.2570019192165799 0.026187610626220704 0.04490254720052084
1 0.5347141265869141 0.525271945529514 0.020725536346435546 0.1462949964735243
0 0.7472725868225097 0.19994464450412328 0.012071704864501953 0.019288804796006944
0 0.6225082397460937 0.4640965779622396 0.011687088012695312 0.01923099093967014
2 0.009710802882909774 0.06856549580891927 0.019421605765819548 0.041473303900824654
0 0.8662240982055663 0.5126202053493923 0.012180137634277343 0.02054443359375
2 0.034842923283576965 0.30291964213053385 0.02353370189666748 0.04290813869900174
0 0.21644010543823242 0.04349644978841146 0.012135982513427734 0.02043796115451389
0 0.7024471759796143 0.04000812106662326 0.012587547302246094 0.02078823513454861
0 0.8797365188598633 0.9397945827907986 0.011179733276367187 0.01976589626736111
0 0.45442752838134765 0.5963631523980035 0.012469673156738281 0.018942091200086806
0 0.5414053916931152 0.4048097398546007 0.011610889434814453 0.01911282009548611
2 0.31245741844177244 0.10714581807454428 0.020276689529418947 0.03611924913194445
2 0.3324979543685913 0.014071358574761285 0.020473432540893555 0.02814271714952257
1 0.9825625896453857 0.18214331732855904 0.03487482070922852 0.05582334730360243
0 0.45179052352905275 0.5747945149739584 0.011249160766601563 0.01757236056857639
2 0.03614327907562256 0.3497865464952257 0.021867430210113524 0.03902859157986111
0 0.6608871459960938 0.5653468661838108 0.012022781372070312 0.019481743706597224
0 0.8594902038574218 0.3878070407443577 0.012250137329101563 0.019036356608072916
0 0.00455365926027298 0.6036690606011285 0.00910731852054596 0.030613878038194445
0 0.8920173645019531 0.9624584621853299 0.01144866943359375 0.01792331271701389
0 0.3605259656906128 0.022204717000325523 0.01165165901184082 0.018103535970052084
2 0.2923574447631836 0.1011322021484375 0.018197107315063476 0.03190799289279514
2 0.30481457710266113 0.07369020250108507 0.021678924560546875 0.033027564154730904
0 0.9335464477539063 0.8434068467881944 0.0098907470703125 0.015348307291666667
0 0.008423368632793426 0.37740385267469617 0.014565712213516236 0.02585906982421875
0 0.9272232055664062 0.8283437093098959 0.010485076904296875 0.015524970160590278
0 0.9038887023925781 0.9543357001410591 0.008364105224609375 0.012652248806423612
2 0.5823081970214844 0.8713080512152778 0.01611356735229492 0.0280517578125
0 0.6745793269230769 0.8732193732193733 0.007011217948718004 0.01780626780626775
0 0.6819911858974359 0.8821225071225071 0.00981570512820511 0.017094017094017085
