2 0.6949405670166016 0.35588882446289066 0.02323884963989258 0.038926696777343756
0 0.3587962627410889 0.8883700561523438 0.011402368545532227 0.017644653320312502
0 0.41956315040588377 0.19185531616210938 0.01098175048828125 0.01623046875
2 0.196778404712677 0.71099365234375 0.023151659965515138 0.037036437988281254
0 0.61029052734375 0.695288314819336 0.010726165771484376 0.016494903564453125
0 0.6169528961181641 0.7571372222900391 0.01138134002685547 0.018408355712890626
2 0.22152724266052246 0.7059059143066406 0.024200582504272462 0.04074234008789063
0 0.18317151069641113 0.0891775131225586 0.01082627773284912 0.01644035339355469
2 0.21129102706909178 0.737027816772461 0.020260143280029296 0.028007354736328125
1 0.41414690017700195 0.12161926269531251 0.04132795333862305 0.033387451171875
2 0.4734779357910156 0.4583348083496094 0.026296329498291016 0.0396112060546875
