0 0.5901061058044433 0.45268714904785157 0.012302589416503907 0.02031341552734375
1 0.8218111276626586 0.10128562927246094 0.06852030754089355 0.09879211425781251
0 0.7195329666137695 0.8941213989257814 0.011306285858154297 0.01716949462890625
0 0.7763806819915772 0.606854248046875 0.011850452423095703 0.019217529296875
0 0.858193302154541 0.836686248779297 0.012082672119140625 0.0184930419921875
0 0.4574533462524414 0.6865512847900391 0.011139488220214844 0.017088775634765626
0 0.43901529312133786 0.6757780456542969 0.01214303970336914 0.019359283447265625
0 0.5613073825836181 0.8137091064453126 0.011684799194335937 0.017800598144531252
0 0.4672842502593994 0.9658392333984376 0.012615299224853516 0.015996093750000002
0 0.5303754806518555 0.10713050842285157 0.008860397338867187 0.013475189208984375
0 0.15065938234329224 0.7765061950683594 0.01199960708618164 0.01853790283203125
0 0.7299915158371041 0.500188536953243 0.01013386123680237 0.016968325791855157
