1 0.7063125610351563 0.8252593231201173 0.0500467300415039 0.09338943481445314
0 0.1732703685760498 0.826092529296875 0.012258434295654297 0.018642578125
1 0.9496454238891602 0.308249626159668 0.0484344482421875 0.11645118713378907
0 0.3670779228210449 0.33262420654296876 0.011660099029541016 0.017783355712890626
1 0.9210638046264649 0.8400634002685547 0.06969757080078125 0.04927536010742188
0 0.5181843280792237 0.0642572021484375 0.0113372802734375 0.017885894775390626
0 0.7717723846435547 0.6711622619628906 0.010500907897949219 0.015475006103515626
0 0.7719631195068359 0.6877172851562501 0.010142898559570313 0.015980834960937502
0 0.7632241249084473 0.682484588623047 0.010559940338134765 0.0153082275390625
0 0.04750390648841858 0.9820547103881837 0.0138219952583313 0.018353958129882813
