0 0.2656008958816528 0.050307693481445315 0.010769319534301759 0.016455230712890626
0 0.07235930562019348 0.9463314819335938 0.012591683864593506 0.018915100097656252
1 0.7650160312652587 0.5550022888183594 0.05255546569824219 0.10245361328125001
0 0.9291314125061035 0.5036367797851563 0.011319732666015625 0.018173980712890628
0 0.9485244750976562 0.9054457092285156 0.01299304962158203 0.018886871337890625
0 0.8551854133605957 0.8656446838378907 0.0119720458984375 0.018392333984375002
1 0.7278966903686523 0.5985860443115235 0.06303215026855469 0.044047241210937504
0 0.770879077911377 0.8242529296875001 0.01210174560546875 0.01776519775390625
0 0.8609639167785644 0.03979522705078125 0.010715103149414063 0.016414794921875
0 0.189514684677124 0.9594327545166016 0.012232542037963867 0.018847808837890626
0 0.01939953714609146 0.7940162658691406 0.011824855208396911 0.0180340576171875
0 0.3243700981140137 0.12963306427001953 0.012383556365966797 0.017946166992187502
