1 0.26936304569244385 0.45422134399414066 0.07088866233825683 0.09785385131835939
1 0.6197881698608398 0.40375244140625005 0.06472759246826172 0.05423431396484375
1 0.7440278053283691 0.5050313568115234 0.04710540771484375 0.12563339233398438
1 0.15299551486968993 0.5674507904052735 0.030454206466674804 0.09320800781250001
1 0.5475279331207276 0.9495795440673829 0.028040790557861326 0.10084091186523438
1 0.5071068286895752 0.9049484252929688 0.0774949073791504 0.049351806640625
1 0.17247264385223388 0.36451812744140627 0.02277965545654297 0.10239959716796876
0 0.8640398025512696 0.8846803283691407 0.012057876586914063 0.018275146484375
0 0.6515475273132324 0.7630237579345703 0.011690902709960937 0.017937774658203127
0 0.8449428558349609 0.4866458129882813 0.01103515625 0.01669189453125
0 0.38981237411499026 0.6807926177978516 0.01154775619506836 0.01756866455078125
0 0.08617076277732849 0.25038063049316406 0.01226661205291748 0.017392730712890627
0 0.8278573989868164 0.16289085388183594 0.014189529418945312 0.022331085205078125
0 0.20966033935546874 0.35185791015625 0.011897850036621093 0.018693847656250002
0 0.08459762930870056 0.8975241088867189 0.011910486221313476 0.017666625976562503
0 0.5674196243286133 0.3390158081054688 0.011305713653564453 0.019582366943359377
0 0.642936862244898 0.386949946085612 0.010363520408163159 0.01776677449544271
1 0.32975866794586184 0.5393200683593751 0.08371200561523437 0.038931884765625
0 0.19850127551020408 0.2593537414965987 0.010097789115646242 0.0144557823129252
0 0.6544961734693878 0.45918367346938777 0.00903486394557819 0.014455782312925105
