0 0.5194385528564454 0.5745698547363282 0.012601089477539061 0.0195849609375
0 0.06094847917556762 0.4680602264404297 0.014695715904235839 0.0204449462890625
1 0.38628363609313965 0.2114922332763672 0.08003931045532227 0.07101364135742189
1 0.46503267288208006 0.04819221496582032 0.07360515594482422 0.08261764526367188
2 0.5460813522338868 0.6733285522460938 0.0275848388671875 0.0425238037109375
0 0.7931982517242432 0.63541748046875 0.010012435913085937 0.0154986572265625
0 0.7654080390930176 0.4178977966308594 0.013675117492675781 0.020341186523437502
0 0.7775232315063476 0.43682838439941407 0.013551139831542968 0.020594482421875
0 0.3843080997467041 0.14890708923339846 0.012297248840332032 0.019139099121093753
0 0.1877366781234741 0.7261726379394532 0.011445903778076172 0.01726043701171875
0 0.26337637901306155 0.8463282012939454 0.01256704330444336 0.019192962646484377
0 0.05453597456216812 0.13513946533203125 0.012376686930656433 0.01731842041015625
0 0.32271060943603513 0.01864055633544922 0.01262521743774414 0.019564056396484376
0 0.3837132930755615 0.1755656433105469 0.01212902069091797 0.018167266845703127
0 0.05369802117347717 0.11736454010009767 0.011896097660064697 0.01686027526855469
0 0.3723726272583008 0.17558967590332034 0.01207122802734375 0.01740234375
0 0.17429819107055664 0.5286853027343751 0.012887239456176758 0.019173736572265627
0 0.542456865310669 0.9497692108154298 0.01193695068359375 0.017298431396484376
0 0.0234709769487381 0.987626953125 0.01246936321258545 0.017777404785156253
0 0.37774725274725274 0.16094322344322345 0.01030219780219781 0.015109890109890098
0 0.42467948717948717 0.0744047619047619 0.01030219780219781 0.01785714285714286
