1 0.3439419984817505 0.7837097167968751 0.055007982254028316 0.09446478949652778
0 0.7392351150512695 0.9747563680013022 0.012958145141601563 0.020415920681423613
0 0.34206576347351075 0.6269216749403212 0.013491964340209961 0.02203826904296875
0 0.6684450626373291 0.4630159166124132 0.011154651641845703 0.019529554578993056
2 0.18085315227508544 0.24450030856662328 0.020373821258544922 0.04469129774305556
1 0.36842880249023435 0.8853728400336371 0.02046346664428711 0.14823862711588542
0 0.014485052227973938 0.5138315836588542 0.013296842575073242 0.02226833767361111
1 0.39153006076812746 0.8072074042426216 0.04608025550842285 0.05657823350694444
0 0.45913853645324704 0.800030008951823 0.013071537017822266 0.022493489583333335
0 0.3789853572845459 0.9399321662055122 0.011352205276489257 0.020298428005642362
0 0.37928190231323244 0.9579135470920139 0.012285232543945312 0.0174896240234375
0 0.9772867840422682 0.7996619476813275 0.012450787019447537 0.024607728568968958
0 0.3781126725838264 0.2435349550734166 0.009861932938856021 0.015888669734823547
0 0.979074211045365 0.7670392285776902 0.01047830374753443 0.018628095551172428
