1 0.8162044286727905 0.14411422729492188 0.05029072761535645 0.06978500366210938
1 0.3676114082336426 0.17374778747558595 0.07242937088012695 0.05759536743164063
1 0.6693108558654786 0.12667739868164063 0.022305870056152345 0.09649406433105469
2 0.4149423599243164 0.7521723937988282 0.021492958068847656 0.03480316162109375
2 0.35813889503479 0.770584716796875 0.023084592819213868 0.03356216430664063
2 0.3676435947418213 0.8054953765869142 0.02465810775756836 0.035524902343750005
2 0.8505199432373046 0.46679512023925784 0.023163604736328124 0.0342559814453125
1 0.3112281322479248 0.11275619506835938 0.029011917114257813 0.0712384033203125
2 0.8604745864868164 0.5019208526611328 0.022951507568359376 0.0402490234375
2 0.8370567321777344 0.49761604309082036 0.021636199951171876 0.035357360839843754
2 0.47894721031188964 0.8334681701660157 0.022604846954345705 0.038905334472656254
2 0.38015270233154297 0.7765632629394532 0.01781806945800781 0.03018798828125
1 0.46285457611083985 0.8441596984863282 0.040207290649414064 0.10754364013671876
0 0.7032833099365234 0.6210064697265626 0.012305831909179688 0.019074707031250002
