1 0.5046617984771729 0.4134616088867188 0.041887855529785155 0.1342668151855469
1 0.2826062202453613 0.6864064025878907 0.09657068252563476 0.0659564208984375
1 0.8384702682495117 0.7741110229492189 0.025232315063476562 0.11508544921875001
0 0.1969223976135254 0.4281005859375 0.011912012100219726 0.018084716796875
1 0.6328092575073242 0.027939605712890628 0.059884071350097656 0.055879211425781256
0 0.6894843101501464 0.26604759216308593 0.012198257446289062 0.018822021484375
2 0.5003574371337891 0.7045911407470704 0.018203163146972658 0.02701507568359375
0 0.538300609588623 0.6866064453125 0.01259002685546875 0.019043579101562503
0 0.39671375751495364 0.7764047241210938 0.013234186172485351 0.019147338867187502
0 0.9598171234130859 0.07441501617431641 0.012073135375976563 0.018227081298828125
0 0.5218233108520508 0.1951072692871094 0.010565757751464844 0.017316284179687502
0 0.7125554084777832 0.36384239196777346 0.012073516845703125 0.018168792724609376
1 0.30426504611968996 0.6877560424804688 0.07587146759033203 0.043002014160156254
0 0.22107105255126952 0.6654476165771485 0.009279346466064453 0.014264678955078125
0 0.23941988945007323 0.7836531066894532 0.010293960571289062 0.015289154052734375
1 0.6159961700439454 0.9522962188720704 0.029439258575439452 0.09540756225585938
0 0.6718352794647217 0.5016424560546875 0.011553668975830078 0.018358154296875002
0 0.9277395248413086 0.31830902099609376 0.011784744262695313 0.018248291015625
0 0.6126640319824219 0.005966587066650391 0.010723876953125 0.011933174133300781
0 0.05733351111412048 0.80656494140625 0.01066734790802002 0.016386871337890626
0 0.3032011035007611 0.32001522070015226 0.009512937595129382 0.014459665144596652
0 0.4381659056316591 0.9842085235920854 0.011177701674277014 0.01940639269406404
