2 0.3130515098571777 0.17461029052734375 0.020507240295410158 0.032283172607421876
1 0.11220891177654266 0.1211107635498047 0.08271084427833557 0.04904052734375
0 0.8559697151184081 0.5737501525878906 0.011730384826660157 0.01832489013671875
0 0.3524726390838623 0.22942848205566407 0.01109628677368164 0.017075042724609375
0 0.37266547679901124 0.827700424194336 0.011765861511230468 0.0186297607421875
0 0.3462419271469116 0.1542998504638672 0.011676788330078125 0.018258361816406252
0 0.8230194091796875 0.2629624176025391 0.011585807800292969 0.018365936279296877
0 0.09748298525810242 0.16384590148925782 0.011280572414398194 0.017574615478515625
0 0.03692379891872406 0.8334565734863282 0.010515749454498291 0.01603240966796875
0 0.9299453735351563 0.46228248596191407 0.011300086975097656 0.018300018310546878
0 0.925527286529541 0.1837977981567383 0.012492942810058593 0.020527496337890628
0 0.7941343784332275 0.24928436279296876 0.009555721282958984 0.014196319580078125
0 0.1891174793243408 0.8112260437011719 0.011973381042480469 0.01852813720703125
2 0.259719705581665 0.011343421936035157 0.013611316680908203 0.018213119506835938
0 0.5747195512820513 0.41602564102564105 0.01161858974358966 0.017948717948717958
0 0.7241586538461537 0.9205128205128207 0.012419871794871777 0.019230769230769246
