1 0.688712215423584 0.4961961364746094 0.06559629440307617 0.0675762939453125
0 0.07948389053344726 0.2923125457763672 0.013115859031677246 0.020963897705078127
1 0.5343731880187989 0.3973017883300782 0.04151496887207031 0.11641159057617188
0 0.03195158839225769 0.5324443054199219 0.012409806251525879 0.01875579833984375
0 0.8713987350463867 0.7833397674560547 0.012012100219726563 0.018698577880859376
1 0.4902163505554199 0.71701171875 0.05745067596435547 0.0657293701171875
0 0.5091420173645019 0.04784675598144532 0.012166976928710938 0.018297576904296876
0 0.0412457138299942 0.27669692993164063 0.010914474725723267 0.017576446533203127
0 0.19350494146347047 0.6483386230468751 0.009977078437805176 0.015583190917968752
1 0.9442622184753418 0.31327514648437504 0.01926898956298828 0.08681015014648438
0 0.6721961975097657 0.5971057891845704 0.010989761352539063 0.01736785888671875
0 0.12586636543273927 0.5646760559082031 0.012771415710449218 0.018022613525390627
0 0.45650224685668944 0.7514808654785157 0.01157207489013672 0.01688323974609375
0 0.1916365385055542 0.045854797363281255 0.011979818344116211 0.017547760009765625
0 0.6473551750183105 0.27071136474609375 0.011767387390136719 0.017662200927734375
1 0.5450562000274658 0.6350571441650391 0.0825052261352539 0.046695251464843754
0 0.9292304992675781 0.08337020874023438 0.01215667724609375 0.018391571044921878
0 0.3542518615722656 0.9670732116699219 0.012207317352294921 0.01751617431640625
0 0.9414217948913574 0.445196533203125 0.011502456665039063 0.01655792236328125
0 0.5039334297180176 0.9119062805175782 0.01033782958984375 0.015830078125
0 0.34261250495910645 0.9694229125976563 0.011144542694091797 0.01649383544921875
0 0.9582134246826172 0.9678059387207032 0.01026763916015625 0.01588470458984375
0 0.34260690212249756 0.9868899917602539 0.01177663803100586 0.017820968627929687
0 0.42270874977111816 0.13493255615234376 0.010346412658691406 0.015609130859375
0 0.4126502902155887 0.1301824212271973 0.009587479270315077 0.014925373134328363
