1 0.06574034094810485 0.6077664184570313 0.06622161865234374 0.07485168457031251
2 0.6919911861419678 0.28881721496582036 0.0225830078125 0.03607574462890625
0 0.9304328918457031 0.5126903533935547 0.012277603149414062 0.019016571044921875
0 0.8446045875549316 0.9863253784179689 0.012614631652832031 0.01781402587890625
2 0.1445573091506958 0.9750990295410157 0.021100282669067383 0.042899169921875
2 0.19053177833557128 0.9361764526367188 0.017293548583984374 0.025360412597656253
2 0.1530590534210205 0.9359545135498047 0.019839906692504884 0.03691696166992188
1 0.06590412855148316 0.7074668121337891 0.06789004802703857 0.09247253417968751
2 0.17346534729003907 0.9443180847167969 0.018559026718139648 0.033548583984375005
2 0.42182331085205077 0.06250289916992188 0.02123994827270508 0.044022216796875
2 0.16395680904388427 0.9831956481933595 0.019539546966552735 0.030000000000000002
