1 0.2709269285202026 0.3048737716674805 0.04268627166748047 0.10836082458496095
0 0.5913585662841797 0.3257514190673828 0.01236724853515625 0.018907165527343752
1 0.3820050716400146 0.8367357635498047 0.05490961074829102 0.07983169555664063
1 0.249573278427124 0.6447848510742188 0.025775814056396482 0.1299884033203125
0 0.6313094139099121 0.305196533203125 0.012021064758300781 0.018597259521484378
2 0.16634032726287842 0.6481342315673828 0.02765974998474121 0.03696243286132813
0 0.9311326026916503 0.42890396118164065 0.011755752563476562 0.0187939453125
0 0.5083745002746582 0.21364593505859375 0.011612510681152344 0.018441314697265627
0 0.20629849433898925 0.30768646240234376 0.012139701843261718 0.018421173095703125
0 0.0768540382385254 0.6137033081054688 0.012001514434814453 0.018867950439453125
0 0.3461350440979004 0.08784667968750001 0.01298365592956543 0.01898834228515625
0 0.39788777828216554 0.9894999694824219 0.01268754005432129 0.0177789306640625
0 0.657703447341919 0.5163324737548829 0.010938358306884766 0.017661285400390626
0 0.8102823257446289 0.15180023193359377 0.013281631469726562 0.019280700683593752
0 0.2036290407180786 0.33328147888183596 0.012718677520751953 0.019439849853515625
1 0.8087166786193848 0.4336962890625 0.025850296020507812 0.13000762939453125
0 0.035077086091041564 0.829671630859375 0.011568218469619751 0.016948089599609376
0 0.7839913368225098 0.7500154113769532 0.011633205413818359 0.01724090576171875
0 0.41671814918518063 0.5756292724609375 0.010941886901855468 0.01646087646484375
0 0.46077146530151364 0.18524917602539065 0.01139240264892578 0.017071380615234374
0 0.7885622978210449 0.35583457946777347 0.012213325500488282 0.019590606689453127
0 0.8789841651916503 0.04462066650390625 0.012584495544433593 0.01898956298828125
0 0.9445926666259765 0.8917666625976564 0.01130828857421875 0.0172418212890625
0 0.8684263229370117 0.36435668945312505 0.010704803466796874 0.016041107177734375
0 0.31637301445007326 0.842403564453125 0.01191396713256836 0.01780242919921875
0 0.8382984161376953 0.3562285614013672 0.012337684631347656 0.019733734130859375
0 0.5942567825317383 0.5987289428710938 0.01209716796875 0.01889373779296875
0 0.31829185485839845 0.43573196411132814 0.010910940170288087 0.017884521484375002
0 0.8255998611450195 0.7428236389160157 0.012581825256347656 0.019601135253906252
0 0.32775416374206545 0.4432295989990235 0.011462116241455078 0.017018280029296878
0 0.33324260711669923 0.23774261474609376 0.011564064025878906 0.017528839111328125
1 0.9898423194885254 0.5906249237060547 0.02031536102294922 0.12108459472656251
0 0.7507567405700684 0.36756057739257814 0.012151145935058593 0.019067687988281252
0 0.22366132736206054 0.7737631225585938 0.010569477081298828 0.01655792236328125
0 0.6312896728515625 0.5539997863769531 0.010173892974853516 0.0132476806640625
0 0.7012823581695556 0.5894947814941407 0.011277580261230468 0.0158087158203125
0 0.6761924743652343 0.24813179016113282 0.013810539245605468 0.020956573486328126
0 0.4658456802368164 0.7296096801757813 0.013100051879882812 0.020440979003906252
0 0.8619234199796126 0.377420998980632 0.01035295616717633 0.016309887869520926
0 0.9625063710499491 0.4682721712538226 0.01051223241590217 0.016564729867482225
