1 0.17147337364189794 0.13216107375844013 0.03159143592848445 0.13840475521002257
2 0.3288851261138916 0.6036158243815104 0.020572566986083986 0.03586171468098959
0 0.683597469329834 0.6286359998914931 0.012769889831542968 0.02091064453125
0 0.31539623737335204 0.9823002285427518 0.011165380477905273 0.01876949734157986
0 0.27785577774047854 0.6269135369194879 0.011563968658447266 0.020700073242187502
2 0.941612434387207 0.38216145833333337 0.02422809600830078 0.04159681532118056
2 0.9717695236206054 0.3191594441731771 0.024286651611328126 0.037995402018229166
2 0.9756255149841309 0.35821338229709204 0.024225616455078126 0.04476742214626736
0 0.36900854110717773 0.842909410264757 0.011708688735961915 0.018945990668402777
0 0.4314868927001953 0.3809814453125 0.01039714813232422 0.016682603624131945
1 0.8567050933837891 0.2517520480685764 0.03269500732421875 0.09525621202256945
0 0.35830163955688477 0.8377858479817709 0.011047172546386718 0.018528408474392362
0 0.20556206107139588 0.8309198167588976 0.011788570880889892 0.020288594563802085
0 0.09911082983016968 0.3385481092664931 0.012042570114135741 0.0192413330078125
2 0.9543354034423828 0.3553751627604167 0.020990371704101562 0.04664662679036458
0 0.7827425003051758 0.699686516655816 0.011870384216308594 0.016788906521267362
0 0.2148555040359497 0.8489262051052517 0.009725332260131836 0.015232340494791666
0 0.17370650183150182 0.11004273504273507 0.010874542124542152 0.019841269841269844
0 0.4991861979166667 0.9238591269841269 0.012555803571428588 0.017361111111111112
