1 0.1979696273803711 0.33104518890380863 0.057556962966918944 0.0969542694091797
0 0.4049062728881836 0.35714660644531254 0.013495063781738282 0.02059112548828125
1 0.4003275990486145 0.5377655792236329 0.023280692100524903 0.12349868774414063
0 0.958469295501709 0.7924119567871094 0.012468528747558594 0.019103240966796876
1 0.30055215358734133 0.15746994018554689 0.06937108039855958 0.0411962890625
0 0.41204833984375 0.1826561737060547 0.01309356689453125 0.020758132934570316
0 0.6117878913879394 0.736317367553711 0.012503433227539062 0.0194659423828125
0 0.6466044425964356 0.6130338287353516 0.00982837677001953 0.016385650634765627
0 0.6396331310272216 0.11887275695800782 0.012270259857177734 0.018668060302734376
0 0.6359531879425049 0.6107653045654298 0.010656070709228516 0.01646820068359375
0 0.021956612169742585 0.7303289794921876 0.008483311533927918 0.013235473632812501
0 0.4296085858585858 0.5 0.011363636363636331 0.01717171717171719
0 0.47522095959595956 0.7803030303030303 0.010416666666666666 0.016161616161616148
