1 0.3709850311279297 0.28811408996582033 0.041532135009765624 0.12135253906250001
1 0.5205700874328614 0.3637098693847656 0.05272760391235352 0.07290847778320313
1 0.17855714559555053 0.1909339141845703 0.07264187335968017 0.06021743774414063
1 0.07503764629364014 0.8627046203613282 0.05934209823608398 0.07654678344726563
1 0.4494331359863281 0.13523086547851562 0.023131752014160158 0.13044143676757813
0 0.520137882232666 0.4735179901123047 0.011151504516601563 0.017528076171875
0 0.8892038345336913 0.4696391296386719 0.010991668701171875 0.0174249267578125
1 0.783780574798584 0.32550125122070317 0.06130924224853516 0.058636474609375
0 0.19310529232025148 0.08449630737304688 0.012091827392578126 0.01793670654296875
0 0.1852947950363159 0.10896362304687501 0.011745119094848632 0.01753448486328125
0 0.10453021824359894 0.8752436065673829 0.011002200841903686 0.016640930175781252
0 0.12782492637634277 0.8905593872070313 0.013249921798706054 0.01867340087890625
0 0.1391352891921997 0.906627197265625 0.012105512619018554 0.017827606201171877
0 0.19498212337493898 0.10320541381835938 0.011074018478393555 0.019227142333984377
0 0.8872058868408202 0.940909652709961 0.013173103332519531 0.01978607177734375
0 0.11449564695358276 0.8905123901367188 0.01237051486968994 0.020611419677734378
0 0.5212579250335694 0.5629974365234376 0.009629058837890624 0.01533477783203125
0 0.5388678550720215 0.2292269515991211 0.010517120361328125 0.015841140747070312
0 0.23679618835449218 0.9837762832641602 0.012037563323974609 0.01845817565917969
0 0.12037037037037035 0.9819444444444444 0.009837962962962962 0.014814814814814857
1 0.8813657407407407 0.775462962962963 0.04629629629629619 0.03425925925925924
