1 0.8988333280939255 0.8653618829731814 0.07401245910755919 0.07074809684660607
1 0.1468576192855835 0.36687803268432617 0.05360243320465088 0.08698734283447267
2 0.640522050857544 0.9738500976562501 0.01940155029296875 0.03256256103515625
2 0.6335745811462402 0.9449595642089844 0.019480037689208984 0.028049621582031253
1 0.6585016250610352 0.5208429718017579 0.0429046630859375 0.02690032958984375
2 0.86483154296875 0.8874443817138672 0.024321746826171876 0.03380416870117188
0 0.7094940185546875 0.7734625244140626 0.010468292236328124 0.017115478515625
0 0.6758188247680664 0.1459904479980469 0.012096595764160157 0.018507232666015627
0 0.7021732330322266 0.7565216064453125 0.0112335205078125 0.016339721679687502
1 0.010548245161771774 0.4140470886230469 0.020696811378002167 0.0593170166015625
2 0.15402797390944767 0.7161391324602484 0.025315402546068188 0.03021013839981568
0 0.5504261363636364 0.5975378787878788 0.009943181818181775 0.016287878787878754
