1 0.8408029556274413 0.4368339538574219 0.07927627563476562 0.06316253662109375
0 0.8569417953491211 0.5244351196289063 0.011420059204101562 0.01695526123046875
1 0.24031781554222106 0.3531009101867676 0.08366547822952271 0.030547142028808597
2 0.8051284790039063 0.5133369445800782 0.02194042205810547 0.0332379150390625
1 0.8525187492370605 0.12423583984375 0.08533267974853516 0.031099853515625
0 0.7670773506164551 0.6734552001953126 0.011299324035644532 0.0187933349609375
0 0.938905906677246 0.7938047027587891 0.011368560791015624 0.018251037597656252
2 0.8953446388244629 0.3650578308105469 0.022056388854980468 0.03619277954101563
1 0.7284509658813476 0.3503998565673828 0.07878990173339843 0.03007476806640625
2 0.8519709587097167 0.296549301147461 0.021116065979003906 0.03693283081054688
0 0.8552888870239258 0.7225430297851563 0.01074390411376953 0.0163104248046875
0 0.5615908622741699 0.6219859313964844 0.011589241027832032 0.01841583251953125
0 0.8087335586547851 0.4609932708740235 0.014388847351074218 0.020167236328125
2 0.9184444427490234 0.3499250602722168 0.02007637023925781 0.02948551177978516
