1 0.9648681640625 0.377639331817627 0.03675155639648438 0.1037722396850586
1 0.374773907661438 0.3896209526062012 0.05207047462463379 0.12779148101806642
1 0.0928004264831543 0.19589427947998048 0.028256916999816892 0.09377639770507813
0 0.19353837966918946 0.28405059814453126 0.011492729187011719 0.01805511474609375
1 0.7216348648071289 0.5454425048828125 0.06105251312255859 0.0333624267578125
0 0.7923040390014648 0.4247250366210938 0.011835479736328125 0.0176129150390625
1 0.13447601795196534 0.790841293334961 0.030741214752197266 0.14017181396484377
0 0.5182589054107666 0.050326995849609375 0.011033439636230468 0.016878814697265626
0 0.8582836151123047 0.5939700317382813 0.011933517456054688 0.017070770263671875
0 0.9058550834655762 0.6307691955566407 0.010913276672363281 0.017579650878906252
0 0.8827023506164551 0.4150004577636719 0.0114227294921875 0.01724578857421875
0 0.7388534545898438 0.16604316711425782 0.011961555480957032 0.019473419189453126
0 0.27144737243652345 0.888609848022461 0.00872650146484375 0.0137225341796875
1 0.6625882148742676 0.03439788818359375 0.05562467575073242 0.0687957763671875
