1 0.257634711265564 0.7736083984375001 0.06807737350463867 0.033821953667534724
2 0.7051781177520752 0.5583235846625434 0.02256002426147461 0.04028371175130208
2 0.6935555458068847 0.5195592244466146 0.019785499572753905 0.043034871419270836
0 0.7318431854248046 0.2735414293077257 0.01222076416015625 0.018501196967230904
0 0.8389371871948242 0.2662828233506945 0.011206436157226562 0.019647047254774307
0 0.09716292023658753 0.0806507534450955 0.011555039882659912 0.019738769531250002
0 0.7181769371032715 0.2524275037977431 0.012472724914550782 0.022413550482855902
0 0.5267510890960694 0.3701218499077691 0.011015892028808594 0.01848517523871528
0 0.9550799369812012 0.2734725528293186 0.009572219848632813 0.016469913058810765
0 0.9530252456665039 0.8656695895724826 0.011993026733398438 0.017093912760416666
0 0.9477006912231445 0.8817021687825521 0.010669708251953125 0.018563673231336807
0 0.06402766704559326 0.462147691514757 0.010731172561645509 0.01774207221137153
0 0.9576074600219726 0.8802863226996528 0.01046600341796875 0.020276557074652778
0 0.2688361528822055 0.9645293790030632 0.011748120300751896 0.01601225285435817
