1 0.5900266170501709 0.8410700988769532 0.0493016242980957 0.1177142333984375
1 0.9581152915954589 0.5933088684082032 0.04075946807861328 0.08455413818359375
0 0.536447811126709 0.9669173431396485 0.013202285766601563 0.019997406005859378
0 0.2815807342529297 0.3431864738464356 0.012958621978759766 0.021419410705566407
0 0.8930739402770996 0.9522116088867189 0.011488723754882812 0.01660552978515625
0 0.5633966445922851 0.3919212341308594 0.012022686004638673 0.019188842773437503
0 0.879112434387207 0.9552867126464845 0.013518905639648438 0.016780548095703125
0 0.26348280906677246 0.1862118911743164 0.011576652526855469 0.018052291870117188
0 0.4392505645751953 0.8588770294189454 0.011851119995117187 0.018726043701171875
0 0.6778658390045166 0.8767146301269532 0.009499740600585938 0.014978942871093751
0 0.2304744243621826 0.8191470336914063 0.011778926849365235 0.01911468505859375
