1 0.544864273071289 0.29957080417209203 0.048521995544433594 0.0692262437608507
1 0.04569900929927826 0.8680184258355035 0.08919493556022644 0.036708068847656254
2 0.8337251663208007 0.06403596666124133 0.0224884033203125 0.040128072102864586
1 0.1034590482711792 0.8717620849609375 0.03968765735626221 0.13390062120225696
2 0.8495405197143554 0.08371480305989584 0.021720695495605468 0.043953789605034724
0 0.8294190406799317 0.8598656548394098 0.010594558715820313 0.019721476236979167
1 0.393291711807251 0.5136374579535591 0.026572799682617186 0.07651028103298611
2 0.36650876998901366 0.8338494194878473 0.023414802551269532 0.0484405517578125
2 0.08217956423759461 0.8743162367078994 0.020135927200317382 0.03859185112847222
2 0.8404878616333008 0.07251582675509984 0.01993732452392578 0.03886023627387153
1 0.10694284737110138 0.8371780395507813 0.03236317038536072 0.0653079562717014
2 0.3435857732732732 0.8545211878545211 0.023226351351351343 0.03503503503503501
