1 0.13564209938049315 0.08394683837890625 0.04747333526611328 0.10496170043945313
1 0.8399090766906738 0.11618728637695314 0.051160430908203124 0.09872848510742188
0 0.918995475769043 0.7838558959960938 0.011638259887695313 0.01774627685546875
1 0.1676679253578186 0.8397586059570313 0.021185946464538575 0.134814453125
0 0.8416608810424805 0.057548904418945314 0.0114715576171875 0.01814544677734375
0 0.1127815008163452 0.27691543579101563 0.010689306259155273 0.016458892822265626
0 0.3898607730865479 0.1888286590576172 0.011869049072265625 0.018627929687500003
0 0.8653112411499023 0.42086807250976566 0.011949729919433594 0.019217529296875
0 0.2983825206756592 0.9428895568847657 0.010603046417236328 0.016531219482421877
0 0.23653513824884792 0.2250384024577573 0.011280721966205842 0.01920122887864826
0 0.012240783410138248 0.3853686635944701 0.012000768049155145 0.018817204301075256
0 0.8207325268817205 0.816436251920123 0.009360599078341044 0.016129032258064533
