1 0.39175901412963865 0.5983267974853516 0.06503477096557617 0.09333999633789063
1 0.49489622116088866 0.6986315155029297 0.08256406784057617 0.07249008178710938
1 0.5803689002990723 0.5529713439941406 0.04036407470703125 0.12792449951171875
0 0.8037557601928711 0.6927574920654297 0.011944961547851563 0.017792205810546875
0 0.9652805328369141 0.8576435852050782 0.012755775451660156 0.020181427001953127
1 0.6502850532531739 0.3056243896484375 0.07610559463500977 0.04246246337890625
0 0.4531867504119873 0.9137875366210938 0.0111358642578125 0.01705963134765625
0 0.07375892996788025 0.36488487243652346 0.011946785449981689 0.018052825927734377
0 0.5690760612487793 0.7295250701904298 0.012818717956542968 0.02180389404296875
0 0.2652106761932373 0.5578301239013672 0.013478374481201172 0.019141387939453126
0 0.31230888366699217 0.49140304565429693 0.01274404525756836 0.018403015136718753
