1 0.13567708333333334 0.7175925925925927 0.0484375 0.11296296296296297
2 0.6950520833333333 0.7398148148148148 0.0203125 0.03518518518518519
2 0.7421875 0.7662037037037037 0.020833333333333332 0.04722222222222222
2 0.70234375 0.8152777777777778 0.027604166666666666 0.032407407407407406
0 0.12369791666666667 0.5953703703703704 0.013020833333333334 0.018518518518518517
0 0.16015625 0.10555555555555556 0.0109375 0.018518518518518517
0 0.22161458333333334 0.4046296296296297 0.011979166666666666 0.018518518518518517
0 0.421875 0.524537037037037 0.010416666666666666 0.019444444444444445
0 0.6169270833333333 0.18287037037037038 0.011979166666666666 0.017592592592592594
0 0.7442708333333333 0.3912037037037037 0.0125 0.021296296296296296
0 0.74765625 0.40925925925925927 0.011979166666666666 0.020370370370370372
0 0.44635416666666666 0.07916666666666666 0.011458333333333333 0.021296296296296296
0 0.45234375 0.8342592592592593 0.009895833333333333 0.016666666666666666
