1 0.03291406035423279 0.9349594116210939 0.06582812070846558 0.0738330078125
0 0.23477568626403808 0.08565711975097656 0.012101173400878906 0.018897247314453126
0 0.3178910970687866 0.1299382019042969 0.011711549758911134 0.01751251220703125
1 0.48090524673461915 0.2767653274536133 0.05365486145019531 0.07739112854003907
0 0.2831475496292114 0.3235824203491211 0.011988210678100585 0.018474197387695315
0 0.1570645570755005 0.666736831665039 0.0132232666015625 0.02059539794921875
0 0.8965266227722167 0.47154312133789067 0.01234607696533203 0.018311767578125002
0 0.8461051940917969 0.3911982727050782 0.011144638061523438 0.017015380859375002
0 0.006214077770709992 0.6446527099609375 0.012127305567264556 0.0198736572265625
0 0.5085010528564453 0.22465118408203127 0.011281871795654297 0.016485595703125
0 0.14216216802597045 0.6394395446777345 0.011451220512390137 0.01775604248046875
0 0.44489092826843263 0.3679814147949219 0.01295938491821289 0.020152435302734376
0 0.5207706451416015 0.2335530471801758 0.011671829223632812 0.015889892578125002
0 0.9964974403381347 0.7492301940917969 0.007005119323730468 0.017789001464843752
0 0.08619344234466553 0.5923080444335938 0.011791801452636719 0.01825958251953125
2 0.33264694213867185 0.663802947998047 0.013354206085205078 0.01920196533203125
0 0.3246267318725586 0.33623260498046875 0.01235055923461914 0.018727111816406253
0 0.8144435882568359 0.34124847412109377 0.011121368408203125 0.018582153320312503
0 0.3868732929229736 0.988963623046875 0.012022638320922851 0.01859161376953125
0 0.17820401191711427 0.5384552764892578 0.011475634574890137 0.018232574462890627
0 0.8243337631225586 0.830220184326172 0.011793136596679688 0.0164910888671875
0 0.40673918047882135 0.3593462246777164 0.011797882136279962 0.018876611418047893
