1 0.5246642589569092 0.49419555664062503 0.07082986831665039 0.03394012451171875
1 0.3824592590332031 0.2570060306125217 0.020275974273681642 0.07952584160698785
0 0.2777219772338867 0.7179689195421007 0.012896537780761719 0.0207733154296875
1 0.44536924362182617 0.8118676079644097 0.04078941345214844 0.15667826334635418
0 0.29632091522216797 0.9378800286187067 0.013055753707885741 0.021494208441840277
1 0.749020767211914 0.3171239217122396 0.042212295532226565 0.06296810574001736
0 0.14397934675216675 0.8840436299641927 0.011676955223083495 0.018894788953993057
0 0.4303256034851074 0.9549048529730904 0.012022590637207032 0.021425035264756944
0 0.929278564453125 0.2051847669813368 0.01134033203125 0.018355984157986113
0 0.844392204284668 0.06567425198025174 0.011050033569335937 0.018610636393229168
0 0.10066159963607788 0.2257319556342231 0.013413715362548827 0.021671295166015625
0 0.24812135696411133 0.4513141208224827 0.011858606338500976 0.02122616238064236
0 0.7055353164672852 0.04577823215060764 0.012269401550292968 0.021507093641493058
0 0.6946440696716308 0.049796719021267366 0.011955642700195312 0.019822184244791666
0 0.26493134498596194 0.6374142116970486 0.011468029022216797 0.01846381293402778
0 0.5517440795898437 0.24173049926757814 0.011113739013671875 0.01837836371527778
0 0.5204371452331543 0.4145634969075521 0.011707496643066407 0.019672987196180557
0 0.9733280181884766 0.9202723185221354 0.012077522277832032 0.022319878472222224
0 0.6437019348144531 0.9235367668999567 0.012308883666992187 0.02227393256293403
0 0.3131536960601807 0.2606817457411024 0.010131645202636718 0.017618306477864585
0 0.9844825744628906 0.9320766872829861 0.010863876342773438 0.019420369466145834
0 0.438220739364624 0.7532676696777344 0.013570976257324218 0.022306993272569447
0 0.7767121315002441 0.43512166341145836 0.012184715270996094 0.020265367296006944
0 0.4713121891021728 0.7241962009006077 0.011344528198242188 0.020161607530381945
0 0.02706300616264343 0.5159216986762153 0.010394364595413208 0.0182647705078125
0 0.5739098072052002 0.8849114312065972 0.011080646514892578 0.018063015407986112
0 0.33222501277923583 0.7197619967990452 0.012261247634887696 0.020026991102430558
0 0.6874814987182617 0.7506400214301215 0.00842876434326172 0.014658270941840279
0 0.5867091049382716 0.5387517146776406 0.010609567901234485 0.01989026063100141
0 0.29851621114683813 0.5668393473859712 0.008875937834941006 0.015481719661784049
