0 0.3465634107589722 0.7981952243381076 0.011955547332763671 0.020637681749131945
0 0.5669981002807617 0.5552427503797743 0.011202621459960937 0.018575032552083336
2 0.6092291831970215 0.4242504543728299 0.022439956665039062 0.04191182454427084
0 0.14138009548187255 0.13035354614257813 0.012759065628051758 0.020125579833984376
0 0.37316796779632566 0.10439406500922309 0.012874746322631836 0.021883561876085072
0 0.11958184242248535 0.15942654079861113 0.011505699157714844 0.01929168701171875
0 0.29514203071594236 0.3996610853407118 0.012865447998046875 0.019578043619791666
0 0.6663731575012207 0.15083762274848092 0.011392498016357422 0.0183319091796875
2 0.634534502029419 0.4311136881510417 0.025795650482177735 0.05120663113064236
0 0.7092674732208252 0.1280488755967882 0.011818599700927735 0.019543033175998266
0 0.37726051807403566 0.3269649929470486 0.011924505233764648 0.02052035861545139
0 0.4332448959350586 0.12679354349772137 0.012236309051513673 0.020465681287977433
0 0.759646987915039 0.4356753879123264 0.012463188171386719 0.020419481065538196
0 0.24612870216369628 0.4976840549045139 0.013091087341308594 0.019846259223090277
0 0.664774227142334 0.8079754299587674 0.01141510009765625 0.019152153862847222
0 0.47201809883117674 0.035001712375217015 0.01201925277709961 0.021346876356336808
0 0.04129060506820679 0.23137520684136287 0.012041306495666504 0.021098242865668405
0 0.051432789862155916 0.6842641194661458 0.012496039271354675 0.019776916503906252
0 0.26471586227416993 0.4762364705403646 0.011510658264160156 0.020790947808159724
0 0.08700754642486572 0.036816109551323785 0.011314332485198975 0.01807590060763889
0 0.11626145839691161 0.5390653822157119 0.009902095794677735 0.015255567762586806
0 0.16586142778396606 0.6670384724934896 0.008438777923583985 0.01361083984375
0 0.31285810470581055 0.2675762600368924 0.01248464584350586 0.01979522705078125
0 0.1060186505317688 0.5395738389756944 0.009665369987487793 0.015195549858940973
0 0.4876302083333333 0.27731481481481485 0.010677083333333334 0.019444444444444445
