0 0.18503823280334472 0.9034184265136719 0.01330113410949707 0.020310668945312502
1 0.3253031253814697 0.9474639892578126 0.021319580078125 0.10255554199218751
2 0.16946356296539306 0.2372727966308594 0.024523067474365234 0.04074142456054688
1 0.6452808380126953 0.2802024078369141 0.042887115478515626 0.08009422302246094
0 0.976702880859375 0.664576416015625 0.013118362426757813 0.019692230224609378
0 0.11971445083618164 0.0491387939453125 0.011371183395385741 0.017059173583984375
1 0.290601921081543 0.5049755859375 0.022754383087158204 0.10095336914062501
0 0.40196728706359863 0.0062819099426269535 0.009761333465576172 0.012563819885253907
0 0.6371623992919921 0.4683572387695313 0.012548732757568359 0.017437744140625003
0 0.0033962827175855635 0.7327839660644532 0.006792565435171127 0.019656982421875
