2 0.3861795425415039 0.3528842502170139 0.02481851577758789 0.042271592881944445
1 0.4203316211700439 0.3334005567762587 0.03621244430541992 0.13850012885199653
2 0.26643972396850585 0.680826653374566 0.026921939849853516 0.047318691677517365
0 0.5070090293884277 0.8941126505533854 0.012359237670898438 0.020951673719618057
0 0.428038215637207 0.06950247022840712 0.011810302734375 0.020591227213541667
0 0.6612948417663574 0.5580905490451389 0.012872886657714843 0.02242397732204861
0 0.20661530494689942 0.1797968970404731 0.012450599670410156 0.022823588053385416
0 0.8736730575561523 0.4409144083658854 0.01241912841796875 0.020885213216145834
0 0.8935254096984863 0.9334333631727431 0.011970901489257812 0.019252861870659724
0 0.8225481033325195 0.6868836296929254 0.012031173706054688 0.01988288031684028
0 0.8765544891357422 0.2841273413764106 0.010860443115234375 0.018873680962456597
0 0.6314254760742187 0.7896497938368056 0.012895679473876953 0.023370361328125002
0 0.758339786529541 0.8268303765190973 0.012845611572265625 0.018693712022569444
0 0.591738224029541 0.8141465081108942 0.011810684204101562 0.020935906304253474
0 0.289705753326416 0.9033988104926216 0.01187744140625 0.019220648871527777
0 0.8583143234252929 0.14245724148220487 0.011759567260742187 0.021129014756944446
0 0.24120359420776366 0.8815678914388021 0.011205101013183593 0.01813320583767361
0 0.8229880332946777 0.70604002210829 0.011896705627441407 0.017559644911024307
0 0.12474593495934955 0.2052845528455285 0.011686991869918699 0.019421860885275515
