0 0.7558962345123291 0.5834519958496094 0.012523078918457031 0.020276641845703127
0 0.8434271812438965 0.26977302551269533 0.011412429809570312 0.018042144775390626
0 0.2090587615966797 0.44895576477050786 0.01136484146118164 0.017554168701171876
1 0.26506288051605226 0.9027352905273438 0.06665234565734864 0.04407699584960938
2 0.2900808334350586 0.23893535614013672 0.02029838562011719 0.035769195556640626
2 0.2729883909225464 0.2628208160400391 0.02591872215270996 0.03504867553710938
1 0.032097024470567705 0.9405856323242188 0.028384123742580415 0.05089385986328125
0 0.14583735466003417 0.44631462097167973 0.010936594009399414 0.015975799560546875
2 0.27013182640075684 0.22596229553222658 0.018992280960083006 0.03157211303710938
0 0.07615699768066406 0.8323213195800782 0.011221218109130859 0.018010253906250002
0 0.1516304135322571 0.27130126953125 0.010682964324951172 0.016309051513671877
0 0.13686871528625488 0.4335515594482422 0.011828255653381348 0.019201049804687502
0 0.9948244094848633 0.5460105895996095 0.010094070434570312 0.0194207763671875
0 0.48309035301208497 0.5686862182617188 0.011788368225097656 0.017007751464843752
0 0.2798700142450142 0.3409900284900286 0.009570868945868938 0.016737891737891746
