1 0.36432291666666666 0.39212962962962966 0.03697916666666667 0.11944444444444445
2 0.4122395833333333 0.5861111111111111 0.0234375 0.040740740740740744
1 0.84765625 0.2388888888888889 0.043229166666666666 0.07962962962962963
0 0.13177083333333334 0.33981481481481485 0.0125 0.020370370370370372
0 0.08828125 0.6856481481481482 0.011979166666666666 0.021296296296296296
0 0.46015625 0.2986111111111111 0.013020833333333334 0.019444444444444445
0 0.6369791666666667 0.32453703703703707 0.0125 0.021296296296296296
0 0.6479166666666667 0.31666666666666665 0.0125 0.020370370370370372
0 0.6479166666666667 0.3337962962962963 0.011458333333333333 0.015740740740740743
0 0.64296875 0.34814814814814815 0.011979166666666666 0.018518518518518517
0 0.48072916666666665 0.03287037037037037 0.011458333333333333 0.017592592592592594
0 0.48203124999999997 0.012962962962962964 0.011979166666666666 0.018518518518518517
0 0.7885416666666667 0.42638888888888893 0.009375 0.017592592592592594
0 0.82421875 0.4217592592592593 0.0109375 0.017592592592592594
0 0.8820312499999999 0.44074074074074077 0.011979166666666666 0.016666666666666666
0 0.9638020833333333 0.36944444444444446 0.0109375 0.022222222222222223
0 0.8640625 0.5912037037037037 0.013541666666666667 0.017592592592592594
