2 0.13611199855804443 0.33146116468641496 0.022645163536071777 0.0422364976671007
1 0.21320650577545167 0.1977393256293403 0.08351407051086426 0.06650568644205729
0 0.7392882823944091 0.8430974324544271 0.011426258087158202 0.01964450412326389
2 0.15724034309387208 0.335182868109809 0.020518970489501954 0.048651970757378475
0 0.9718667984008789 0.22355422973632813 0.010305404663085938 0.020916069878472224
0 0.4366146564483642 0.5274958292643229 0.012001514434814453 0.020907931857638888
0 0.436959492083645 0.13453814641029987 0.011077308654785156 0.01774664984809028
0 0.9816731452941895 0.2263951619466146 0.010975837707519531 0.01928439670138889
0 0.046667623519897464 0.2314085218641493 0.011963045597076416 0.021141221788194445
0 0.4318497037652678 0.1572098816382887 0.009042792797871613 0.01581194626547692
0 0.9145999908447265 0.32626224093967016 0.01295642852783203 0.01995646158854167
0 0.7262210845947266 0.2607558356391059 0.011898994445800781 0.018830193413628474
0 0.22543065547943114 0.9726976182725695 0.012494468688964843 0.02042304144965278
0 0.19878899835796388 0.10285531837255973 0.010262725779967171 0.015964240102171134
0 0.4281609195402299 0.14527458492975734 0.011802134646962219 0.01961320926838168
