1 0.468381404876709 0.3488960266113281 0.027039527893066406 0.12111160278320313
1 0.26632003784179686 0.8183485412597656 0.04808063507080078 0.0943072509765625
1 0.44039211273193357 0.9139683532714844 0.06773452758789063 0.040813446044921875
0 0.918467903137207 0.8418580627441407 0.012530136108398437 0.01869598388671875
0 0.9088172912597656 0.33772483825683597 0.011719512939453124 0.01727294921875
0 0.31928019523620604 0.20466926574707034 0.012648487091064453 0.020074844360351562
0 0.8673500061035156 0.1432305908203125 0.012545394897460937 0.018420486450195315
1 0.7082467555999756 0.5994049072265626 0.049999046325683597 0.07136566162109376
0 0.7337336540222168 0.13317329406738282 0.010621452331542968 0.016627960205078125
0 0.023593328893184662 0.90662841796875 0.010953488945960998 0.01761474609375
0 0.7628191947937012 0.8215286254882813 0.013079071044921875 0.018510437011718752
0 0.34128341674804685 0.9486992645263672 0.0120391845703125 0.018360137939453125
0 0.43271236419677733 0.6741209411621094 0.012204170227050781 0.017644500732421877
0 0.13455731868743898 0.8261626434326172 0.011088967323303223 0.015567474365234375
0 0.1350332498550415 0.8439287567138672 0.011220335960388184 0.016784210205078125
0 0.7932730197906495 0.8447091674804688 0.009807205200195313 0.01428741455078125
0 0.5240655899047851 0.16286914825439455 0.011801433563232423 0.01736083984375
0 0.7429789543151856 0.1233523178100586 0.009957695007324218 0.01664581298828125
0 0.5453524589538574 0.8506317138671875 0.010702896118164062 0.01607421875
1 0.5054290771484375 0.022031240463256836 0.02159595489501953 0.04326173782348633
0 0.18870024681091307 0.58455322265625 0.01129927635192871 0.0162506103515625
0 0.22880067825317382 0.8414441680908203 0.013592052459716796 0.01869781494140625
0 0.1902048802946593 0.602670349907919 0.01266114180478821 0.017495395948434692
0 0.2709196593001842 0.6079650092081031 0.012373388581952138 0.01887661141804794
1 0.05179558011049724 0.31744935543278086 0.017840699815837933 0.10174953959484347
1 0.08805248618784531 0.27739410681399634 0.04258747697974217 0.10911602209944751
1 0.27101769911504425 0.15984513274336284 0.04931784660766961 0.07264011799410028
