1 0.3932291666666667 0.6226851851851852 0.065625 0.10462962962962963
1 0.44036458333333334 0.4046296296296297 0.0484375 0.07407407407407407
0 0.0953125 0.2240740740740741 0.013541666666666667 0.022222222222222223
0 0.21041666666666667 0.3666666666666667 0.0125 0.020370370370370372
0 0.23567708333333334 0.19444444444444445 0.011979166666666666 0.022222222222222223
0 0.23880208333333333 0.22083333333333335 0.011979166666666666 0.019444444444444445
0 0.23255208333333333 0.23472222222222222 0.013020833333333334 0.019444444444444445
0 0.3802083333333333 0.18611111111111112 0.0125 0.022222222222222223
0 0.471875 0.17731481481481481 0.013541666666666667 0.02314814814814815
0 0.46249999999999997 0.688425925925926 0.011458333333333333 0.019444444444444445
0 0.23515624999999998 0.7495370370370371 0.0109375 0.021296296296296296
0 0.23645833333333333 0.7935185185185185 0.013541666666666667 0.018518518518518517
0 0.23776041666666667 0.8125 0.0140625 0.015740740740740743
0 0.23072916666666665 0.9018518518518519 0.013541666666666667 0.020370370370370372
0 0.83828125 0.14953703703703705 0.0109375 0.019444444444444445
0 0.9145833333333333 0.13472222222222222 0.011458333333333333 0.021296296296296296
0 0.8833333333333333 0.25 0.010416666666666666 0.020370370370370372
0 0.6278645833333333 0.5370370370370371 0.011979166666666666 0.024074074074074074
0 0.6528645833333333 0.475462962962963 0.011979166666666666 0.019444444444444445
0 0.68515625 0.4810185185185185 0.013020833333333334 0.02314814814814815
0 0.69921875 0.4981481481481482 0.0109375 0.020370370370370372
0 0.7979166666666666 0.5402777777777777 0.013541666666666667 0.019444444444444445
0 0.9471354166666667 0.36064814814814816 0.011979166666666666 0.021296296296296296
0 0.6255208333333333 0.9796296296296296 0.011458333333333333 0.020370370370370372
