2 0.3754528045654297 0.3501391092936198 0.022409915924072266 0.03692220052083334
2 0.8729965209960937 0.10715374416775174 0.023538589477539062 0.04221598307291667
2 0.410316002368927 0.43136783175998267 0.02615716457366943 0.0488800048828125
2 0.3584436416625977 0.38468568589952257 0.026685810089111327 0.042767842610677086
2 0.2618699550628662 0.5086246066623265 0.02235727310180664 0.03766581217447917
2 0.6529577255249024 0.3388265821668837 0.021016693115234374 0.038266160753038195
2 0.286387300491333 0.5583243476019966 0.022623062133789062 0.043107096354166666
2 0.43515987396240235 0.4746214124891493 0.024062156677246094 0.039231194390190974
2 0.44194860458374025 0.5500837537977431 0.02392444610595703 0.03603312174479167
2 0.4477710247039795 0.5103688557942708 0.023624610900878907 0.03687269422743056
2 0.2642951488494873 0.5745841979980469 0.023448753356933593 0.034735107421875
2 0.24947891235351563 0.5435716417100694 0.022101593017578126 0.038476223415798615
0 0.610836124420166 0.07276602851019966 0.01204986572265625 0.020580969916449653
2 0.6249044418334961 0.3573065863715278 0.03668289184570313 0.04685397677951389
2 0.537135124206543 0.21766425238715278 0.024082756042480467 0.047585720486111115
0 0.3897388458251953 0.16986363728841147 0.012497425079345703 0.018756273057725696
2 0.607550048828125 0.2443467034233941 0.029878616333007812 0.04695578681098091
0 0.842701244354248 0.33116277058919275 0.013120651245117188 0.02182583279079861
0 0.6225937843322754 0.0680778079562717 0.012168312072753906 0.019865332709418402
0 0.7627718925476075 0.3072281731499566 0.01119823455810547 0.018654378255208333
0 0.9869977951049804 0.788191901312934 0.0127227783203125 0.02066989474826389
0 0.8118247985839844 0.34770389133029517 0.012203216552734375 0.018047417534722224
2 0.5600186347961426 0.25380952623155384 0.02509479522705078 0.045601738823784724
0 0.392167329788208 0.19100218878851996 0.012139320373535156 0.02050230238172743
0 0.8821440696716308 0.34105911254882815 0.013998794555664062 0.020423719618055558
0 0.8827949523925781 0.3795940823025174 0.015826416015625 0.030396355523003474
0 0.8595562934875488 0.3318389044867622 0.012107467651367188 0.02046271430121528
2 0.2756734006734007 0.5363199900236939 0.019640852974186333 0.03585235066716545
0 0.2843544745484401 0.5995712461229702 0.011545566502463049 0.02052545155993431
