1 0.5989851474761962 0.6282562255859375 0.06673688888549804 0.088397216796875
2 0.07442601919174194 0.4871944851345486 0.022127604484558104 0.041684129503038195
2 0.009169891476631165 0.2970412360297309 0.018252456188201906 0.03745880126953125
2 0.009467576444149018 0.34375457763671874 0.018935152888298036 0.04228074815538194
2 0.8587377548217773 0.7424775865342882 0.024609375 0.04522128634982639
0 0.7274334907531739 0.27013660007052953 0.011696243286132812 0.02067498101128472
2 0.8986885070800781 0.9340621948242188 0.02805633544921875 0.04320153130425347
2 0.93466796875 0.7004170735677083 0.02450141906738281 0.03651801215277778
0 0.2661165714263916 0.16186150444878472 0.011974143981933593 0.02081858317057292
2 0.04314928650856018 0.36569688585069443 0.024705564975738524 0.04103495279947917
0 0.26494746208190917 0.18235744900173612 0.012072515487670899 0.019416639539930558
0 0.17150183916091918 0.6153386433919271 0.01219470500946045 0.020713975694444445
0 0.17996103763580323 0.5955310397677952 0.013385152816772461 0.01987338595920139
2 0.9235931396484375 0.8504923502604167 0.017751693725585938 0.03886549207899306
2 0.9949742317199707 0.4128297593858507 0.010051536560058593 0.041480170355902776
2 0.9220141410827637 0.9109910753038195 0.02357311248779297 0.0447540283203125
0 0.18550108671188353 0.6098790486653646 0.012350153923034669 0.018402947319878474
2 0.8185476303100586 0.7680343627929688 0.025413131713867186 0.033962843153211804
2 0.9317205429077148 0.7365129258897569 0.023435592651367188 0.03735894097222223
0 0.6290796756744385 0.3904452853732639 0.011901664733886718 0.020645311143663195
2 0.9394207954406738 0.7740952385796441 0.020753097534179688 0.037730407714843754
2 0.9187997817993164 0.7683702256944445 0.020418167114257812 0.037946065266927086
2 0.03184879943728447 0.39338641696506077 0.02319455295801163 0.04034576416015625
2 0.03637708127498627 0.37919947306315105 0.031339579820632936 0.04219767252604167
2 0.9025909423828125 0.9854128519694011 0.025499343872070312 0.029174296061197917
