1 0.7073599815368652 0.7028756883409288 0.048209190368652344 0.08148634168836806
2 0.5909350395202637 0.44623531765407987 0.025947761535644532 0.044841172960069446
0 0.8964747428894043 0.5781151665581598 0.013701629638671874 0.0245086669921875
1 0.25931923389434813 0.8988623725043403 0.04730458259582519 0.09507819281684028
0 0.6420894622802734 0.46888088650173615 0.0113250732421875 0.019584825303819445
2 0.6132610321044922 0.4593086242675781 0.020114994049072264 0.04800686306423611
0 0.7559959411621093 0.7161216735839844 0.011703681945800782 0.021000840928819445
0 0.9180448532104492 0.30950241088867186 0.01108245849609375 0.017559305826822916
0 0.0595600962638855 0.7296712239583334 0.012538528442382813 0.02215610080295139
0 0.20912625789642333 0.39928775363498265 0.012622356414794922 0.02179056803385417
0 0.5415160179138183 0.06098581949869792 0.012998771667480468 0.020596143934461807
0 0.07906557321548462 0.3958829243977865 0.012994027137756348 0.021778361002604166
0 0.8298177719116211 0.9764495849609376 0.010811996459960938 0.018793402777777777
0 0.964036750793457 0.35660230848524305 0.011891746520996093 0.020045640733506946
0 0.8780265808105469 0.585393778483073 0.01264801025390625 0.02243414984809028
0 0.9847936630249023 0.9839742024739584 0.011885833740234376 0.019578043619791666
1 0.8086551666259766 0.047873772515190975 0.052017593383789064 0.06396365695529514
0 0.3404867850500962 0.9347121398263204 0.009637363203640644 0.01818747002807468
0 0.8829343795776367 0.06957143147786458 0.01060638427734375 0.01842108832465278
0 0.36487431526184083 0.9479198879665799 0.012452459335327149 0.019636366102430556
1 0.4875521659851074 0.9613616095648871 0.02604713439941406 0.0772767808702257
0 0.07790610790252686 0.3300745646158854 0.011185646057128906 0.019305250379774305
0 0.7658868789672851 0.7409368726942275 0.01178436279296875 0.020829942491319444
0 0.7882211685180665 0.4440134684244792 0.01300830841064453 0.02176767985026042
0 0.36354401111602785 0.9248418172200521 0.011859273910522461 0.019212849934895835
0 0.2895335674285889 0.9243633694118923 0.01259908676147461 0.020472208658854168
0 0.2626538031319911 0.4999378573204077 0.010836129753915043 0.02174993785732037
0 0.04418344519015663 0.856015411384539 0.012234340044742723 0.016778523489932803
0 0.2806557606263983 0.8957867263236391 0.011884787472035778 0.014292816306239173
0 0.35066451149425293 0.962962962962963 0.009877873563218387 0.01660280970625797
0 0.34994612068965514 0.9781289910600257 0.008800287356321827 0.015006385696040913
0 0.3400682471264368 0.9597701149425288 0.0091594827586207 0.014687100893997418
0 0.524799944812362 0.3463944076526858 0.00931291390728474 0.015943095413294056
0 0.9072457107843136 0.30034722222222227 0.009957107843137199 0.015999455337690607
0 0.8845549938725489 0.010314542483660191 0.010531556372549034 0.01804193899782135
