0 0.6166579246520996 0.5941425323486329 0.01210193634033203 0.018515777587890626
0 0.8900794982910156 0.18490509033203126 0.012398338317871094 0.019201126098632813
1 0.5615903854370117 0.904374237060547 0.02047557830810547 0.0710687255859375
0 0.6201023101806641 0.9085731506347657 0.011352157592773438 0.01776458740234375
1 0.6462162971496582 0.8164579010009766 0.027679252624511718 0.14313873291015625
0 0.8833456039428711 0.5072898864746094 0.012702751159667968 0.0191290283203125
0 0.7267872810363769 0.5966407775878907 0.011021232604980469 0.01785858154296875
0 0.6389692783355713 0.11221458435058594 0.011290645599365235 0.01749481201171875
0 0.38978874683380127 0.5391192626953125 0.012875223159790039 0.01976348876953125
0 0.26612353324890137 0.5631923675537109 0.009934139251708985 0.015398712158203126
0 0.8309355735778808 0.558162841796875 0.011442184448242188 0.017671508789062502
0 0.4486824035644531 0.30692745208740235 0.01079730987548828 0.016745758056640626
0 0.3241574764251709 0.09025306701660157 0.01150670051574707 0.01722373962402344
1 0.7832989692687988 0.2651077651977539 0.07578830718994141 0.021874389648437503
