2 0.5704048156738282 0.8758749389648438 0.02264862060546875 0.03575531005859375
0 0.24106922149658203 0.6927999114990235 0.012060260772705078 0.01775970458984375
2 0.12983357906341553 0.2661323547363281 0.02458467483520508 0.04344070434570313
0 0.3189213275909424 0.8894284057617188 0.01216297149658203 0.018949737548828127
0 0.40639171600341795 0.9638520812988282 0.011460494995117188 0.01791259765625
0 0.482560920715332 0.8572154998779298 0.011164379119873048 0.017584381103515626
0 0.5927895545959473 0.8262179565429688 0.011384010314941406 0.01695587158203125
0 0.6022677421569824 0.8094249725341798 0.013159942626953124 0.022176513671875002
0 0.6019847869873047 0.3311259460449219 0.010982894897460937 0.017854309082031252
0 0.6383293628692627 0.06956939697265625 0.01149435043334961 0.01765129089355469
0 0.7352376461029053 0.1035460662841797 0.009166526794433593 0.0154681396484375
0 0.5989211559295654 0.7949545288085939 0.013585662841796875 0.017445831298828127
0 0.7678571428571428 0.41955782312925166 0.009778911564625877 0.017346938775510145
0 0.18229166666666666 0.7787414965986394 0.010841836734693869 0.01598639455782319
