1 0.46779537200927734 0.33057047526041666 0.0680328369140625 0.04980841742621528
2 0.8567562103271484 0.47120259602864584 0.02486763000488281 0.04302571614583334
0 0.9150272369384765 0.5069349500868056 0.011765098571777344 0.019213019476996527
0 0.6807194709777832 0.019096332126193577 0.011884307861328125 0.020702362060546875
0 0.8182445526123047 0.6518456353081598 0.010765647888183594 0.020750596788194447
0 0.05291861295700073 0.5635918511284722 0.012328875064849854 0.02255622016059028
0 0.6902551651000977 0.5819018893771701 0.01046581268310547 0.018158976236979166
0 0.9691205978393554 0.42489666408962673 0.010729598999023437 0.01743960910373264
0 0.6395435333251953 0.47313410441080733 0.01073627471923828 0.019854736328125
0 0.6811189651489258 0.5671277269904996 0.010641670227050782 0.021428595648871528
