1 0.3979675769805908 0.6105338202582465 0.06337852478027343 0.11111280653211807
2 0.4039972424507141 0.4813730027940538 0.02343003749847412 0.04214240180121528
2 0.5667994499206543 0.3886293199327257 0.02411661148071289 0.04158291286892361
0 0.43961238861083984 0.934671359592014 0.011963272094726562 0.021316697862413195
0 0.5510457038879395 0.8706591288248698 0.012676811218261719 0.01975623236762153
0 0.8762812614440918 0.06691343519422743 0.01210784912109375 0.02016635470920139
0 0.1713128924369812 0.21956524319118925 0.013734269142150878 0.022412278917100695
0 0.6408692359924316 0.1278797573513455 0.012403011322021484 0.019804212782118056
0 0.9237689018249512 0.8240798950195313 0.012221717834472656 0.019880845811631947
0 0.8155364990234375 0.8598247951931424 0.010845565795898437 0.01684299045138889
0 0.11038210680196574 0.7065493691195596 0.01017012019733805 0.019542694402313526
0 0.12317240238189697 0.2621648576524523 0.011190509796142578 0.019319915771484376
0 0.09664322701129285 0.7024794212530724 0.01129802399939234 0.01649007894277664
0 0.36557908058166505 0.20891664293077258 0.009089469909667969 0.015526496039496528
1 0.2288494825363159 0.9628882514105903 0.011418533325195313 0.07422349717881944
0 0.4336833953857422 0.5261941697862413 0.010114479064941406 0.01810760498046875
0 0.10093292124542126 0.7197547822547822 0.010731456043956053 0.016025641025640986
0 0.3519258720930233 0.5011843238587425 0.011658187984496138 0.017226528854435808
0 0.4357285610465117 0.49405146425495255 0.011203972868217053 0.016419035314384208
0 0.44715964147286824 0.5038759689922481 0.009235707364341058 0.018841515934539223
0 0.44239038275193804 0.5264857881136952 0.008781492248062031 0.01453488372093019
0 0.43905947189922484 0.5116817398794143 0.010295542635658942 0.015611541774332502
1 0.6057942708333333 0.2769510582010582 0.047200520833333336 0.10582010582010579
