1 0.20563806891441344 0.7629033406575522 0.04965564012527466 0.1076904296875
1 0.3140310287475586 0.3217489030626085 0.04269404411315918 0.13410076565212675
1 0.7137867927551269 0.7186980353461372 0.07374134063720703 0.05608317057291667
1 0.42505178451538084 0.8523096720377604 0.058209991455078124 0.11669989691840278
0 0.47774462699890136 0.2905431959364149 0.013277816772460937 0.022388203938802084
0 0.17784916162490844 0.9366123623318142 0.01076195240020752 0.01902838812934028
0 0.9764772415161133 0.9160510592990452 0.012468338012695312 0.019985283745659724
0 0.9633827209472656 0.8707818773057726 0.012642288208007812 0.018961249457465277
0 0.40628700256347655 0.49573008219401044 0.011943531036376954 0.019431559244791667
0 0.17376890182495117 0.5080813937717014 0.012405586242675782 0.022573174370659723
0 0.08572986721992493 0.4031906975640191 0.012360310554504395 0.020179239908854167
0 0.9166921615600586 0.7723220825195313 0.012209701538085937 0.02031317816840278
2 0.8033989906311035 0.310463375515408 0.029950714111328124 0.03989766438802084
1 0.7911461353302002 0.9742172241210938 0.016833114624023437 0.0515655517578125
1 0.3400533676147461 0.4255559285481771 0.019542551040649413 0.10089128282335069
0 0.8638441085815429 0.22269418504503039 0.01171112060546875 0.019701555040147572
0 0.6792864799499512 0.6522762722439236 0.01134023666381836 0.01950717502170139
0 0.3921037197113037 0.9116029527452257 0.011793231964111328 0.019947645399305557
0 0.19665861129760742 0.8251839531792535 0.012161064147949218 0.019193861219618056
0 0.4071448588076933 0.7309670781893004 0.009012751520415859 0.015432098765432065
0 0.35956530570983886 0.9195205688476563 0.010058307647705078 0.017153591579861113
0 0.04622631072998047 0.7100042555067274 0.010424172878265381 0.022982279459635418
0 0.8373397435897435 0.9118335368335369 0.010874542124542093 0.01780626780626775
0 0.41473765432098764 0.7199931412894376 0.011188271604938235 0.014746227709190724
0 0.03806089743589743 0.5968660968660969 0.00921474358974359 0.018518518518518517
0 0.10406650641025642 0.3668091168091168 0.010216346153846152 0.018518518518518517
0 0.037760416666666664 0.7181267806267807 0.0094150641025641 0.017450142450142522
