1 0.44395017623901367 0.18243408203125 0.019636154174804688 0.07805328369140625
2 0.6094985008239746 0.711040751139323 0.022445487976074218 0.04258863661024306
2 0.5299654960632324 0.7941209581163194 0.027017593383789062 0.04178093804253472
2 0.0393030047416687 0.5955332438151042 0.02776409387588501 0.04265170627170139
0 0.7896653175354004 0.5274892171223958 0.010888385772705077 0.018083869086371527
0 0.25432724952697755 0.1400467766655816 0.011355113983154298 0.019478861490885416
0 0.6447628498077392 0.9559161716037327 0.011717128753662109 0.020077175564236112
0 0.16706256866455077 0.557720438639323 0.01290459632873535 0.021053738064236112
0 0.16539368629455567 0.584569803873698 0.014382696151733399 0.02431369357638889
1 0.5135896661882127 0.9541901011312748 0.057850833536093424 0.02969588287235878
2 0.03931512236595154 0.5502797444661458 0.026965820789337156 0.04167243109809028
0 0.20651392936706542 0.40559811062282985 0.0122528076171875 0.022112358940972222
0 0.6388871192932128 0.8472611321343316 0.011925315856933594 0.018375820583767362
2 0.5928778648376465 0.6863494873046875 0.021526527404785157 0.035033501519097225
0 0.26900062561035154 0.503216807047526 0.011433601379394531 0.019106716579861113
0 0.653352928161621 0.2244800991482205 0.00951976776123047 0.015439351399739584
0 0.6642946243286133 0.21380263434516059 0.01219005584716797 0.020516883002387153
0 0.8981965065002441 0.8500681559244792 0.011440467834472657 0.019667561848958334
0 0.4225185394287109 0.9197510613335503 0.012293243408203125 0.02075686984592014
0 0.6593924045562745 0.24168116251627605 0.011316394805908203 0.0173065185546875
0 0.8593982696533203 0.7060641818576389 0.010198593139648438 0.016335381401909724
0 0.3058603286743164 0.7164497375488281 0.009252548217773438 0.015796915690104166
0 0.15713485519492665 0.5566541073550934 0.007030653150796103 0.022618958254023443
0 0.5141916751861573 0.13999981350368923 0.011064624786376953 0.01760796440972222
2 0.2631844997406006 0.2989604949951172 0.021065425872802735 0.02990476820203993
0 0.3794306184012067 0.9013742249036368 0.010840874811463053 0.018015753309870985
0 0.5485246983408748 0.9692475280710575 0.01013386123680237 0.01633986928104584
