1 0.656804895401001 0.8143868255615235 0.062385940551757814 0.102874755859375
0 0.414951753616333 0.7298751831054688 0.011725711822509765 0.017987670898437502
1 0.3240340709686279 0.4846865844726563 0.0403684139251709 0.10895416259765625
1 0.34136018753051756 0.6976970672607422 0.06192374229431152 0.06076889038085938
1 0.22972526550292968 0.18562591552734375 0.07085771560668945 0.07152450561523438
0 0.4813129425048828 0.3650982666015625 0.01173229217529297 0.01825958251953125
0 0.4523353576660156 0.2943703842163086 0.011122894287109376 0.017123794555664065
0 0.4290305614471435 0.18857215881347658 0.011408329010009766 0.01840911865234375
0 0.35365686416625974 0.2723885726928711 0.012364959716796875 0.020364227294921877
0 0.8806814193725586 0.8137033081054688 0.012375259399414062 0.01864471435546875
0 0.2159269332885742 0.7249274444580078 0.012955474853515624 0.020104827880859377
1 0.5547597885131836 0.48592285156250004 0.047000885009765625 0.10588226318359376
0 0.7315306186676025 0.28414737701416015 0.01168203353881836 0.018966217041015625
1 0.6077409744262695 0.5367672729492188 0.023609352111816407 0.13658782958984375
0 0.5971728801727295 0.5967451477050781 0.010029315948486328 0.01712860107421875
0 0.5610605239868164 0.41856216430664067 0.011931228637695312 0.018410644531250003
2 0.16151959896087648 0.29799751281738285 0.025965404510498048 0.04148101806640625
2 0.32005012035369873 0.38301887512207033 0.013474798202514649 0.0200152587890625
