0 0.05209071636199951 0.7482136535644531 0.013408422470092773 0.020008850097656253
0 0.4818286895751953 0.27589614868164064 0.012370681762695313 0.01920318603515625
2 0.5371292114257813 0.09169998168945313 0.023535537719726562 0.03814651489257813
1 0.3798468589782715 0.8898106384277344 0.03599205017089844 0.08639801025390625
0 0.04413083791732788 0.15519309997558595 0.011592280864715577 0.017753982543945314
0 0.43178353309631345 0.31624946594238285 0.012100028991699218 0.018562164306640625
2 0.23802664279937744 0.21006710052490235 0.02255711555480957 0.03943840026855469
0 0.6345233917236328 0.28961170196533204 0.0127410888671875 0.019950332641601565
0 0.856900691986084 0.25464073181152347 0.010868453979492187 0.01711570739746094
0 0.7561680316925049 0.17116241455078127 0.011771392822265626 0.019284210205078128
0 0.4199456214904785 0.27457977294921876 0.011211967468261719 0.018631439208984375
0 0.9594736099243164 0.3914917755126953 0.01184539794921875 0.0188323974609375
0 0.345330023765564 0.5919410705566407 0.011224603652954102 0.017083129882812503
