1 0.15614721775054932 0.6698042297363281 0.054076838493347164 0.0949560546875
1 0.06877427101135254 0.882588348388672 0.02188727855682373 0.11553436279296876
0 0.6549487113952637 0.4653857421875 0.01156158447265625 0.017697143554687503
2 0.19749706983566284 0.25798873901367186 0.023812031745910643 0.039882965087890625
2 0.2655536651611328 0.43029556274414066 0.022574520111083983 0.04005950927734375
1 0.30077643394470216 0.27349617004394533 0.06383304595947266 0.02965789794921875
1 0.6962400436401367 0.7823165893554688 0.019312667846679687 0.095810546875
0 0.2103489398956299 0.7991546630859375 0.010290718078613282 0.015627593994140626
0 0.9582470893859864 0.057100982666015626 0.010829544067382813 0.0165673828125
0 0.5575761795043945 0.16933059692382812 0.010427474975585938 0.0158575439453125
0 0.5897774696350098 0.27097023010253907 0.009493827819824219 0.0142303466796875
2 0.1603086471557617 0.564539031982422 0.021728324890136718 0.043900756835937506
1 0.6941407884230636 0.5021593600707436 0.026779229428286772 0.10877881403820056
0 0.7313084602355957 0.05328788757324219 0.007823371887207031 0.013097610473632813
0 0.775931631455399 0.6399647887323945 0.011370305164319205 0.017018779342723084
0 0.09921508215962442 0.5619131455399061 0.010636737089201868 0.01819248826291073
