1 0.20286458333333332 0.3027777777777778 0.06510416666666667 0.06851851851851852
2 0.011979166666666666 0.7787037037037038 0.022916666666666665 0.040740740740740744
2 0.4434895833333333 0.6726851851851852 0.022395833333333334 0.04722222222222222
2 0.9640624999999999 0.30972222222222223 0.022916666666666665 0.04351851851851852
0 0.06666666666666667 0.775 0.013541666666666667 0.022222222222222223
0 0.10052083333333334 0.7157407407407408 0.0125 0.022222222222222223
0 0.2635416666666667 0.40324074074074073 0.013541666666666667 0.019444444444444445
0 0.28932291666666665 0.36712962962962964 0.011979166666666666 0.021296296296296296
0 0.37213541666666666 0.31342592592592594 0.0109375 0.030555555555555558
0 0.43072916666666666 0.45787037037037037 0.014583333333333334 0.02314814814814815
1 0.93203125 0.5319444444444444 0.04635416666666667 0.07314814814814816
1 0.8018229166666666 0.6523148148148148 0.0109375 0.017592592592592594
1 0.9940104166666667 0.7722222222222223 0.0109375 0.020370370370370372
