0 0.9066400527954102 0.4157598876953125 0.012224197387695312 0.019440612792968753
0 0.13243842124938965 0.22337562561035157 0.01283721923828125 0.019712677001953127
0 0.3671809196472168 0.2050511169433594 0.012133502960205078 0.01801727294921875
2 0.3134011268615723 0.08114662170410157 0.020250892639160155 0.033001861572265624
0 0.7426043510437011 0.6923628234863282 0.011123275756835938 0.016809387207031252
2 0.8135978698730468 0.9208391571044923 0.024527359008789062 0.03721527099609375
0 0.8884275436401367 0.11357543945312501 0.012383651733398438 0.018784637451171877
0 0.6103886127471924 0.11100452423095704 0.012320613861083985 0.017775650024414065
0 0.5414837837219239 0.05901309967041016 0.012317276000976563 0.01966087341308594
0 0.713297176361084 0.8171078491210938 0.012430381774902344 0.019936523437500003
0 0.4200579643249512 0.14141120910644533 0.011445426940917968 0.019216766357421877
0 0.6319363594055176 0.5116461944580079 0.011720085144042968 0.015525817871093752
0 0.622803020477295 0.08276412963867188 0.012168693542480468 0.017873535156250002
0 0.35602827072143556 0.22571777343750002 0.011252880096435547 0.01863426208496094
0 0.6345194816589356 0.5274470520019532 0.012294960021972657 0.016680908203125
