1 0.5753814697265625 0.35673065185546876 0.057186126708984375 0.09037384033203126
1 0.3633359670639038 0.5867176818847657 0.05397443771362304 0.06930206298828126
2 0.405794632434845 0.9056866455078125 0.022989821434020997 0.028581237792968752
2 0.36069037914276125 0.9318037414550782 0.022716188430786134 0.03828475952148438
0 0.09123868942260742 0.12570724487304688 0.012213611602783203 0.017823333740234377
1 0.7618779440641085 0.6311838235816802 0.04330401816361717 0.03482110785671978
0 0.87115478515625 0.21327461242675783 0.011676979064941407 0.01754730224609375
0 0.7938659790091178 0.12625012774093528 0.012702083587646485 0.01995414733886719
2 0.403769314289093 0.9436238861083985 0.01987473964691162 0.029317169189453127
0 0.10690772533416748 0.8107713317871095 0.011304712295532227 0.016939086914062502
1 0.969255256652832 0.4192918395996094 0.02374114990234375 0.05996673583984376
0 0.8735664367675781 0.7509333801269532 0.010695075988769532 0.015603027343750001
0 0.34286086350156547 0.7440588833992943 0.010307502746582032 0.016469573974609377
0 0.13189504146575928 0.937872772216797 0.01140594482421875 0.01717987060546875
0 0.3499177631578947 0.7350877192982456 0.00959429824561404 0.015789473684210596
0 0.35197368421052627 0.7524122807017544 0.009868421052631563 0.01622807017543854
0 0.11705043859649122 0.8157894736842105 0.011513157894736843 0.014912280701754432
0 0.5536162825059101 0.5459515366430261 0.009788711583924343 0.01684397163120565
0 0.5453051122931443 0.5545212765957448 0.009049940898345217 0.016252955082742347
