1 0.7454800605773926 0.5374571906195746 0.03106250762939453 0.12526075575086806
0 0.2285975694656372 0.583078850640191 0.012851333618164063 0.020457119411892363
2 0.29746665954589846 0.5629613240559896 0.02202596664428711 0.04165479871961806
0 0.7927145957946777 0.39478132459852433 0.01440887451171875 0.021482001410590278
0 0.4211405754089355 0.5753465440538195 0.012506103515625 0.021027628580729166
2 0.800988483428955 0.8078145345052083 0.02469215393066406 0.042735120985243055
2 0.6876770973205566 0.5672028435601129 0.023756790161132812 0.03734995524088542
0 0.23374383449554442 0.7756664699978298 0.012252283096313477 0.02021331787109375
0 0.127359139919281 0.4205290052625868 0.011975693702697753 0.01767578125
0 0.9639145851135253 0.48270890977647574 0.01172637939453125 0.020167371961805555
0 0.3267859935760498 0.3315890842013889 0.011063575744628906 0.018170335557725695
0 0.9030220985412597 0.9697332594129775 0.011897850036621093 0.0195465087890625
0 0.1273266077041626 0.4395863003200955 0.011013984680175781 0.016671244303385416
0 0.7914324283599854 0.4212892320421007 0.014118003845214843 0.020729573567708333
0 0.005015817657113075 0.6837298923068577 0.009892880171537399 0.018995836046006947
0 0.7107171058654785 0.5379828559027778 0.010805892944335937 0.019709608289930555
0 0.5836946050096339 0.23496039391993148 0.01144026974951835 0.01926782273603083
