0 0.04151638150215149 0.6959567260742188 0.012083280086517333 0.018759765625
0 0.006296258419752121 0.7885491180419922 0.012184609472751618 0.019298553466796875
1 0.4460775375366211 0.7696768951416016 0.07752103805541992 0.06175765991210938
0 0.7681544303894043 0.6109294891357422 0.011848068237304688 0.018795623779296878
0 0.30069265365600584 0.6232151794433595 0.012689971923828125 0.020050964355468753
1 0.454575252532959 0.7092918395996094 0.022678947448730467 0.10577178955078126
1 0.3278696060180664 0.2553050231933594 0.07338976860046387 0.02540069580078125
1 0.45820894241333004 0.7277550506591798 0.04622707366943359 0.146541748046875
0 0.683156681060791 0.9585548400878907 0.010933685302734374 0.015738677978515626
0 0.6771012306213379 0.9724595642089844 0.010197257995605469 0.01427978515625
0 0.17427884615384617 0.25509049773755654 0.011076546003016604 0.016214177978883842
0 0.5999010180995474 0.6204751131221721 0.009662518853695326 0.016214177978883887
