1 0.8344036102294922 0.815080795288086 0.05562019348144531 0.10776748657226563
0 0.3658522844314575 0.8518434143066407 0.01190500259399414 0.017668609619140626
1 0.44543685913085934 0.5697099304199219 0.015695858001708984 0.10414855957031251
0 0.15388232469558716 0.41052978515625005 0.011974716186523437 0.018594055175781252
0 0.810536003112793 0.4143089294433594 0.01047821044921875 0.01653167724609375
0 0.6896440982818604 0.10912368774414063 0.009356498718261719 0.015516510009765627
0 0.14298827648162843 0.4190043640136719 0.01167745590209961 0.020277557373046876
0 0.7810375213623046 0.36412384033203127 0.011537933349609375 0.018045654296875
0 0.3471362590789795 0.34114028930664064 0.011857938766479493 0.018701934814453126
0 0.2512335526315789 0.8603070175438597 0.00959429824561404 0.015350877192982467
0 0.6998089028776978 0.30800359712230213 0.008805455635491555 0.013489208633093502
