1 0.5767984390258789 0.9665349578857423 0.06749515533447266 0.06081985473632813
1 0.29471850395202637 0.5350227355957031 0.05442352294921875 0.108533935546875
0 0.892519187927246 0.4466864013671875 0.01188507080078125 0.018175048828125002
1 0.868887710571289 0.53676513671875 0.03753509521484375 0.13476165771484375
0 0.7688821792602539 0.5361103820800781 0.011606216430664062 0.01809295654296875
1 0.44899806976318357 0.7264675903320313 0.03420200347900391 0.08813278198242189
0 0.6170398712158203 0.5252043151855469 0.011447715759277343 0.01755584716796875
0 0.0046648956835269925 0.8221502685546875 0.009329791367053985 0.01860321044921875
0 0.06171530485153198 0.46890686035156254 0.01245943307876587 0.01850921630859375
0 0.1531643748283386 0.5204236602783203 0.013594412803649902 0.020776214599609377
0 0.08806090354919434 0.523870086669922 0.010998010635375977 0.01749847412109375
0 0.17184255123138428 0.8038284301757813 0.011791563034057618 0.0186273193359375
1 0.012877240777015686 0.24406929016113282 0.02537153959274292 0.059227905273437506
0 0.9863641738891601 0.7418289184570312 0.01182403564453125 0.01816986083984375
2 0.9719858169555664 0.5368263244628907 0.017304420471191406 0.03665771484375
0 0.1649232268333435 0.7798839569091798 0.01620614528656006 0.02228759765625
1 0.7916062355041504 0.6081185913085938 0.0855499267578125 0.04516647338867188
0 0.7621624946594239 0.1327549743652344 0.012344932556152344 0.0194091796875
0 0.8105927230046949 0.8201291079812207 0.008802816901408406 0.01584507042253525
0 0.14909771126760565 0.7966549295774649 0.012103873239436631 0.01701877934272299
