1 0.24654681682586668 0.6319085693359375 0.08036704063415527 0.06842254638671875
1 0.8712045669555664 0.4155923461914063 0.040244674682617186 0.11121917724609376
1 0.32099103927612305 0.45675933837890625 0.05991859436035156 0.0569732666015625
2 0.39439442157745364 0.7908025360107422 0.024680948257446288 0.03456710815429688
1 0.2328113079071045 0.4599723052978516 0.04918026924133301 0.11677886962890625
0 0.9299347877502441 0.32812923431396485 0.011562347412109375 0.018296585083007813
2 0.522864818572998 0.10854049682617188 0.028319835662841797 0.042208099365234376
1 0.7171904563903808 0.317481918334961 0.0684194564819336 0.03983322143554688
0 0.036888891458511354 0.7764659881591798 0.01316288709640503 0.019755859375
0 0.9716344833374023 0.1035045623779297 0.011261367797851562 0.0174639892578125
0 0.2861166000366211 0.23030830383300782 0.011281108856201172 0.016884765625000003
0 0.5342343330383301 0.967733612060547 0.01192789077758789 0.01708831787109375
0 0.8155979156494141 0.022581100463867188 0.010498237609863282 0.016220550537109375
0 0.5269216537475586 0.9845574569702149 0.011355209350585937 0.018371658325195314
0 0.538965368270874 0.9861063003540039 0.011814117431640625 0.01854606628417969
