0 0.2792967796325684 0.7115811157226563 0.01226806640625 0.019344482421875
1 0.44702763557434083 0.5754148864746094 0.07811298370361328 0.0506793212890625
2 0.9315114974975586 0.9260627746582032 0.02567596435546875 0.04071029663085938
2 0.598451805114746 0.10082466125488282 0.025859832763671875 0.03824386596679688
0 0.659000301361084 0.7950858306884766 0.011876201629638672 0.018093872070312503
0 0.16502125263214112 0.05515769958496094 0.010106277465820313 0.016042327880859377
0 0.1077112317085266 0.6671475219726563 0.011531233787536621 0.017396240234375002
0 0.5591378211975098 0.9388398742675782 0.01258087158203125 0.018973388671875
0 0.7981145858764649 0.2081570053100586 0.011364173889160157 0.01601768493652344
0 0.5498013316151202 0.7585910652920963 0.009664948453608227 0.01890034364261169
0 0.5498013316151202 0.7740549828178696 0.011812714776632306 0.013745704467353998
