1 0.655424976348877 0.5664420233832466 0.04397907257080078 0.1040130615234375
2 0.1823083996772766 0.5329147338867187 0.023321986198425293 0.04365336100260417
2 0.6025583744049072 0.35063408745659724 0.023568153381347656 0.041705322265625004
2 0.9097135543823242 0.8111293368869358 0.022739410400390625 0.03874833848741319
0 0.5331254005432129 0.2280326419406467 0.012537956237792969 0.019825575086805557
2 0.6319167137145996 0.3714321560329861 0.023138427734375 0.03648783365885417
2 0.6420508861541748 0.4053071763780382 0.02436685562133789 0.041642252604166666
2 0.6566770076751709 0.36736941867404516 0.023784828186035157 0.04709099663628472
2 0.9155525207519531 0.770066663953993 0.025610733032226562 0.04156697591145833
0 0.7294165134429932 0.42071304321289066 0.010434341430664063 0.01856926812065972
0 0.6757115364074707 0.9743459065755209 0.013160133361816406 0.0195281982421875
0 0.597222900390625 0.160555903116862 0.010807609558105469 0.018892330593532985
0 0.5264745712280273 0.15021497938368056 0.010891056060791016 0.018098364935980903
2 0.7799238204956055 0.8010812547471788 0.0220947265625 0.036957973904079865
2 0.9546806335449218 0.7177632649739584 0.020029830932617187 0.03491177029079861
0 0.818635368347168 0.32034920586480037 0.012287521362304687 0.02118479410807292
2 0.9294952392578125 0.7362026638454862 0.017013168334960936 0.02560797797309028
2 0.943709659576416 0.733559332953559 0.018819236755371095 0.02179328070746528
