1 0.2739940881729126 0.6964955139160157 0.06417231559753418 0.08768798828125
0 0.7404194831848144 0.3158439636230469 0.01210613250732422 0.01885101318359375
0 0.9538930892944336 0.17136306762695314 0.012566566467285156 0.019455871582031253
0 0.8159934997558593 0.7679861450195313 0.012611007690429688 0.01901580810546875
0 0.7841451644897461 0.3246764373779297 0.01146869659423828 0.017322235107421875
2 0.7336408615112304 0.6243414306640626 0.02427196502685547 0.0334991455078125
0 0.6415931701660156 0.030506553649902346 0.012263298034667969 0.018047332763671875
0 0.5453503608703614 0.9211402893066407 0.013243770599365235 0.019963378906250002
0 0.6141932487487793 0.9528974914550782 0.01144876480102539 0.019037170410156252
0 0.6089395523071289 0.08213699340820313 0.012219619750976563 0.01927215576171875
0 0.8641999244689941 0.04950553894042969 0.012021446228027343 0.019141693115234375
0 0.8407024383544922 0.05248039245605469 0.012008476257324218 0.0195458984375
0 0.9886282920837403 0.5034466552734376 0.012213325500488282 0.01813446044921875
0 0.7152009963989258 0.8265318298339844 0.011496543884277344 0.01760101318359375
0 0.7605348587036133 0.18121917724609377 0.012003135681152344 0.018885955810546876
0 0.8267719268798828 0.17308002471923828 0.01422882080078125 0.018654937744140627
0 0.8379278182983398 0.8238263702392579 0.012546157836914063 0.019673004150390628
0 0.8292926788330078 0.05857654571533204 0.012253570556640624 0.020698013305664065
0 0.8380551739926739 0.33379120879120877 0.008871336996336984 0.012820512820512846
0 0.9761332417582417 0.2007783882783883 0.01201923076923066 0.016941391941391923
