1 0.5433217525482178 0.32404668596055775 0.026822757720947266 0.11671409606933594
0 0.6384107589721679 0.763089836968316 0.014057350158691405 0.023594156901041666
0 0.2853825807571411 0.558278062608507 0.012127017974853516 0.02084079318576389
2 0.3593252420425415 0.45429382324218753 0.02602529525756836 0.044808451334635416
0 0.8345922470092774 0.27255706787109374 0.014055633544921875 0.02119233873155382
0 0.19833080768585204 0.28944168090820316 0.011832523345947265 0.02062259250217014
0 0.4946063995361328 0.7832406785753039 0.010179710388183594 0.017478434244791667
0 0.6760046005249023 0.31790305243598094 0.012357330322265625 0.020151435004340277
0 0.7331741333007813 0.23518753051757812 0.012248611450195313 0.021258036295572918
0 0.4631975173950195 0.3724955240885417 0.012282943725585938 0.0201080322265625
0 0.5085995674133301 0.4604721917046441 0.01038970947265625 0.01856723361545139
0 0.8356258392333984 0.05326711866590712 0.01219329833984375 0.020309956868489583
0 0.07665468454360962 0.15561718410915798 0.010633063316345216 0.017459615071614584
0 0.6526996612548828 0.7873016357421875 0.013568496704101563 0.022552490234375
0 0.6872535705566406 0.2576016320122613 0.011032962799072265 0.018606652153862847
0 0.6664803602077342 0.256559825630345 0.008474464769716524 0.016072735570585802
0 0.6823952198028564 0.2414399888780382 0.008762741088867187 0.014835951063368056
0 0.6720301981325503 0.24170000680680143 0.010502815246582031 0.017824639214409722
1 0.07063749432563782 0.5139114379882813 0.04888440370559692 0.03469272189670139
0 0.5574840068817138 0.8337124294704862 0.01150369644165039 0.016728040907118057
0 0.8739517211914062 0.6376834445529515 0.011383438110351562 0.01888834635416667
0 0.9462783813476562 0.2577444712320964 0.012635040283203124 0.020702955457899307
0 0.3617292311661507 0.09087260635248252 0.010803663570691431 0.01777319114780415
0 0.6756004050925924 0.2584876543209877 0.009765625 0.01800411522633746
