0 0.2837204933166504 0.6004698011610243 0.01272439956665039 0.020778910319010416
0 0.9186793327331543 0.1360984378390842 0.012982940673828125 0.023574405246310763
2 0.36123535633087156 0.24890535142686632 0.028664350509643555 0.040119764539930554
0 0.6769039154052734 0.9548280504014758 0.011072158813476562 0.018570793999565974
2 0.8779024124145508 0.2135101318359375 0.03395290374755859 0.040521240234375
0 0.7445090293884278 0.7236935085720486 0.012509346008300781 0.021823289659288196
0 0.019257792830467226 0.8238401624891494 0.012284809350967407 0.02104373508029514
0 0.5634501934051513 0.6571924845377605 0.01172046661376953 0.0187530517578125
0 0.02017751932144165 0.8012027316623265 0.012577444314956665 0.021063741048177084
0 0.2521188735961914 0.4194157918294271 0.011993598937988282 0.019230821397569445
0 0.5015909194946289 0.8640060424804688 0.010512256622314453 0.017576768663194447
0 0.23211300373077393 0.4166020711263021 0.01064162254333496 0.017291259765625
0 0.9962471008300781 0.5236401028103299 0.00750579833984375 0.022120157877604168
0 0.24032173156738282 0.43906080457899305 0.012468242645263672 0.0216278076171875
0 0.8675873756408691 0.26547550625271266 0.011481475830078126 0.019512515597873266
0 0.8885078430175781 0.2660858154296875 0.012586212158203125 0.02245983547634549
0 0.24204738713667284 0.42499828214113927 0.009856215213358095 0.014430014430014427
