1 0.7923398017883301 0.2774127197265625 0.044491004943847653 0.08296676635742188
1 0.47539089183284805 0.4570668611570037 0.08348726311775104 0.043129156103961466
2 0.9342538833618164 0.37328865051269533 0.010921478271484375 0.016776885986328125
0 0.8403358459472656 0.33187202453613285 0.01114959716796875 0.018124542236328128
0 0.2849574089050293 0.13624702453613283 0.01237192153930664 0.019740371704101565
0 0.2660819053649902 0.9448562622070313 0.009795475006103515 0.018197937011718752
0 0.6313555240631104 0.8471463012695313 0.010672760009765626 0.01660919189453125
0 0.8745002746582031 0.42700225830078126 0.012818717956542968 0.0190087890625
0 0.03733159303665161 0.7185325622558594 0.010876011848449708 0.01459442138671875
0 0.2742174812725612 0.26342302958170577 0.011832894597734681 0.014820607503255163
0 0.2760416666666667 0.9455357142857144 0.011160714285714295 0.01726190476190482
