1 0.967068099975586 0.6123306274414063 0.03712539672851563 0.08451944986979167
2 0.15555014610290527 0.19278844197591147 0.024269580841064453 0.04361945258246528
2 0.8440203666687012 0.6625778198242188 0.024322319030761718 0.04326816134982639
2 0.5550159931182861 0.538806406656901 0.02163534164428711 0.038827006022135416
2 0.5183019638061523 0.7895003424750434 0.02239093780517578 0.03991851806640625
2 0.9599419593811035 0.9011142306857639 0.023341560363769533 0.04086100260416667
1 0.9484050750732421 0.9844341701931424 0.06445045471191406 0.03113165961371528
2 0.9800626754760742 0.881878662109375 0.02429962158203125 0.042592366536458336
0 0.8065449714660644 0.9264794243706598 0.011546897888183593 0.019246080186631945
0 0.45535616874694823 0.06665869818793403 0.012555789947509765 0.021670193142361113
0 0.6018658638000488 0.40124359130859377 0.010961532592773438 0.018212890625000002
2 0.7751864433288574 0.7372920566134983 0.025725364685058594 0.04343363444010417
0 0.7113934516906738 0.47435217963324655 0.009268379211425782 0.014789835611979166
0 0.07014816403388976 0.840982394748264 0.009436714649200439 0.016624959309895833
2 0.9682374954223633 0.8942493014865451 0.021935653686523438 0.039088270399305555
0 0.07978736162185669 0.8489629109700522 0.009195446968078613 0.017803276909722224
0 0.5702121734619141 0.46743638780381946 0.007995223999023438 0.014101833767361112
0 0.1590219421101774 0.25723622782446315 0.009045284780578911 0.01608050627658473
0 0.15887605042016806 0.27305737109658684 0.01079598506069095 0.01608050627658473
0 0.20304608585858583 0.7024410774410773 0.009943181818181834 0.01711560044893369
0 0.20044191919191917 0.7208193041526375 0.01073232323232324 0.017957351290684608
0 0.8807128054101221 0.8786115958890829 0.01077116055846427 0.01648245103742496
