1 0.9408639907836914 0.10771549224853516 0.07829113006591797 0.0826921844482422
1 0.03602981269359588 0.7923622131347656 0.0557496964931488 0.12215377807617188
2 0.7445612907409668 0.6736633300781251 0.023461532592773438 0.04337860107421875
1 0.4240120410919189 0.17412857055664063 0.03814964294433594 0.1263169860839844
1 0.7192959785461426 0.15478286743164063 0.021533775329589843 0.13445663452148438
0 0.37245888710021974 0.3720792388916016 0.012182331085205078 0.01861968994140625
0 0.5186166286468505 0.2493218231201172 0.013707828521728515 0.020856170654296877
0 0.541728401184082 0.2581932830810547 0.011779975891113282 0.019311828613281252
0 0.4188794136047363 0.26936573028564453 0.011474800109863282 0.017073516845703126
0 0.3510122299194336 0.1455873489379883 0.01179351806640625 0.017705078125000002
0 0.07861753702163696 0.7790250396728516 0.012173223495483398 0.018991088867187502
0 0.06631106734275818 0.2301186752319336 0.009697377681732178 0.014870223999023439
0 0.3819286346435547 0.2306854248046875 0.008545017242431641 0.012479400634765625
0 0.26164486408233645 0.10772445678710939 0.011548757553100586 0.017134170532226562
0 0.4119695807770961 0.5401329243353783 0.011183537832310837 0.018916155419222872
