1 0.7590010643005372 0.24817352294921877 0.02684488296508789 0.1169309828016493
2 0.0732571005821228 0.6889400058322482 0.022246456146240233 0.04148118760850695
0 0.48294639587402344 0.2279891120062934 0.011651039123535156 0.019659423828125
0 0.5803157806396484 0.7322777642144097 0.011760520935058593 0.02053866916232639
0 0.591153907775879 0.5569769965277778 0.01145172119140625 0.020045979817708334
0 0.8836068153381348 0.5296140882703994 0.011821365356445313 0.01947089301215278
0 0.4035205841064453 0.08231319851345487 0.012377166748046875 0.021196153428819444
0 0.11486182212829589 0.5495559692382813 0.012207460403442384 0.020854356553819446
0 0.9188905715942383 0.852034166124132 0.012331008911132812 0.02122531467013889
0 0.8716602325439453 0.7913981119791667 0.01315155029296875 0.022539605034722222
0 0.15812865495681763 0.9068931579589844 0.01253960132598877 0.020029873318142363
0 0.9694445610046386 0.18137427435980905 0.012404823303222656 0.021151224772135418
0 0.20541019439697264 0.26124394734700523 0.011071538925170899 0.018964301215277778
0 0.6944717407226563 0.916695319281684 0.011274242401123047 0.018525187174479166
0 0.3540513515472412 0.4299786037868924 0.012525367736816406 0.019914076063368057
0 0.9568611145019531 0.7517842610677083 0.011824798583984376 0.01903415256076389
0 0.9826494216918945 0.9497138129340278 0.012720489501953125 0.02006259494357639
0 0.37717881202697756 0.16136695014105903 0.011101055145263671 0.01896557278103299
0 0.7920031547546387 0.5396221584743924 0.012100791931152344 0.01938510470920139
0 0.6693884372711182 0.4459890577528212 0.011835765838623048 0.018376668294270836
0 0.1639500617980957 0.9481827629937066 0.012209510803222657 0.022615898980034722
0 0.4514154434204101 0.18462744818793403 0.011132049560546874 0.01959923638237847
0 0.3735177040100098 0.8630077785915798 0.010794925689697265 0.018016391330295138
0 0.8287052154541016 0.4928958468967014 0.01159820556640625 0.019472927517361113
0 0.822995662689209 0.5205430772569445 0.012215614318847656 0.02306942409939236
0 0.6687344551086426 0.46661224365234377 0.012035560607910157 0.018095567491319447
0 0.7975502490997315 0.5021143595377604 0.015339374542236328 0.028836737738715278
0 0.6793863773345947 0.49160325792100695 0.009493541717529298 0.017252604166666668
0 0.22382705211639403 0.3822050306532118 0.010791921615600586 0.018672010633680555
0 0.677639389038086 0.4687483045789931 0.009283638000488282 0.017867702907986113
