1 0.20309584140777587 0.09358211517333985 0.08527655601501465 0.05488967895507813
1 0.75393648147583 0.837230224609375 0.037663841247558595 0.11917724609375001
0 0.8605386734008789 0.7045783996582031 0.012682533264160157 0.018227386474609378
1 0.3568620443344116 0.7697638702392579 0.04709515571594238 0.10771682739257814
0 0.24289724826812745 0.06574085235595703 0.012683916091918945 0.019337997436523438
2 0.40498437881469723 0.44307029724121094 0.023125743865966795 0.038790588378906254
2 0.15130250453948973 0.4365165710449219 0.02432692050933838 0.035739135742187504
2 0.9563188552856445 0.0210245418548584 0.023698806762695312 0.03947877883911133
2 0.9253666877746581 0.06881378173828126 0.02115764617919922 0.03802452087402344
2 0.9418535232543945 0.06043434143066407 0.01835212707519531 0.027078552246093752
2 0.9398234367370605 0.09793785095214845 0.024169731140136718 0.03395767211914063
0 0.026656890660524367 0.5790771484375 0.011870335042476653 0.021111755371093752
