0 0.2170191764831543 0.0323553466796875 0.011075687408447266 0.017252655029296876
2 0.5125661373138428 0.46091995239257816 0.023194599151611327 0.03697891235351563
0 0.5038604736328125 0.009935188293457032 0.012386894226074219 0.018967018127441407
0 0.6714422056468591 0.22422098507538685 0.011857761818620579 0.018408858578508075
1 0.07300734668970107 0.5272183227539062 0.06961981952190399 0.0270294189453125
0 0.0972125768661499 0.6634974670410156 0.010577034950256348 0.016629943847656252
0 0.7165838241577148 0.17680984497070312 0.010980033874511718 0.016546020507812502
0 0.7598258018493652 0.14902717590332032 0.011528968811035156 0.016785583496093753
0 0.024160028994083406 0.753592529296875 0.012683483958244323 0.01776336669921875
0 0.1402517080307007 0.5778218078613282 0.011529755592346192 0.017312622070312502
0 0.6610895156860351 0.43452972412109375 0.011869239807128906 0.0172064208984375
2 0.5244774998441804 0.16636377373233466 0.021259307861327948 0.02983573913574219
0 0.34688870906829833 0.21076728820800783 0.011359977722167968 0.017652130126953127
0 0.9427386283874511 0.5560496520996094 0.011791419982910157 0.01755462646484375
0 0.19626611471176147 0.7922637939453125 0.012430834770202636 0.01725067138671875
0 0.8665705680847168 0.2859501647949219 0.012615966796875 0.017864990234375003
0 0.36011180877685545 0.8220808410644532 0.012778615951538086 0.01852081298828125
0 0.04389983415603638 0.6633709716796875 0.011650300025939942 0.01749237060546875
2 0.5170601844787598 0.14018260955810546 0.015432357788085938 0.02304161071777344
0 0.6164281845092774 0.24167236328125002 0.011058330535888672 0.018408966064453126
0 0.20083036422729492 0.3428910064697266 0.012531089782714843 0.0198016357421875
0 0.6768841743469238 0.9836508560180665 0.012007522583007812 0.017263107299804688
0 0.643128453038674 0.8008747697974218 0.009783609576427328 0.018876611418047844
0 0.6773710865561694 0.9401473296500922 0.01323664825046033 0.01657458563535916
0 0.6762200736648251 0.9567219152854511 0.010934622467771623 0.01565377532228354
0 0.47421731123388583 0.6703499079189686 0.010359116022099475 0.015653775322283632
0 0.6255755064456722 0.3947974217311234 0.010359116022099475 0.01611418047882135
0 0.6065837937384899 0.2435543278084715 0.007481583793738504 0.015653775322283583
0 0.670321132596685 0.24171270718232044 0.011222375690607696 0.014732965009208102
0 0.9746201657458563 0.8775322283609577 0.01323664825046033 0.01933701657458566
