1 0.35290443897247314 0.43807434082031255 0.04628138542175293 0.13246307373046876
0 0.2093946933746338 0.2886686706542969 0.01182870864868164 0.018682098388671877
0 0.3160205841064453 0.4487045288085938 0.011699390411376954 0.018564453125
2 0.5405593872070312 0.8968081665039063 0.023419952392578124 0.039652404785156255
1 0.2953644275665283 0.7417819213867188 0.06455836296081544 0.024001617431640625
0 0.5200587749481201 0.14931697845458985 0.012175369262695312 0.018406753540039063
1 0.6553503513336182 0.2740396118164063 0.048383331298828124 0.039715118408203125
0 0.5239912033081054 0.17818328857421875 0.012214851379394532 0.020848999023437502
0 0.7627191066741943 0.1391112518310547 0.013199710845947265 0.0193353271484375
0 0.9190519332885742 0.04125045776367188 0.011704635620117188 0.018560562133789062
