1 0.2932495832443237 0.24625328063964846 0.06544475555419922 0.04238563537597657
1 0.6890263557434082 0.5890718078613282 0.023431682586669923 0.11989532470703126
0 0.5443762302398681 0.46918701171875005 0.011620616912841797 0.01771484375
0 0.8701608657836913 0.6697645568847657 0.011444091796875 0.01658233642578125
0 0.6059662342071533 0.22177825927734376 0.012151241302490234 0.019458465576171875
0 0.16881227493286133 0.8300897216796875 0.010167169570922851 0.0156597900390625
0 0.11216366291046143 0.6359029388427735 0.012354135513305664 0.01749237060546875
0 0.1566640853881836 0.834021224975586 0.011377525329589844 0.017159271240234378
0 0.19312185049057007 0.31677597045898437 0.010590529441833496 0.017603302001953126
0 0.1600405216217041 0.8561180114746094 0.013658857345581055 0.0210382080078125
0 0.17360610961914064 0.8610266876220704 0.013368988037109375 0.0199664306640625
0 0.7676513671875 0.8239993286132813 0.01086597442626953 0.01781463623046875
0 0.40664854049682614 0.33740806579589844 0.012202644348144531 0.018779296875
0 0.7763598442077637 0.7916007232666016 0.01297636032104492 0.019283447265625
0 0.08798643946647644 0.6423220825195313 0.011152040958404542 0.016744079589843752
0 0.772647476196289 0.8421957397460939 0.011956596374511718 0.0190185546875
0 0.10117840766906738 0.6429486846923829 0.01158285140991211 0.01779815673828125
0 0.7852508916878493 0.8040582403965304 0.011321326909307552 0.019516728624535254
0 0.07595038659793811 0.23969072164948454 0.010201890034364261 0.016323024054982843
0 0.20293707044673537 0.2959621993127148 0.012349656357388324 0.01975945017182132
0 0.4071091065292096 0.32130584192439865 0.013155068728522323 0.016323024054982798
0 0.6906871890547263 0.2197346600331675 0.011660447761193992 0.01741293532338311
0 0.8776395173453996 0.683634992458522 0.008484162895927601 0.015082956259426796
0 0.867152149321267 0.6853318250377074 0.012019230769230779 0.015460030165912525
0 0.8715120663650076 0.7006033182503771 0.01036953242835601 0.01885369532428361
0 0.772905049566295 0.8045229244114003 0.012778810408921969 0.014869888475836415
