1 0.05223032236099243 0.9672149658203125 0.0586014986038208 0.063118896484375
2 0.22051553726196288 0.5763423919677735 0.02255535125732422 0.03505523681640625
1 0.12757022380828859 0.1524813461303711 0.03818788528442383 0.10335464477539064
1 0.4559322357177734 0.0938861083984375 0.034285545349121094 0.08758010864257813
2 0.7926664352416992 0.1894867706298828 0.025900650024414062 0.04444869995117188
0 0.42094984054565426 0.5759699249267578 0.011934471130371094 0.0186199951171875
2 0.07053449153900146 0.13055225372314455 0.02352898120880127 0.033462600708007814
2 0.34755990505218504 0.3795005798339844 0.0228670597076416 0.0362457275390625
0 0.5350503921508789 0.6692797851562501 0.012078857421875 0.01721588134765625
0 0.5048284530639648 0.8229646301269532 0.011426544189453125 0.018524169921875
0 0.028882200270891188 0.12505916595458985 0.011243318021297456 0.017614822387695312
0 0.2638998985290527 0.8899017333984376 0.01112680435180664 0.0171051025390625
0 0.7252730369567871 0.26903911590576174 0.012950325012207031 0.019398345947265628
0 0.29130377769470217 0.8798899841308594 0.01137838363647461 0.01741455078125
2 0.3533483982086182 0.889345703125 0.02452530860900879 0.033065185546875
