1 0.8516876220703125 0.5934494018554688 0.06991157531738282 0.1011661105685764
2 0.097974294424057 0.3807064480251736 0.02077687978744507 0.04673529730902778
0 0.647027587890625 0.5139316134982639 0.011765861511230468 0.0204803466796875
0 0.5332448959350586 0.4645892673068577 0.011393165588378907 0.019198947482638888
0 0.8821536064147949 0.5366271124945746 0.010761642456054687 0.01929846869574653
0 0.8330999374389648 0.5086676703559028 0.01196746826171875 0.020700073242187502
0 0.4712918758392334 0.1556491427951389 0.011174964904785156 0.022181786431206597
0 0.12549827098846436 0.7289070977105035 0.012554645538330078 0.02010158962673611
0 0.7994476318359375 0.3790015326605903 0.012263107299804687 0.020295545789930557
0 0.5132895469665527 0.15059890747070312 0.012899208068847656 0.019367048475477433
0 0.8271806318681318 0.6561864061864062 0.010588369963369952 0.021367521367521385
