1 0.4602329254150391 0.19489532470703128 0.032464790344238284 0.126580810546875
1 0.43479223251342775 0.32555732727050785 0.06848011016845704 0.060130615234375004
1 0.39629230499267576 0.9292599487304688 0.06687288284301758 0.06530975341796875
1 0.23978669643402098 0.6748983764648437 0.042436408996582034 0.128070068359375
2 0.6172935962677002 0.31682151794433594 0.02323780059814453 0.03843093872070313
0 0.27129349708557127 0.28698081970214845 0.01330413818359375 0.019917449951171878
2 0.48862428665161134 0.6533179473876953 0.02266559600830078 0.032595520019531254
1 0.20023493170738219 0.037533721923828124 0.027013885974884033 0.07480506896972657
1 0.234877872467041 0.7699317169189454 0.0441802978515625 0.11296035766601563
0 0.9944089889526367 0.007304582595825196 0.010403251647949219 0.014609165191650392
0 0.1679746389389038 0.8472377014160157 0.010313272476196289 0.016723785400390625
0 0.8232712745666504 0.0531631088256836 0.011800765991210938 0.016831359863281253
0 0.3357813835144043 0.10946609497070313 0.011008262634277344 0.016374740600585937
0 0.17778208255767822 0.8427536010742188 0.010790681838989258 0.017213745117187502
0 0.23673229217529296 0.6158755493164063 0.012440156936645509 0.01599334716796875
