1 0.7549657344818115 0.6404090881347656 0.07787961959838867 0.043133884006076394
2 0.382317852973938 0.0956697252061632 0.024819564819335938 0.04496900770399306
2 0.6382756233215332 0.8013490464952258 0.02153167724609375 0.04284939236111111
2 0.17034493684768676 0.4888770209418403 0.02531430721282959 0.044457499186197916
2 0.9063237190246581 0.5874170939127604 0.02844753265380859 0.04425693088107639
1 0.9812932014465332 0.4754077487521702 0.018683815002441408 0.13815104166666667
0 0.8843057632446288 0.9546463012695313 0.012113571166992188 0.019765218098958336
0 0.5082384586334229 0.8239213731553819 0.011867618560791016 0.01911231146918403
0 0.7460991859436035 0.30552495320638023 0.012627220153808594 0.01985846625434028
0 0.7922365188598632 0.9166349622938368 0.009579849243164063 0.01619601779513889
0 0.9547735214233398 0.6177057054307726 0.01127777099609375 0.018948025173611112
0 0.10598728656768798 0.8945037841796876 0.009767770767211914 0.016454399956597223
0 0.509079122543335 0.8452221340603299 0.011741542816162109 0.021232774522569445
0 0.9323009490966797 0.4717100355360243 0.012223052978515624 0.02094963921440972
0 0.14404852390289308 0.4302736070421007 0.01084151268005371 0.01950107150607639
0 0.2196507453918457 0.07607913547092014 0.012470722198486328 0.0214202880859375
0 0.5208996772766114 0.8412085639105903 0.013776969909667968 0.023187255859375002
0 0.10928959846496582 0.9138178507486979 0.011027908325195313 0.01805029975043403
0 0.9011384963989257 0.9337052239312066 0.013478469848632811 0.020409647623697916
0 0.019090306758880616 0.5063450283474392 0.008718931674957275 0.01580657958984375
2 0.3717507839202881 0.13022596571180556 0.012824821472167968 0.023145039876302086
0 0.14814608097076415 0.8803231133355035 0.011916160583496094 0.020640394422743055
0 0.6652429580688477 0.7243481106228299 0.011762428283691406 0.019594319661458335
0 0.9096324233716475 0.40974882928905926 0.01077586206896548 0.019157088122605352
