1 0.18031073808670045 0.17464859008789063 0.07070643901824951 0.06550247192382813
0 0.3914232015609741 0.4511666870117188 0.012067794799804688 0.01853790283203125
1 0.7073322296142578 0.30571731567382815 0.06408462524414063 0.05793594360351563
0 0.6854972839355469 0.43258750915527344 0.011810111999511718 0.017299652099609375
2 0.40290374755859376 0.2969914245605469 0.023819637298583985 0.0377191162109375
2 0.5347178459167481 0.5786264038085938 0.026727867126464844 0.0380859375
2 0.5041404724121094 0.624305419921875 0.02587451934814453 0.04373077392578125
1 0.6557771682739257 0.282428092956543 0.041626930236816406 0.0928960418701172
2 0.5027598381042481 0.5705595397949219 0.025435256958007812 0.039926757812500005
2 0.8694448471069336 0.17619544982910157 0.0218017578125 0.03352020263671875
2 0.5248451709747315 0.6121971130371094 0.021375560760498048 0.033431396484375
0 0.3638296365737915 0.12798912048339844 0.010999631881713868 0.017078704833984375
0 0.9107949256896972 0.501246337890625 0.01236896514892578 0.018631591796875003
0 0.27036807537078855 0.9838125991821289 0.012884759902954101 0.02114128112792969
0 0.2794093132019043 0.958415985107422 0.015358448028564453 0.026760559082031253
0 0.33826513290405275 0.9931065368652344 0.012497138977050782 0.013786926269531251
0 0.26999783515930176 0.9737374877929688 0.011643314361572265 0.01704986572265625
0 0.5381271362304687 0.2997001647949219 0.012885856628417968 0.020132369995117187
2 0.9963656425476074 0.3028131866455078 0.007268714904785156 0.049188842773437505
