1 0.659745740890503 0.7962130737304688 0.0500518798828125 0.088424072265625
0 0.3774786710739136 0.07405494689941407 0.012513494491577149 0.020609588623046876
0 0.893096923828125 0.5262889099121094 0.011905479431152343 0.018592529296875
0 0.6207232475280762 0.6057353973388673 0.011276531219482421 0.017509307861328125
0 0.5669473648071289 0.73415771484375 0.010607433319091798 0.016782531738281252
0 0.543340015411377 0.737000732421875 0.011563873291015625 0.018795776367187503
0 0.6428358078002929 0.5905187225341797 0.011743736267089844 0.016442565917968752
0 0.866519546508789 0.5609803771972657 0.011918258666992188 0.01761505126953125
0 0.936252498626709 0.35205825805664065 0.011276626586914062 0.01646759033203125
0 0.6035759925842286 0.058547439575195315 0.01143474578857422 0.018351821899414065
0 0.6441671848297119 0.605111312866211 0.011383247375488282 0.016962890625
0 0.6037439823150634 0.3015752410888672 0.013118934631347655 0.018653106689453126
0 0.5554390907287597 0.7363473510742188 0.013529109954833984 0.0182196044921875
0 0.5546356678009033 0.7062076568603516 0.014476776123046875 0.018026580810546877
0 0.5604578971862793 0.7188520812988282 0.01297016143798828 0.015482177734375002
0 0.8809756278991699 0.5238426208496094 0.01235504150390625 0.01836456298828125
0 0.05877629518508911 0.9858514785766602 0.01105811595916748 0.017670822143554688
0 0.6328845024108887 0.609471893310547 0.011550712585449218 0.017633361816406252
0 0.462339973449707 0.8079257965087892 0.009918212890625 0.016862335205078127
0 0.4434345245361328 0.37467666625976564 0.010767745971679687 0.01848419189453125
0 0.8915509259259259 0.3409259259259259 0.009490740740740715 0.016666666666666666
0 0.8819444444444445 0.5390740740740741 0.008796296296296309 0.011481481481481525
