1 0.4669014930725098 0.726993899875217 0.07075672149658203 0.12526770697699655
1 0.5983333587646484 0.8704288058810764 0.04598045349121094 0.1144685533311632
2 0.5527294158935547 0.7871220058865017 0.024670219421386717 0.04186859130859375
0 0.21563405990600584 0.8876932779947917 0.012115955352783203 0.019533284505208335
2 0.5852847099304199 0.790154774983724 0.020653152465820314 0.03441212972005209
0 0.6901421546936035 0.2014929877387153 0.012796783447265625 0.019456481933593752
0 0.9148507118225098 0.06688995361328125 0.011285018920898438 0.019460890028211806
0 0.9460622787475585 0.7922732883029514 0.012863922119140624 0.020286390516493058
0 0.8593593597412109 0.9309024386935765 0.012566375732421874 0.022169664171006947
0 0.4320504188537598 0.8916829427083334 0.010714912414550781 0.019108412000868057
0 0.4614962577819824 0.5185170491536458 0.010311126708984375 0.01602020263671875
0 0.41611294746398925 0.14854778713650174 0.010689353942871094 0.0181656731499566
0 0.8910537719726562 0.5818793402777778 0.0104644775390625 0.018708631727430557
0 0.8467334747314453 0.9097435845269097 0.013978958129882812 0.02022365993923611
2 0.6049795627593995 0.7579267713758681 0.02844266891479492 0.0383697509765625
0 0.9076711654663085 0.08760384453667536 0.010307693481445312 0.01907925075954861
0 0.2163078784942627 0.16110127766927085 0.009117984771728515 0.01531770494249132
2 0.579210615158081 0.7523724026150174 0.021367645263671874 0.036843532986111115
0 0.7896320343017578 0.4076573689778646 0.011330986022949218 0.019209798177083334
0 0.8949208252090128 0.6014513766651128 0.009187890597599354 0.016575984667031102
0 0.829824009203529 0.927119926428712 0.010431671142578125 0.019572787814670138
0 0.7814987182617188 0.43964521620008684 0.009171295166015624 0.015302530924479167
0 0.21878952980041502 0.18025317721896703 0.0101715087890625 0.01790042453342014
0 0.7734496116638183 0.4303214179144965 0.01121692657470703 0.019637044270833334
0 0.4361776828765869 0.45835588243272574 0.0111785888671875 0.01987270779079861
0 0.7900238990783691 0.4185154385036893 0.01275043487548828 0.016331990559895836
0 0.7890050326872545 0.43749073724966925 0.010183431669602191 0.019111800221494262
0 0.8443622589111328 0.9271530999077692 0.015639114379882812 0.02206268310546875
0 0.8330172538757324 0.9152208116319445 0.012636375427246093 0.02186279296875
0 0.9016379068462401 0.5871368000997631 0.010697250280583622 0.016523257263998056
0 0.9877420033670032 0.723375732634992 0.00964506172839504 0.018393814690110984
