1 0.46041666666666664 0.3087962962962963 0.084375 0.05462962962962963
0 0.32578125 0.28101851851851856 0.011979166666666666 0.019444444444444445
0 0.17213541666666665 0.11435185185185186 0.0109375 0.017592592592592594
0 0.024739583333333332 0.4439814814814815 0.013020833333333334 0.019444444444444445
0 0.13072916666666667 0.5685185185185185 0.010416666666666666 0.016666666666666666
0 0.31953125 0.4990740740740741 0.013020833333333334 0.020370370370370372
0 0.35546875 0.49722222222222223 0.011979166666666666 0.020370370370370372
0 0.4440104166666667 0.46296296296296297 0.011979166666666666 0.022222222222222223
0 0.5015625 0.5819444444444445 0.011458333333333333 0.02314814814814815
0 0.6078125 0.5564814814814815 0.011458333333333333 0.018518518518518517
0 0.3963541666666667 0.8921296296296297 0.011458333333333333 0.019444444444444445
0 0.47421874999999997 0.8166666666666667 0.0109375 0.018518518518518517
2 0.60625 0.788425925925926 0.025 0.03796296296296296
0 0.76328125 0.6199074074074075 0.009895833333333333 0.015740740740740743
0 0.7661458333333333 0.6356481481481482 0.009375 0.019444444444444445
0 0.8890625 0.7393518518518519 0.0125 0.017592592592592594
0 0.8997395833333334 0.1814814814814815 0.0109375 0.020370370370370372
