1 0.6175296783447266 0.3121549987792969 0.06619281768798828 0.0857354736328125
1 0.7882776737213135 0.7311839294433594 0.06096506118774414 0.10535293579101564
1 0.8594473838806153 0.8006874084472657 0.05485191345214844 0.059662780761718756
1 0.42171373367309567 0.034559469223022464 0.024823379516601563 0.06870744705200196
1 0.3314573526382446 0.3016844177246094 0.02815451622009277 0.14870437622070312
0 0.2479085683822632 0.7277554321289063 0.011940431594848634 0.01762054443359375
1 0.4936558723449707 0.8363804626464845 0.05934314727783203 0.0964044189453125
1 0.4718179223744292 0.9138127853881282 0.030679223744292255 0.11415525114155249
0 0.34241480827331544 0.7164256286621095 0.010706901550292969 0.0171197509765625
0 0.026855062693357468 0.755667953491211 0.011653627455234527 0.019213104248046876
1 0.34977586269378663 0.5735786437988282 0.028809118270874023 0.12925216674804688
0 0.536888837814331 0.9165024566650392 0.012563514709472656 0.018410339355468753
2 0.09511781334877015 0.20676803588867188 0.020873677730560303 0.035030212402343754
1 0.6691637992858886 0.6009844970703125 0.08812427520751953 0.030032958984375004
1 0.6404130935668946 0.5219432067871094 0.04371833801269531 0.13101943969726562
1 0.1506040096282959 0.9359473419189454 0.08438825607299805 0.06768341064453126
0 0.5592568397521973 0.7580500793457031 0.011623001098632813 0.018822631835937503
0 0.2520147800445557 0.15909378051757814 0.012228679656982423 0.01931083679199219
2 0.11516966819763183 0.19545188903808594 0.023384475708007814 0.0460931396484375
0 0.9963099479675293 0.4262646484375 0.007158088684082031 0.014446716308593751
2 0.0944335401058197 0.17575279235839844 0.017577826976776123 0.023670806884765628
