1 0.37961912155151367 0.7490386962890625 0.0752370834350586 0.07057902018229167
1 0.4696961402893066 0.40339881049262155 0.019281387329101562 0.12602606879340278
1 0.3908580541610718 0.8498131646050348 0.07143445014953613 0.030967542860243058
0 0.5913807392120362 0.33080427381727434 0.012192535400390624 0.0205718994140625
2 0.22140569686889647 0.8544361538357205 0.024802207946777344 0.04240553114149306
2 0.15177831649780274 0.6150883992513021 0.02273898124694824 0.03939005533854167
0 0.5871493339538574 0.5678966946072049 0.011051750183105469 0.01877390543619792
1 0.8674535751342773 0.7142322116427952 0.03353805541992187 0.07196926540798611
0 0.7030624389648438 0.7195783827039931 0.01262216567993164 0.01909756130642361
0 0.8852851867675781 0.6989815606011285 0.009501266479492187 0.014710150824652778
0 0.851707910321489 0.7885880804662531 0.01083967851099826 0.01974055273547669
