1 0.137270188331604 0.030491828918457035 0.061651420593261716 0.05940971374511719
1 0.3525559425354004 0.6099591064453126 0.020749759674072266 0.11984024047851563
0 0.4538122177124023 0.7087297821044922 0.011965179443359375 0.019105987548828127
0 0.10410606861114502 0.8508952331542969 0.011969161033630372 0.017100982666015625
0 0.0844830572605133 0.06667922973632813 0.011668312549591064 0.0182171630859375
0 0.6511928081512451 0.834605712890625 0.012059497833251952 0.017303314208984375
0 0.40884819030761715 0.2178142547607422 0.011867713928222657 0.017828216552734377
0 0.6405951499938964 0.1624522399902344 0.010640907287597656 0.016949844360351563
0 0.39108877182006835 0.2413945770263672 0.011916065216064453 0.018490905761718752
0 0.05536361783742905 0.23426570892333987 0.011126163601875304 0.015595626831054688
0 0.12263168096542358 0.9480866241455079 0.01192159652709961 0.017231597900390624
0 0.7149313449859619 0.3277503204345703 0.009615898132324219 0.01435211181640625
0 0.3575144290924072 0.5149693298339844 0.010487747192382813 0.01489166259765625
0 0.3327695369720459 0.55141845703125 0.010419082641601563 0.0162811279296875
0 0.3478099822998047 0.5024093627929688 0.01097555160522461 0.01819915771484375
0 0.45512619018554684 0.7282222747802735 0.011940383911132812 0.01787841796875
0 0.012165291607379914 0.8316837310791017 0.012551838159561157 0.018201599121093752
0 0.773253345489502 0.13022308349609377 0.010000514984130859 0.015434951782226564
0 0.7159412384033204 0.0408233642578125 0.011716461181640625 0.01717742919921875
0 0.7264938831329346 0.04304363250732422 0.011938762664794923 0.0171014404296875
0 0.48361530303955075 0.5350137329101563 0.008017539978027344 0.012532958984375
0 0.9961570739746094 0.33009880065917974 0.007637786865234375 0.0178143310546875
0 0.32056965795577386 0.561635775558909 0.012141227074877688 0.016245794281880423
0 0.19895075559616088 0.765470199584961 0.011151385307312012 0.018115997314453125
0 0.3245192307692308 0.5486425339366516 0.009898190045248847 0.015837104072398158
0 0.4452686095505618 0.5203651685393258 0.010387406367041229 0.01591760299625463
0 0.711453641141141 0.6884384384384384 0.008211336336336335 0.01351351351351345
0 0.7160263761467891 0.7024719673802243 0.008760193679918515 0.014525993883792032
0 0.7750382262996941 0.5265035677879715 0.009875127420998926 0.017329255861365977
0 0.8375541539245667 0.4779561671763507 0.010990061162079574 0.01758409785932713
0 0.6390163098878695 0.2605759429153925 0.012423547400611667 0.01809378185524973
0 0.7173005861365953 0.057849133537206936 0.0116271661569827 0.017329255861365953
0 0.500605249745158 0.13124362895005098 0.009238022426095801 0.01478083588175333
0 0.42550649847094796 0.2963812436289501 0.010990061162079515 0.01630988786952088
