1 0.4994494438171387 0.7475303649902344 0.03397979736328125 0.12533538818359377
0 0.3547926425933838 0.14401512145996095 0.012186527252197266 0.01894775390625
2 0.21845149993896484 0.9441981506347656 0.02378425598144531 0.03272216796875
1 0.04773048162460327 0.8493692016601563 0.0822212815284729 0.036806640625000005
0 0.3697603702545166 0.18631038665771485 0.012816238403320312 0.018803710937500002
1 0.7333117485046386 0.2797970199584961 0.05357370376586914 0.09250099182128907
0 0.48530168533325196 0.8286126708984376 0.012884330749511718 0.0184246826171875
0 0.959107494354248 0.9928081512451172 0.011088752746582031 0.014383697509765626
1 0.389544677734375 0.27934463500976564 0.07693614959716796 0.03321327209472656
1 0.6078261375427246 0.4184886169433594 0.0772542953491211 0.03303314208984375
0 0.23496603965759277 0.5748387145996094 0.013008880615234374 0.019381103515625
1 0.5490190505981445 0.6981375122070312 0.053959655761718746 0.0435540771484375
1 0.20453388690948485 0.6988099670410157 0.04377164840698242 0.05706024169921876
0 0.8762201309204102 0.9829537963867188 0.011285781860351562 0.0181280517578125
0 0.22559578418731688 0.7665193176269531 0.012073945999145509 0.018445739746093752
0 0.5517879486083984 0.27119964599609375 0.011607170104980469 0.016941833496093753
0 0.07913545370101929 0.21051536560058595 0.012445163726806641 0.01933197021484375
0 0.366267728805542 0.6620787048339845 0.010908555984497071 0.017052001953125
0 0.6502525252525253 0.2638888888888889 0.010258838383838408 0.02020202020202021
