1 0.1973887324333191 0.11847244262695314 0.08045728206634521 0.07360214233398438
0 0.8950716972351074 0.6879641723632813 0.012488746643066406 0.0195538330078125
1 0.5381853580474854 0.4212944793701172 0.06838445663452149 0.07629714965820313
1 0.8313621520996094 0.6382916259765625 0.06598854064941406 0.06705291748046875
1 0.0659340038895607 0.7232397460937501 0.05008876025676727 0.10160125732421876
0 0.32409765720367434 0.23611885070800784 0.012543058395385743 0.019251022338867187
0 0.005981003493070602 0.4075067138671875 0.011962006986141204 0.021241455078125002
0 0.03395148515701294 0.7066619873046875 0.011212658882141114 0.018136901855468752
1 0.1712351679801941 0.055070075988769535 0.05149819850921631 0.051575317382812506
0 0.004121150076389313 0.5839302062988282 0.008242300152778626 0.018403625488281252
0 0.5445789222602729 0.6327308625000734 0.008285713195800782 0.011983489990234375
0 0.5001876876876876 0.5953453453453453 0.009384384384384426 0.01876876876876878
0 0.5003049924924924 0.9168543543543544 0.010088213213213196 0.017642642642642464
