1 0.9424184799194336 0.048397455215454105 0.0539794921875 0.09495420455932618
1 0.19489150047302245 0.36282546997070314 0.0528472900390625 0.08500808715820313
2 0.38585457801818845 0.7874928283691407 0.02572956085205078 0.0345880126953125
2 0.17128901481628417 0.6639482879638672 0.02281486988067627 0.03841262817382813
0 0.2801921844482422 0.3833688354492188 0.011087608337402344 0.01780517578125
0 0.356321907043457 0.17799148559570313 0.011913299560546875 0.018868408203125003
0 0.007601805217564106 0.5717451477050781 0.012313684448599815 0.018288574218750003
2 0.18300166130065917 0.47973632812500006 0.02269883155822754 0.03638626098632813
2 0.13653671741485596 0.5017077636718751 0.023816394805908202 0.039384765625000005
2 0.16382043361663817 0.5062966156005859 0.025323200225830077 0.037137451171875
2 0.1650585412979126 0.46080322265625 0.025457048416137693 0.038362884521484376
2 0.6410352230072022 0.6287320709228515 0.021880531311035158 0.04767242431640625
0 0.6085955142974854 0.6409309387207032 0.012442207336425782 0.019448852539062502
0 0.6817622184753418 0.0812933349609375 0.011777877807617188 0.019535369873046875
0 0.6735456466674805 0.06346679687500001 0.012009906768798827 0.018277435302734377
0 0.6513844013214112 0.07677631378173828 0.012244319915771485 0.018838729858398438
2 0.16368132829666138 0.4287445068359375 0.024033331871032716 0.021495361328125
