1 0.19424530267715454 0.8092137908935547 0.04410898685455322 0.11462387084960939
0 0.7478281497955322 0.53140380859375 0.011749267578125 0.01770233154296875
2 0.8283269882202148 0.18155300140380862 0.026189041137695313 0.03715751647949219
0 0.6669408798217773 0.775081024169922 0.01151571273803711 0.017548828125000002
1 0.7870532989501953 0.8835848999023438 0.024878501892089844 0.09856018066406251
0 0.9025412559509277 0.14398944854736329 0.010525321960449219 0.017155303955078124
0 0.006981576979160309 0.7964781951904297 0.012991943955421447 0.018747406005859377
0 0.6275644779205323 0.2770628356933594 0.01212015151977539 0.01887870788574219
0 0.542534351348877 0.3216161346435547 0.011643791198730468 0.018581085205078125
1 0.8358013153076171 0.05924041748046875 0.07340660095214843 0.051241149902343755
0 0.6221665859222412 0.29601318359375 0.011806774139404296 0.017110824584960938
0 0.6237156867980957 0.1699285888671875 0.010729026794433594 0.014972686767578127
1 0.6175935745239258 0.12989700317382813 0.07538089752197266 0.04510574340820313
0 0.22175352573394774 0.6995954895019532 0.012034034729003907 0.01986358642578125
