1 0.06586994528770447 0.8698915100097657 0.0686806321144104 0.07414031982421876
0 0.7465939521789551 0.9108296203613282 0.01350574493408203 0.019723510742187502
1 0.9055131912231446 0.11150894165039063 0.04050731658935547 0.08885742187500001
0 0.5674584388732911 0.4537454223632813 0.012519454956054688 0.01911865234375
1 0.2712375640869141 0.40003204345703125 0.05507326126098633 0.072078857421875
0 0.3191950798034668 0.5061094665527344 0.012792873382568359 0.02010009765625
0 0.1571649432182312 0.5173004150390625 0.01208045482635498 0.01997314453125
0 0.7195990562438965 0.7340085601806641 0.012375259399414062 0.01866119384765625
0 0.8440165519714355 0.7058840942382812 0.010940742492675782 0.016468353271484375
0 0.6073427200317383 0.12697978973388674 0.011097335815429687 0.017437591552734374
1 0.817263126373291 0.15941787719726563 0.06452198028564453 0.08308853149414062
0 0.6929274559020996 0.018857955932617188 0.012453460693359375 0.01988883972167969
0 0.0692945122718811 0.4935844421386719 0.011636149883270264 0.01717193603515625
0 0.2519327163696289 0.980648193359375 0.014222145080566406 0.02046478271484375
0 0.9964380264282227 0.5929524230957032 0.0071239471435546875 0.01557891845703125
0 0.2467555284500122 0.6180100250244142 0.011700248718261719 0.017190246582031252
0 0.8478208812260538 0.149904214559387 0.010476532567049782 0.01724137931034484
