0 0.1529343843460083 0.3262496948242188 0.01211533546447754 0.018605041503906253
0 0.1978294849395752 0.8546991729736328 0.013255023956298828 0.019037628173828126
2 0.971583366394043 0.37673965454101566 0.023398590087890626 0.03693115234375
0 0.3438201904296875 0.8160144805908204 0.011296319961547851 0.01782928466796875
1 0.08499260991811752 0.6645162200927734 0.09658088982105255 0.041222534179687506
0 0.3481346368789673 0.6612235260009766 0.011988210678100585 0.019121551513671876
0 0.7692500591278076 0.9828780746459962 0.013263797760009766 0.017926101684570313
0 0.763500165939331 0.9657063293457032 0.01190633773803711 0.01854339599609375
2 0.7962549686431885 0.07182170867919922 0.021706867218017577 0.039022903442382816
0 0.7238618827160493 0.9194958847736625 0.010609567901234603 0.019032921810699578
