1 0.6192177772521973 0.9437266540527345 0.07025947570800781 0.07718963623046876
1 0.5327506542205811 0.5969215393066407 0.04859771728515625 0.102919921875
1 0.18355798721313477 0.04295570373535156 0.047963428497314456 0.08591140747070312
0 0.5689785003662109 0.329996223449707 0.011518478393554688 0.017942428588867188
2 0.34879586696624754 0.7422668457031251 0.02535085678100586 0.0383575439453125
0 0.44730119705200194 0.7722479248046875 0.012313461303710938 0.01824951171875
0 0.752560043334961 0.9064741516113282 0.01200275421142578 0.018243713378906252
0 0.6068952083587646 0.5051698303222657 0.012161827087402344 0.017957458496093752
0 0.9016864776611327 0.653658447265625 0.011754226684570313 0.01859710693359375
1 0.5021685600280762 0.5974295043945312 0.019531440734863282 0.11820053100585938
2 0.8635976791381835 0.9848727798461915 0.02369232177734375 0.03025444030761719
0 0.988276481628418 0.48047683715820316 0.011931037902832032 0.0180401611328125
0 0.9720759391784668 0.756658935546875 0.010858535766601562 0.018567810058593752
1 0.9880571365356445 0.02097208023071289 0.023885726928710938 0.04194416046142578
0 0.9803707122802734 0.7636240386962891 0.009989166259765625 0.015588226318359375
