1 0.49139833450317383 0.08423801422119141 0.0727621078491211 0.054612121582031256
0 0.7655311584472656 0.6521434020996094 0.011689567565917968 0.0178021240234375
0 0.7468024730682373 0.20620853424072266 0.011699390411376954 0.019086151123046877
0 0.8693787574768066 0.6420375061035156 0.012267494201660156 0.01883270263671875
0 0.31516685485839846 0.6364118957519531 0.011552715301513672 0.01853057861328125
1 0.6447652816772461 0.2689928436279297 0.02955970764160156 0.13554649353027345
1 0.8517194747924804 0.3855198669433594 0.08992881774902343 0.035914001464843755
0 0.7262487411499023 0.3857025146484375 0.01163482666015625 0.0176123046875
0 0.782841968536377 0.9128099060058594 0.01144866943359375 0.016587829589843752
0 0.20932703018188475 0.7016090393066406 0.012474346160888671 0.018922424316406252
0 0.18471789360046387 0.24166893005371096 0.01188969612121582 0.018374176025390626
0 0.9743600845336914 0.8645578002929688 0.01205291748046875 0.01837554931640625
0 0.4458407402038574 0.12420448303222657 0.0130401611328125 0.01819671630859375
0 0.03892331123352051 0.9391697692871095 0.011674058437347413 0.019130859375
0 0.9135370254516602 0.5015574645996094 0.012206268310546876 0.018520355224609375
