1 0.23184363842010497 0.5427152845594618 0.01802973747253418 0.13924848768446182
2 0.40514292716979977 0.49199303521050347 0.02225179672241211 0.04075283474392361
2 0.40780086517333985 0.3207804361979167 0.022945594787597657 0.040229458279079866
2 0.33644633293151854 0.21868557400173613 0.02837228775024414 0.04514567057291667
2 0.46464648246765133 0.5971071031358507 0.02436990737915039 0.04060940212673611
0 0.03542536497116089 0.19512549506293403 0.013094317913055419 0.02308010525173611
0 0.803431510925293 0.42903544108072916 0.012882232666015625 0.020386759440104166
2 0.4602301597595215 0.6390409681532119 0.02230072021484375 0.040947808159722224
0 0.048520219326019284 0.6736509535047743 0.011637687683105469 0.020073784722222224
1 0.4389827251434326 0.4712083604600695 0.06035261154174804 0.09534267849392361
