1 0.330248498916626 0.5322492218017578 0.037744140625 0.12824432373046876
1 0.44652700424194336 0.2750794219970703 0.02939291000366211 0.11827804565429688
0 0.3289453983306885 0.2827278518676758 0.012177276611328124 0.018079452514648438
0 0.4353179931640625 0.41257026672363284 0.011192512512207032 0.016371612548828126
0 0.14446535110473632 0.9118536376953126 0.01150827407836914 0.017350769042968752
0 0.5139353752136231 0.9339340972900391 0.011303520202636719 0.017504425048828126
0 0.3950641632080078 0.3089580917358399 0.01078939437866211 0.017053604125976562
0 0.4060963630676269 0.3119910049438477 0.010690879821777344 0.016760482788085937
0 0.30703628063201904 0.5232545471191407 0.011144351959228516 0.01690673828125
0 0.1738588571548462 0.4073193359375 0.01228179931640625 0.0159576416015625
1 0.9919862747192383 0.6548761749267579 0.013108444213867186 0.08769943237304688
0 0.1641845703125 0.41943359375 0.013020833333333334 0.0185546875
0 0.2704874674479167 0.7589518229166667 0.0091552734375 0.015299479166666668
