0 0.04094946682453156 0.102288818359375 0.012485206127166748 0.019489593505859375
0 0.9904748916625976 0.8715997314453126 0.01177825927734375 0.0186065673828125
2 0.39872374534606936 0.8793342590332032 0.023223018646240233 0.037423400878906256
2 0.8911029815673828 0.39198257446289064 0.022499847412109374 0.032091979980468754
2 0.8748586654663085 0.3668252563476563 0.02321624755859375 0.035397796630859374
1 0.18369607925415038 0.19292823791503907 0.048658561706542966 0.05254180908203125
0 0.37390828132629395 0.6893088531494141 0.01132516860961914 0.017869415283203127
0 0.1012850284576416 0.2084958267211914 0.011112022399902343 0.017841949462890624
0 0.5037236690521241 0.03389408111572266 0.012254714965820312 0.019970474243164064
0 0.019264231622219085 0.22147891998291017 0.012084093689918519 0.019028930664062502
1 0.08556733131408692 0.5009529113769532 0.04559903144836426 0.12790008544921877
0 0.04371497929096222 0.6956226348876954 0.010275572538375854 0.015611724853515627
0 0.7699514389038086 0.13055171966552737 0.00908203125 0.013481597900390626
0 0.03419757326007326 0.7014652014652015 0.010016025641025638 0.016483516483516498
