1 0.741974925994873 0.22381649017333985 0.08666744232177734 0.06128829956054688
1 0.29114911556243894 0.37721296310424807 0.02522416114807129 0.11333377838134766
1 0.1797102212905884 0.5543540191650391 0.08524045944213868 0.0595379638671875
2 0.1788109540939331 0.6253743743896485 0.02214963436126709 0.033496093750000004
1 0.3398279666900635 0.382514820098877 0.026322078704833985 0.12979000091552736
2 0.1810919761657715 0.6632687377929688 0.02015209197998047 0.034732666015625004
0 0.08550916910171509 0.6307693481445313 0.012517523765563964 0.01750579833984375
2 0.1766205072402954 0.7561178588867188 0.020438146591186524 0.03547515869140625
2 0.20837657451629638 0.7168678283691406 0.02034173011779785 0.032213134765625005
2 0.14231295585632325 0.7795468139648438 0.020058727264404295 0.030034484863281252
2 0.13767937421798707 0.6390623474121094 0.019280505180358887 0.03462615966796875
0 0.6083736419677734 0.7675833129882813 0.011194229125976562 0.017543792724609375
2 0.1606640100479126 0.6494100952148438 0.016603612899780275 0.030860900878906253
2 0.12781432867050171 0.8138401794433594 0.021747684478759764 0.04026702880859375
0 0.7592548370361328 0.6574938964843751 0.01048736572265625 0.019136352539062502
2 0.0842683732509613 0.4568437194824219 0.010879456996917725 0.01711090087890625
0 0.09961826801300049 0.1358739471435547 0.013776826858520507 0.02014823913574219
0 0.8221153249291224 0.01988567671850714 0.011533355712890625 0.019614868164062504
0 0.45536227226257325 0.04832534790039063 0.011528301239013671 0.017272491455078125
0 0.8158914566040039 0.5301611328125 0.012021636962890625 0.017062835693359375
0 0.8838481903076172 0.5009503056780232 0.012700271606445311 0.018870849609375
2 0.18785924911499025 0.78236572265625 0.013890647888183593 0.02100189208984375
0 0.831453800201416 0.7288429260253907 0.009377288818359374 0.015941162109375
0 0.7562016498983204 0.6724903254722482 0.01116771697998047 0.017655029296875
0 0.1312322735786438 0.11107410430908204 0.012722492218017578 0.01847320556640625
2 0.18979086875915527 0.7277487945556641 0.020824909210205078 0.027967376708984377
0 0.048763937793427165 0.012764084507042254 0.009169600938967133 0.013791079812206574
0 0.039044160798122 0.0090962441314554 0.009169600938967133 0.014671361502347421
