1 0.3685695886611938 0.7318875885009766 0.07516779899597167 0.08006210327148439
1 0.15779025554656984 0.4782225036621094 0.061915111541748044 0.11656585693359375
1 0.05858194828033447 0.895321044921875 0.05188372135162354 0.1131982421875
0 0.9015986442565918 0.9108354187011719 0.012063026428222656 0.018552246093750002
0 0.8039694786071777 0.21376243591308594 0.012026596069335937 0.016979827880859374
1 0.6995593070983886 0.08981624603271485 0.06787490844726562 0.06571632385253906
0 0.07696417570114136 0.3551298522949219 0.010911154747009277 0.0169317626953125
0 0.16472434997558594 0.7421013641357422 0.010741043090820312 0.01735321044921875
1 0.6983458518981933 0.34271438598632814 0.05856456756591797 0.0294476318359375
0 0.8472331047058105 0.4938290405273438 0.011675643920898437 0.01955230712890625
0 0.4712831497192383 0.0077424335479736334 0.010251426696777343 0.015484867095947267
0 0.8032139778137207 0.5852054595947266 0.011237907409667968 0.017512359619140626
