1 0.4625572681427002 0.5839762878417969 0.07574186325073243 0.07789093017578126
1 0.07181222438812256 0.18222419738769532 0.055952119827270504 0.09510116577148438
1 0.36454455852508544 0.6014269256591798 0.045702457427978516 0.10192962646484376
1 0.6222603797912598 0.4515684509277344 0.061576461791992186 0.08936767578125
0 0.6153088569641113 0.5835885620117188 0.011808204650878906 0.0181109619140625
1 0.1571265935897827 0.7598310089111329 0.04038810729980469 0.10683120727539064
2 0.5635746955871582 0.11061462402343751 0.02231454849243164 0.03526962280273438
1 0.496079158782959 0.9008041381835938 0.0634368896484375 0.06933486938476563
2 0.5319010734558105 0.5960258483886719 0.025970268249511718 0.040041809082031254
0 0.8333206176757812 0.4097837066650391 0.01056060791015625 0.016486663818359375
1 0.8518607139587402 0.2168621063232422 0.03249225616455078 0.11355316162109376
0 0.8303859710693359 0.39188446044921876 0.012131500244140624 0.017300720214843752
1 0.5866500854492187 0.6698318481445313 0.06825523376464844 0.027906646728515627
0 0.71511812210083 0.57782958984375 0.010814666748046875 0.016918182373046875
0 0.947628116607666 0.5614578247070313 0.012190437316894532 0.018307800292968752
1 0.17507715225219728 0.5019882202148438 0.09092540740966797 0.026044921875
0 0.9420101165771484 0.9094172668457032 0.011394500732421875 0.01745849609375
0 0.7636347770690918 0.5208216094970703 0.010804176330566406 0.015566253662109376
0 0.011177477985620498 0.4908407592773438 0.011212091147899627 0.017150421142578125
0 0.27963097095489503 0.9811266708374025 0.012098598480224609 0.019013137817382814
0 0.7746424129353232 0.028814262023217244 0.009069237147595407 0.014510779436152569
