1 0.634375 0.3277777777777778 0.020833333333333332 0.10555555555555556
2 0.22213541666666667 0.29074074074074074 0.0265625 0.044444444444444446
1 0.01953125 0.17731481481481481 0.0359375 0.09907407407407408
0 0.6026041666666666 0.23287037037037037 0.0125 0.019444444444444445
0 0.64765625 0.3666666666666667 0.011979166666666666 0.024074074074074074
0 0.19088541666666667 0.9916666666666667 0.013020833333333334 0.016666666666666666
0 0.6270833333333333 0.537962962962963 0.010416666666666666 0.020370370370370372
0 0.7815104166666667 0.2101851851851852 0.0109375 0.020370370370370372
0 0.765625 0.3736111111111111 0.011458333333333333 0.019444444444444445
0 0.8466145833333333 0.737037037037037 0.0109375 0.020370370370370372
0 0.9731770833333333 0.8828703703703704 0.011979166666666666 0.021296296296296296
0 0.7919270833333333 0.9671296296296297 0.013020833333333334 0.017592592592592594
