1 0.5846802711486816 0.3692163255479601 0.0453582763671875 0.11039852566189237
0 0.14223172664642333 0.728946770562066 0.010840272903442383 0.01794230143229167
0 0.9291214942932129 0.5174840291341146 0.011487007141113281 0.019425964355468752
0 0.8426614761352539 0.7646128336588542 0.011872100830078124 0.021416219075520833
0 0.07647532224655151 0.8817157321506077 0.012592935562133789 0.022702704535590278
0 0.9136956214904784 0.8370993720160591 0.012343025207519532 0.02172919379340278
0 0.09449564218521118 0.8648163689507379 0.012791895866394043 0.02092929416232639
0 0.7796747207641601 0.8062413533528646 0.010601234436035157 0.01941799587673611
0 0.9471512794494629 0.08665356106228299 0.012207603454589844 0.020395575629340277
0 0.628642225265503 0.45638453165690107 0.012786388397216797 0.02282901340060764
0 0.4873179912567139 0.03040966457790799 0.010971641540527344 0.01742468939887153
0 0.8865255355834961 0.1279492696126302 0.012320327758789062 0.02095523410373264
0 0.6771912574768066 0.10393591986762153 0.011091995239257812 0.017780897352430557
0 0.6473108291625976 0.07408040364583333 0.011319541931152343 0.016966756184895834
0 0.33615942001342775 0.2657636854383681 0.010912036895751953 0.017935011121961806
0 0.3003633737564087 0.8400666978624133 0.013788366317749023 0.02804497612847222
0 0.9538596153259277 0.11727015177408855 0.010425376892089843 0.019848802354600695
0 0.910161018371582 0.12763328552246095 0.012600326538085937 0.0223419189453125
0 0.10890939235687255 0.10066553751627605 0.012253952026367188 0.022210269504123265
0 0.7496554374694824 0.9912147521972656 0.013426399230957032 0.01757049560546875
0 0.944346809387207 0.11914859347873265 0.013039398193359374 0.022434658474392362
0 0.8939889858686617 0.14244481389119795 0.009351620947630934 0.01662510390689944
0 0.9050290939318371 0.14902558418767897 0.010650457190357444 0.019626858778978486
0 0.9003532834580218 0.12397247621686526 0.009611388196176188 0.017086912348757748
