1 0.09219390153884888 0.2538395690917969 0.07675058841705322 0.052762451171875
0 0.8338460922241211 0.09099739074707032 0.011869049072265625 0.018448486328125003
0 0.29644289016723635 0.05656852722167969 0.012939834594726562 0.019596862792968753
1 0.7428140640258789 0.5340476226806641 0.06568288803100586 0.0735595703125
0 0.355264949798584 0.8984046936035157 0.012168407440185547 0.01878936767578125
0 0.159855854511261 0.1913450622558594 0.012037539482116699 0.01880523681640625
1 0.21565663814544678 0.7832789611816406 0.08527426719665528 0.042660369873046874
0 0.5438571453094483 0.41101615905761724 0.012012195587158204 0.01863677978515625
1 0.14879000186920166 0.9769283294677735 0.05150279998779297 0.04126113891601563
1 0.9305145263671875 0.13126216888427736 0.03276481628417969 0.10273773193359376
0 0.779429817199707 0.12360977172851563 0.010807037353515625 0.016841583251953125
1 0.22027719020843506 0.8422840118408204 0.04570469856262207 0.08861068725585938
0 0.8847811698913574 0.9361338806152344 0.012524223327636719 0.0193438720703125
0 0.8965784072875976 0.9375846862792969 0.010903167724609374 0.018627471923828125
2 0.7810306072235107 0.6716853332519531 0.031982135772705075 0.036416625976562506
1 0.9041896820068359 0.8392428588867188 0.05189666748046875 0.10896270751953126
0 0.7494569778442383 0.5577693939208985 0.01675138473510742 0.02154876708984375
1 0.13390867710113524 0.2966269683837891 0.019875001907348634 0.13298492431640627
0 0.4965722934472935 0.8995726495726498 0.012909544159544121 0.01566951566951559
