1 0.0827484130859375 0.7579522026909723 0.035170555114746094 0.13032769097222222
2 0.6893082141876221 0.09913406372070313 0.023538970947265626 0.04192182752821181
0 0.13578568696975707 0.44377865261501737 0.01238265037536621 0.021012708875868057
0 0.754152488708496 0.6897549099392362 0.01190776824951172 0.02073092990451389
0 0.3371645212173462 0.34975450303819444 0.010476970672607422 0.017595418294270835
0 0.7835182189941406 0.9712814331054688 0.01292572021484375 0.022029961480034724
0 0.3993788719177246 0.4920201619466146 0.012226104736328125 0.02105136447482639
0 0.04604759583508598 0.5278863883694175 0.008232885599136352 0.017641533745659722
0 0.8231201171875 0.5457219441731771 0.01297760009765625 0.02157626681857639
0 0.03795546558704453 0.541235567551357 0.011386639676113364 0.017243964612385688
0 0.03647941970310391 0.5232418653471285 0.010121457489878541 0.014994751836857114
0 0.37614925665101717 0.12302208311597986 0.011492566510172135 0.02173535037384803
