1 0.800570011138916 0.7909751892089845 0.07094402313232422 0.0627703857421875
1 0.8547039031982422 0.053104248046875004 0.045819091796875 0.10620849609375001
1 0.9704833984375 0.9391369628906251 0.029404830932617188 0.118677978515625
1 0.6570572853088379 0.13063720703125 0.03190822601318359 0.12255264282226563
1 0.8063724517822265 0.16740447998046876 0.021370124816894532 0.13392929077148438
1 0.39281373023986815 0.2647946166992188 0.10895490646362305 0.04182266235351563
1 0.9220432281494141 0.8600950622558594 0.02444915771484375 0.10102890014648438
0 0.17641438245773317 0.7550981140136719 0.01039886474609375 0.0174603271484375
0 0.07408315539360047 0.39068450927734377 0.01265047788619995 0.019456329345703127
0 0.9959789276123047 0.29083225250244144 0.007227134704589844 0.011034622192382814
