1 0.5655330181121826 0.5021063910590278 0.07736501693725586 0.049521382649739584
1 0.9770923539703967 0.09480768091538373 0.043645492254518935 0.07509052052217371
0 0.828813362121582 0.5542082044813368 0.012078857421875 0.020103963216145833
2 0.6466343879699707 0.15309592352973092 0.023938941955566406 0.03936716715494792
2 0.7031394004821777 0.1322999742296007 0.024517059326171875 0.04327850341796875
2 0.6409336566925049 0.19621971978081598 0.022919082641601564 0.041847483317057295
0 0.709299373626709 0.8633308410644531 0.010624122619628907 0.019266594780815972
2 0.7125232696533204 0.1768475850423177 0.02485485076904297 0.047156270345052084
2 0.715447473526001 0.2256069607204861 0.024341869354248046 0.046306779649522574
0 0.9591721796521955 0.1506541607426662 0.01148161420635141 0.016994595995136336
2 0.6791307926177979 0.21114188300238715 0.020567035675048827 0.03454810248480903
0 0.2311534881591797 0.6389999389648438 0.012161159515380859 0.02016330295138889
0 0.19902830123901366 0.9069529215494792 0.011701869964599609 0.019398668077256945
2 0.6739380836486817 0.14197349548339844 0.02187938690185547 0.03694585164388021
2 0.6634802341461181 0.17996487087673613 0.022032928466796876 0.04226531982421875
2 0.7348624229431152 0.2522680918375651 0.020343208312988283 0.029384952121310766
0 0.21321916580200195 0.8129053751627604 0.012265968322753906 0.021229214138454862
0 0.11225318908691406 0.9135820176866319 0.011173725128173828 0.019159952799479168
0 0.7194196224212647 0.8531736585828993 0.012260723114013671 0.01997748480902778
0 0.6754557291666666 0.5221269063180829 0.00861672794117645 0.014978213507625229
0 0.9505208333333334 0.1375272331154684 0.010723039215686233 0.021241830065359475
