1 0.7136966705322265 0.19088558620876736 0.0622537612915039 0.09095628526475695
1 0.7917069911956787 0.3472989400227865 0.03996286392211914 0.1270300971137153
2 0.5564276695251464 0.7360649956597223 0.022107887268066406 0.03493313259548611
2 0.5837084293365479 0.8244040595160591 0.023856067657470705 0.04322984483506945
2 0.5348978042602539 0.7850672403971355 0.026533889770507812 0.04239671495225695
0 0.6444938659667969 0.22265625 0.012159347534179688 0.022432454427083335
2 0.5651293754577636 0.7902525160047743 0.02280559539794922 0.04035746256510417
0 0.18378939628601074 0.8069769117567275 0.010443878173828126 0.02123565673828125
0 0.7358250617980957 0.9622495863172743 0.011450958251953126 0.019207424587673612
0 0.3254676342010498 0.636740960015191 0.012475109100341797 0.021058146158854166
0 0.09107766143106455 0.5552646887725422 0.00981675392670156 0.017936784952491774
0 0.10171247818499127 0.5521136319565639 0.010362129144851654 0.016482451037424857
0 0.09516797556719021 0.5380550707775839 0.009271378708551482 0.014543339150668966
0 0.08644197207678882 0.5358735699049836 0.009271378708551496 0.014058561178979993
