1 0.30632872581481935 0.20700359344482422 0.05466032028198242 0.10658836364746094
0 0.1415178060531616 0.9733114624023438 0.01278529167175293 0.01842864990234375
0 0.5310719013214111 0.5323793029785157 0.011481571197509765 0.017266082763671878
0 0.08319174647331237 0.17124813079833986 0.011326086521148682 0.01761505126953125
0 0.12188856601715088 0.02842510223388672 0.012223768234252929 0.01873863220214844
0 0.9935121536254883 0.09240802764892579 0.011602783203125 0.018041000366210938
1 0.10952270328998566 0.44137191772460943 0.08657655119895935 0.048012390136718756
0 0.37009143829345703 0.8530747985839844 0.012257575988769531 0.018226165771484375
0 0.4468712329864502 0.26360076904296875 0.011642742156982421 0.018710479736328126
0 0.7868984699249267 0.8740028381347656 0.012863445281982421 0.01930999755859375
0 0.6863018035888672 0.503836669921875 0.011520576477050782 0.017563781738281253
0 0.10815644264221191 0.8012364196777344 0.011321210861206054 0.017707061767578126
1 0.006334616988897324 0.12132644653320314 0.012625034153461456 0.14845306396484376
1 0.6301069259643555 0.44687561035156254 0.014207839965820312 0.06723724365234375
0 0.006744202971458435 0.879385223388672 0.012564969062805175 0.018723754882812502
