1 0.8212976455688477 0.5035740322536892 0.028222084045410156 0.14117923312717015
1 0.5738998413085937 0.13653606838650173 0.030022430419921874 0.07520565456814236
0 0.13083672523498535 0.5171748691134983 0.012029647827148438 0.017954169379340277
0 0.1309063673019409 0.5337882147894966 0.01360650062561035 0.01914011637369792
0 0.6603940963745117 0.5359303792317709 0.011932659149169921 0.01794501410590278
0 0.1153530571736446 0.5904820973460457 0.00898351150305093 0.01839332609400104
0 0.1281569242477417 0.5535616556803385 0.010747456550598144 0.01612158881293403
0 0.116921768707483 0.5180118128285657 0.0114264455782313 0.017831249626315354
0 0.1251594387755102 0.5961356764928194 0.00983205782312925 0.01606198034769456
0 0.11034491921768708 0.5340136054421769 0.011825042517006808 0.016534391534391565
