1 0.7135701179504395 0.12974533081054687 0.04832401275634766 0.08020294189453125
1 0.48372325897216795 0.7681590270996094 0.04671144485473633 0.127589111328125
2 0.21179578304290772 0.3841178131103516 0.023964643478393555 0.03887283325195313
0 0.49646859169006347 0.21121849060058595 0.011786651611328126 0.017831268310546877
1 0.09196864366531372 0.5922811126708984 0.025102901458740234 0.13848449707031252
0 0.16710371971130372 0.8934266662597656 0.010292458534240722 0.01489593505859375
0 0.16878561973571776 0.9084898376464844 0.010838174819946289 0.015169677734375001
0 0.09290292263031005 0.9789715576171876 0.012250614166259766 0.019879760742187502
0 0.29888162612915037 0.983592987060547 0.01371784210205078 0.019066772460937503
0 0.8421667098999023 0.8775621032714844 0.011405563354492188 0.017380981445312502
1 0.4983004570007324 0.8541421508789063 0.06137504577636719 0.08498016357421875
1 0.01374422162771225 0.5762020874023438 0.027270618081092834 0.06062744140625
0 0.2708250045776367 0.01572193145751953 0.011132383346557617 0.0168255615234375
1 0.009167783707380295 0.4544809722900391 0.01833556741476059 0.06335220336914063
0 0.5461139678955078 0.19814880371093752 0.01084432601928711 0.017447662353515626
0 0.26068964004516604 0.02204608917236328 0.010506629943847656 0.01793388366699219
1 0.9859254837036132 0.3215436172485352 0.027818679809570312 0.04294822692871094
