0 0.6404112339019775 0.4228702121310764 0.012483024597167968 0.020390489366319445
0 0.8287190437316895 0.18148727416992189 0.012436485290527344 0.020347086588541667
0 0.8315996170043946 0.8672388712565104 0.012369155883789062 0.02251925998263889
0 0.38354513645172117 0.9517620510525174 0.013233852386474608 0.02235785590277778
0 0.15874941349029542 0.7114410400390625 0.013556432723999022 0.024419487847222223
2 0.4657996654510498 0.17123226589626736 0.02473106384277344 0.04577874077690972
0 0.16884982585906982 0.8793514675564237 0.013106203079223633 0.022853936089409724
1 0.918613052368164 0.7223880343967014 0.05470123291015625 0.07652943929036458
0 0.7314837455749512 0.9101804945203993 0.01153392791748047 0.01897464328342014
0 0.7480743885040283 0.06567026774088541 0.012594223022460938 0.023723856608072916
0 0.1570032238960266 0.20284915500217016 0.010936927795410157 0.019533454047309027
1 0.5947473526000977 0.3305168151855469 0.050978660583496094 0.029120042588975697
0 0.3771980762481689 0.0803429921468099 0.013590717315673828 0.021432071261935765
0 0.564234447479248 0.6224121941460504 0.011243820190429688 0.017014906141493057
0 0.17322640419006347 0.5917605929904514 0.012276363372802735 0.02058207194010417
1 0.9140100479125977 0.6836096869574653 0.057136154174804686 0.03871900770399306
0 0.3620411157608032 0.3464834425184462 0.011240148544311523 0.019473605685763888
1 0.6800489902496338 0.3592495600382487 0.062202835083007814 0.09994095696343316
0 0.3054348945617676 0.054807027180989586 0.011745548248291016 0.023180135091145835
0 0.7924447469933089 0.9217799302527455 0.011794281005859376 0.01983066134982639
0 0.9176756858825683 0.7818454318576389 0.01178741455078125 0.020778910319010416
0 0.5622749875682269 0.6423673066263257 0.011765861511230468 0.016084120008680557
1 0.6080693244934082 0.33696865505642365 0.079254150390625 0.041615125868055554
0 0.7801962852478027 0.9190973069932726 0.010765266418457032 0.018992445203993055
0 0.4406567573547363 0.12029088338216146 0.013067245483398438 0.020816379123263888
0 0.5363216400146484 0.6749884711371528 0.011566066741943359 0.019172837999131945
0 0.648773193359375 0.01386227077907986 0.01215190887451172 0.02046084933810764
0 0.5544496946556624 0.6281880565186599 0.009335435822952575 0.02054033829773632
0 0.5185182438340298 0.7928509905254092 0.00874839605287067 0.012919896640826883
0 0.37663516998291013 0.5237457275390626 0.012886476516723632 0.02084418402777778
0 0.7887596899224806 0.9021317829457365 0.00993217054263565 0.016580534022394507
0 0.5291908914728682 0.7931739879414299 0.008236434108527094 0.015288544358311798
0 0.5230135658914729 0.8073858742463395 0.009447674418604635 0.0157192075796727
0 0.3015029325513196 0.34644835451287065 0.009164222873900308 0.01737808189421091
