1 0.3580729166666667 0.4708333333333333 0.04010416666666666 0.10462962962962963
1 0.6208333333333333 0.6847222222222222 0.06041666666666667 0.03981481481481482
2 0.3325520833333333 0.24953703703703706 0.025520833333333333 0.04537037037037037
2 0.33515625 0.4601851851851852 0.0234375 0.04814814814814815
2 0.71484375 0.39583333333333337 0.022395833333333334 0.04722222222222222
2 0.9606770833333333 0.9712962962962963 0.024479166666666666 0.0462962962962963
0 0.20651041666666667 0.06064814814814815 0.011979166666666666 0.017592592592592594
0 0.22578125 0.11342592592592593 0.009895833333333333 0.019444444444444445
0 0.21848958333333332 0.13472222222222222 0.009895833333333333 0.017592592592592594
0 0.2296875 0.1300925925925926 0.010416666666666666 0.017592592592592594
0 0.396875 0.3074074074074074 0.010416666666666666 0.022222222222222223
0 0.51953125 0.3875 0.011979166666666666 0.021296296296296296
0 0.6208333333333333 0.31342592592592594 0.011458333333333333 0.019444444444444445
0 0.66328125 0.4689814814814815 0.0109375 0.019444444444444445
0 0.5059895833333333 0.5296296296296297 0.0109375 0.020370370370370372
0 0.2484375 0.8365740740740741 0.011458333333333333 0.021296296296296296
0 0.9229166666666666 0.9652777777777778 0.011458333333333333 0.02314814814814815
0 0.9528645833333333 0.7138888888888889 0.009895833333333333 0.018518518518518517
0 0.9622395833333334 0.7106481481481481 0.009895833333333333 0.019444444444444445
0 0.97109375 0.7083333333333334 0.011979166666666666 0.022222222222222223
0 0.9611979166666667 0.7282407407407407 0.009895833333333333 0.015740740740740743
0 0.9723958333333333 0.7287037037037037 0.009375 0.018518518518518517
0 0.8002604166666667 0.18333333333333335 0.0109375 0.018518518518518517
