1 0.27260775566101075 0.6031261867947049 0.06753807067871094 0.052535332573784725
2 0.02287827767431736 0.6133410983615452 0.02282041236758232 0.039509752061631945
2 0.504476261138916 0.6766079372829862 0.02496185302734375 0.045668538411458334
2 0.9764030456542968 0.501969740125868 0.027467727661132812 0.03721584743923611
2 0.4900973320007324 0.43263804117838545 0.021184730529785156 0.040507676866319446
0 0.3389968633651733 0.6889929029676649 0.011766529083251953 0.021311442057291668
2 0.00856090933084488 0.5890445285373264 0.016182583570480347 0.03890431722005208
1 0.9716203689575195 0.15526631673177083 0.017197418212890624 0.059411621093750006
0 0.8829584121704102 0.41512493557400176 0.012065887451171875 0.018722364637586805
0 0.8918897628784179 0.40139499240451393 0.01128387451171875 0.01670447455512153
0 0.29587111473083494 0.9916944291856554 0.011191082000732423 0.016611141628689235
0 0.08321193456649781 0.76213624742296 0.013235783576965332 0.02567138671875
