1 0.10533430576324462 0.17535205841064455 0.048212862014770506 0.07687065124511719
0 0.7827080726623535 0.9522241210937501 0.011281108856201172 0.0173175048828125
0 0.18501782417297363 0.8573185729980469 0.012664222717285156 0.019339599609375
0 0.7291208267211914 0.5550302124023437 0.011726188659667968 0.0173565673828125
0 0.6151608943939209 0.8302164459228516 0.01296529769897461 0.019547576904296877
0 0.09606904983520508 0.9768716430664063 0.013270354270935059 0.02000244140625
0 0.21626176834106445 0.17274261474609376 0.012899208068847656 0.019842987060546876
0 0.07129278182983398 0.6153006744384766 0.011475515365600587 0.018266296386718752
1 0.6301350116729736 0.7797265625 0.06154680252075195 0.10107574462890626
0 0.24122896194458007 0.6745616149902344 0.012020111083984375 0.017514953613281252
0 0.008627209067344665 0.1482273864746094 0.013861984014511108 0.019942474365234376
0 0.6603968620300293 0.6839964294433594 0.010447883605957031 0.015472412109375002
0 0.15684735774993896 0.8379838562011719 0.011892938613891601 0.01795166015625
1 0.9783318996429443 0.4232748413085938 0.04333620071411133 0.034449157714843755
0 0.08297609090805054 0.9352806091308594 0.0097137451171875 0.014731903076171875
0 0.0068034201860427855 0.30633125305175785 0.011719459295272827 0.017526397705078127
0 0.9745637893676757 0.3951766967773438 0.013146591186523436 0.01869842529296875
0 0.3227090358734131 0.6817813873291017 0.01173086166381836 0.018753967285156253
0 0.44875259399414064 0.00908233642578125 0.011127853393554687 0.01613243103027344
1 0.5097153663635254 0.24179664611816407 0.013626861572265624 0.09879669189453126
