2 0.6643828868865966 0.3365347120496962 0.02584114074707031 0.04823489718967014
0 0.6580380439758301 0.5353508843315973 0.011204147338867187 0.018518066406250002
0 0.8037568092346191 0.7061035156250001 0.01204509735107422 0.02009650336371528
0 0.6351007461547852 0.2472028520372179 0.011593246459960937 0.01828681098090278
0 0.9168560028076171 0.7948162502712673 0.011214447021484376 0.019296942816840277
0 0.5271570682525635 0.6954425387912326 0.011318778991699219 0.0191680908203125
0 0.24272356033325196 0.6420098198784723 0.011979389190673827 0.020263671875
0 0.6081304550170898 0.6721227010091146 0.011974143981933593 0.018390740288628474
0 0.6757543563842774 0.8450320773654514 0.01297779083251953 0.02139892578125
0 0.5468570709228515 0.4626139322916667 0.01145477294921875 0.01907162136501736
0 0.6643900871276855 0.7147472805447049 0.012174415588378906 0.018793741861979168
0 0.9884720802307129 0.4956431070963542 0.01237335205078125 0.020586480034722222
0 0.6663740158081055 0.6959698147243923 0.011267852783203126 0.020661756727430557
0 0.7836139678955079 0.21157285902235243 0.011161994934082032 0.019191996256510416
0 0.7926129341125489 0.5572525024414062 0.009928512573242187 0.01939120822482639
0 0.7833895206451416 0.5616466098361546 0.013103008270263672 0.0212371826171875
0 0.23689825534820555 0.18115022447374132 0.012264776229858398 0.019943745930989583
0 0.5979616641998291 0.6529256184895833 0.012621402740478516 0.021697998046875
0 0.5392614841461182 0.4754521687825521 0.010166454315185546 0.015831502278645833
0 0.003563527390360832 0.11421271430121528 0.007127054780721664 0.021312798394097224
0 0.7618512630462646 0.15849007500542536 0.011733913421630859 0.018853929307725694
0 0.7835961818695069 0.542102305094401 0.012565231323242188 0.01958194308810764
0 0.24914846420288086 0.6226954142252604 0.012906551361083984 0.019734022352430557
0 0.19182865619659423 0.931779056125217 0.01097421646118164 0.017336697048611113
0 0.6103231504571904 0.6330008312551956 0.010650457190357444 0.019626858778978462
0 0.6005818786367416 0.6342708044703058 0.010910224438902697 0.018472337674332675
