1 0.3665193557739258 0.26413673400878906 0.05782203674316406 0.09711288452148438
1 0.8255922317504882 0.19989185333251955 0.033420562744140625 0.08648948669433594
0 0.8198430061340332 0.36632507324218755 0.012199592590332032 0.01893524169921875
0 0.0050482675433158875 0.5937435913085938 0.010057638585567474 0.01687469482421875
0 0.6582077503204345 0.8334478759765626 0.012690353393554687 0.0183709716796875
0 0.23881378173828124 0.7985578918457031 0.012225151062011719 0.018143920898437502
0 0.15171220302581787 0.885051498413086 0.010672712326049804 0.016267242431640627
0 0.14157935380935668 0.8811359405517579 0.011343050003051757 0.01693206787109375
1 0.020521712303161622 0.5300032043457031 0.03965982794761658 0.05035186767578125
0 0.7692423820495605 0.40233367919921875 0.011966133117675781 0.01851318359375
0 0.28168134689331054 0.0167744255065918 0.010715198516845704 0.016620292663574218
1 0.00951303094625473 0.077037353515625 0.01902606189250946 0.09057235717773438
0 0.2758332252502441 0.6652863311767578 0.012905311584472655 0.018230133056640625
2 0.10657613575458526 0.04682022094726563 0.020284217596054078 0.033046722412109375
1 0.01905340850353241 0.5048581695556641 0.02927216291427612 0.07963165283203126
1 0.2738973379135132 0.6193881225585938 0.022736406326293944 0.073616943359375
0 0.25951972007751467 0.6735043334960938 0.0116241455078125 0.017970733642578125
0 0.727193546295166 0.3211051940917969 0.011184310913085938 0.018551635742187503
0 0.26402407786885246 0.6634221311475411 0.010672814207650264 0.014685792349726797
