1 0.12980629205703736 0.28267131805419926 0.06401684284210205 0.05477836608886719
2 0.8458271980285644 0.6478060913085938 0.02041015625 0.028356170654296877
2 0.13883676528930664 0.3720060729980469 0.02660398483276367 0.039747314453125
0 0.9959412097930908 0.4088645172119141 0.008117580413818359 0.01896514892578125
0 0.11860511302947997 0.9364672851562501 0.011232924461364747 0.018155517578125002
1 0.3960987261146497 0.44385106841976224 0.07430997876857746 0.031618457640305644
0 0.009862452745437622 0.5304073333740235 0.011234065890312195 0.01589019775390625
0 0.25663185119628906 0.10289024353027344 0.012121295928955078 0.01814697265625
0 0.254636812210083 0.33430358886718753 0.011430740356445312 0.0174853515625
2 0.9291440963745117 0.7360005187988282 0.019948577880859374 0.03566375732421875
0 0.17547768354415894 0.16300872802734376 0.01238546371459961 0.019876556396484377
0 0.01642117834394904 0.7478768577494692 0.011610934182590233 0.01804670912951167
0 0.5743521790341577 0.6955241460541814 0.009570082449941116 0.015312131919905787
0 0.582449941107185 0.708186101295642 0.009938162544169652 0.015312131919905691
0 0.7184555359246171 0.2588339222614841 0.01141048292108368 0.01707891637220262
0 0.5388324499411072 0.028857479387514724 0.009570082449941116 0.01707891637220259
0 0.5506110129564193 0.026796230859835103 0.008833922261484162 0.014723203769140167
