1 0.42023764848709105 0.23506797790527345 0.041082358360290526 0.12215805053710939
2 0.3645125150680542 0.798410873413086 0.023793363571166994 0.040019683837890625
1 0.025930362194776534 0.43685134887695315 0.04078865200281143 0.0656268310546875
2 0.329465389251709 0.5149095153808594 0.011098575592041016 0.015598449707031252
0 0.16465076208114623 0.9242692565917969 0.011917591094970703 0.018053741455078126
0 0.7426063537597656 0.11453979492187501 0.011148357391357422 0.017691650390625
0 0.03389618992805481 0.05369773864746094 0.011606156826019287 0.01896484375
0 0.3019709956687215 0.7785526275634767 0.011568689346313476 0.018775634765625
1 0.007611233741044998 0.18110023498535158 0.015222467482089996 0.025154418945312503
0 0.009193652868270874 0.4712178039550782 0.008224040269851685 0.0129425048828125
0 0.4214724540710449 0.6593055725097656 0.012412071228027344 0.019968719482421876
0 0.9486126077586208 0.4236709770114943 0.011000359195402373 0.016163793103448256
