1 0.73110990524292 0.3979353332519531 0.07011241912841797 0.07492172241210938
0 0.06615305542945862 0.1467462158203125 0.01248682737350464 0.019937286376953127
1 0.8290009498596191 0.47224433898925783 0.040480613708496094 0.10619949340820313
0 0.2785393238067627 0.11189483642578125 0.011545944213867187 0.017630767822265626
1 0.4868597984313965 0.6233977508544922 0.023334503173828125 0.09977096557617188
0 0.4332242965698242 0.19093154907226564 0.0124481201171875 0.019195709228515625
1 0.834217643737793 0.6828227233886719 0.03154754638671875 0.10549850463867189
2 0.4004494667053223 0.8931754302978516 0.021172809600830077 0.042130126953125
1 0.49889020919799804 0.9048901367187501 0.08050975799560547 0.054209594726562504
1 0.17765493392944337 0.11390159606933595 0.07121720314025878 0.03786483764648438
0 0.32830057144165037 0.5967071533203125 0.01130990982055664 0.016851196289062502
0 0.3330250263214111 0.22641021728515626 0.012627553939819335 0.017941436767578128
1 0.9947023391723633 0.7761017608642579 0.010595321655273438 0.08610427856445313
0 0.046568627450980386 0.5389705882352941 0.009803921568627453 0.015196078431372561
0 0.03844975490196078 0.5448529411764705 0.009497549019607842 0.016176470588235268
