1 0.10514112710952758 0.5037893676757813 0.05311300754547119 0.10771728515625001
1 0.05841939449310302 0.3994009399414063 0.04067929983139038 0.11628326416015626
2 0.6219134330749512 0.35438369750976567 0.024651622772216795 0.04047821044921875
0 0.7422160148620606 0.3074135971069336 0.0122161865234375 0.01823783874511719
2 0.030131231993436813 0.50895263671875 0.021737100183963777 0.033183746337890625
0 0.06539212465286255 0.10337501525878907 0.011675477027893066 0.017148132324218752
0 0.018673425912857054 0.9822790527343751 0.01180381178855896 0.01964202880859375
2 0.018408915400505065 0.5377057647705078 0.020715278387069703 0.034763641357421875
0 0.8200300216674804 0.07222656250000001 0.012109756469726562 0.0172381591796875
0 0.9834595680236816 0.9360113525390625 0.010467529296875 0.0167303466796875
0 0.8220914840698242 0.05453266143798829 0.01123981475830078 0.015890426635742187
2 0.22690491676330565 0.8290038299560547 0.019369792938232423 0.029342956542968753
0 0.3146402359008789 0.5767617797851563 0.011562442779541016 0.01566680908203125
0 0.13845229148864746 0.043862915039062506 0.012149572372436523 0.01894798278808594
0 0.17786104679107667 0.40932861328125003 0.011141443252563476 0.016957702636718752
2 0.24361522197723387 0.8143051147460938 0.017821836471557616 0.029814453125
0 0.004142376407980919 0.4733183288574219 0.008284752815961837 0.017835388183593752
1 0.14821492165242156 0.47115384615384626 0.02626424501424503 0.08048433048433054
0 0.9227663040161133 0.7147816467285156 0.0118896484375 0.016443176269531252
0 0.9606407165527343 0.8265831756591797 0.0110321044921875 0.01627716064453125
0 0.10881283283233642 0.3641374969482422 0.011801576614379883 0.0183251953125
0 0.30301381169560965 0.5761799728089249 0.0091170108556069 0.015731222473318478
0 0.6484357833862304 0.7110792541503906 0.010296154022216796 0.015268249511718752
0 0.30660903453826904 0.6038368988037109 0.011304044723510742 0.0170855712890625
0 0.012258490920066834 0.48592544555664063 0.01154380440711975 0.0170501708984375
0 0.9952037811279296 0.01107391357421875 0.0093658447265625 0.018322601318359374
0 0.15266648860398851 0.519408831908832 0.010683760683760705 0.016737891737891746
0 0.160011574074074 0.5056980056980058 0.009793447293447303 0.014957264957264916
0 0.3792512464387464 0.5243945868945871 0.010238603988603974 0.01887464387464386
0 0.29700854700854695 0.5900997150997151 0.008235398860398865 0.0128205128205128
0 0.31325676638176625 0.5913461538461539 0.01046118233618234 0.013176638176638184
0 0.542957621082621 0.33867521367521375 0.010461182336182281 0.01638176638176641
0 0.9245681980056981 0.7321937321937323 0.010683760683760705 0.017094017094017033
