0 0.9437542915344238 0.5242697143554688 0.011525154113769531 0.018131103515625
2 0.1253194570541382 0.44001617431640627 0.02386584281921387 0.03687042236328125
0 0.309801983833313 0.911739501953125 0.012258052825927734 0.01885589599609375
0 0.9700569152832031 0.8528945922851563 0.011562538146972657 0.017914733886718753
2 0.5136648178100586 0.4154778289794922 0.023699188232421876 0.037053070068359374
0 0.6293833255767822 0.37771247863769536 0.011296272277832031 0.017724304199218752
0 0.934340763092041 0.563395233154297 0.012704277038574218 0.020181579589843752
0 0.5299003601074219 0.887810287475586 0.011264228820800781 0.018562774658203125
2 0.5388269901275635 0.4270018768310547 0.02038402557373047 0.03463607788085938
0 0.9671491622924805 0.5788360595703126 0.012453079223632812 0.0191680908203125
0 0.5649843215942383 0.8791162872314454 0.012688064575195312 0.01871337890625
0 0.5411171913146973 0.8818704223632813 0.012556648254394532 0.01824493408203125
0 0.9495700836181641 0.6428683471679688 0.012306404113769532 0.019116210937500003
0 0.5542668342590332 0.43539794921875 0.012158966064453125 0.018685302734375003
0 0.5503127098083496 0.20556983947753907 0.012654685974121093 0.019333343505859375
0 0.5616795539855957 0.44898605346679693 0.012960243225097656 0.0181610107421875
0 0.34245786666870115 0.8607952880859375 0.012641334533691406 0.019520874023437502
