1 0.7200946807861328 0.3646929931640625 0.05671501159667969 0.09243392944335938
0 0.5435774326324463 0.9173582458496095 0.012843704223632813 0.02149993896484375
1 0.16937772035598755 0.6387461853027344 0.07295982837677002 0.07500839233398438
0 0.3319956541061401 0.4743231201171875 0.011792707443237304 0.017552337646484378
0 0.05462109446525574 0.7289322662353516 0.011117172241210938 0.017895812988281252
0 0.2910633563995361 0.5775709533691407 0.011686611175537109 0.01730560302734375
1 0.5632095336914062 0.7597093963623047 0.07187318801879883 0.028008270263671878
2 0.8481260299682617 0.7418154907226563 0.020088958740234374 0.04015045166015625
0 0.034714481234550475 0.779297332763672 0.012798655033111572 0.019920501708984375
1 0.637509536743164 0.45501724243164066 0.07141532897949218 0.020878295898437503
