2 0.753131103515625 0.38064025878906255 0.02272310256958008 0.03574066162109375
1 0.8602045059204101 0.4637889099121094 0.0461578369140625 0.10628051757812501
1 0.9359390258789062 0.4368125915527344 0.061530685424804686 0.0690167236328125
0 0.25840983390808103 0.8730072784423829 0.012048053741455077 0.018095855712890626
1 0.39048750400543214 0.7921977233886719 0.06699986457824707 0.046019287109375
2 0.25274181365966797 0.41110656738281254 0.0246401309967041 0.0472705078125
2 0.34842326641082766 0.6485282897949219 0.024965476989746094 0.037395782470703125
1 0.7673241138458252 0.5329621887207031 0.023176097869873048 0.11199432373046876
1 0.13347749710083007 0.3547205352783203 0.023871850967407227 0.13026611328125
2 0.08754826784133911 0.13209800720214845 0.021093130111694336 0.03619956970214844
2 0.07855684161186219 0.16531253814697267 0.025114834308624268 0.03714805603027344
2 0.10725892782211303 0.14439399719238283 0.020749783515930174 0.0335931396484375
2 0.11833457946777344 0.10386283874511719 0.02409501075744629 0.03592666625976563
0 0.6842592239379883 0.7080451965332032 0.012934112548828125 0.017842102050781253
2 0.9159148216247558 0.4163996124267578 0.021578025817871094 0.03201889038085938
1 0.8349246978759766 0.4062455749511719 0.023598098754882814 0.0780120849609375
0 0.8970733642578125 0.7594558715820313 0.012842178344726562 0.01976593017578125
