1 0.5839150428771973 0.672052459716797 0.05763740539550781 0.06995269775390625
0 0.4081089973449707 0.2554240417480469 0.012047672271728515 0.018655700683593752
0 0.7290656566619873 0.6258927917480469 0.012339305877685548 0.019349365234375002
0 0.6988654136657715 0.32269065856933593 0.011929798126220702 0.017812957763671877
0 0.1692388415336609 0.9490579223632813 0.011718964576721192 0.01985137939453125
0 0.576162576675415 0.5067359924316407 0.011322879791259765 0.016553955078125
0 0.48278212547302246 0.7063006591796875 0.012669181823730469 0.02058807373046875
0 0.3861879825592041 0.5354415130615234 0.011069393157958985 0.01723907470703125
0 0.9517341613769531 0.2705975341796875 0.010964202880859374 0.017473602294921876
0 0.18055262565612792 0.9586323547363282 0.01187911033630371 0.01985504150390625
