1 0.23385416666666667 0.42129629629629634 0.058333333333333334 0.07037037037037037
0 0.3380208333333333 0.0837962962962963 0.013541666666666667 0.021296296296296296
0 0.35859375 0.11851851851851852 0.013020833333333334 0.022222222222222223
0 0.3416666666666667 0.16342592592592592 0.0125 0.017592592592592594
0 0.26067708333333334 0.7032407407407407 0.011979166666666666 0.019444444444444445
0 0.3377604166666667 0.8166666666666667 0.0109375 0.020370370370370372
0 0.4239583333333333 0.9810185185185185 0.013541666666666667 0.017592592592592594
0 0.46484375 0.1337962962962963 0.011979166666666666 0.017592592592592594
0 0.47604166666666664 0.12962962962962962 0.010416666666666666 0.016666666666666666
0 0.4614583333333333 0.1513888888888889 0.010416666666666666 0.015740740740740743
0 0.47109375 0.15185185185185185 0.0109375 0.020370370370370372
0 0.48072916666666665 0.14583333333333334 0.011458333333333333 0.017592592592592594
0 0.5510416666666667 0.044444444444444446 0.0125 0.020370370370370372
0 0.5854166666666667 0.26666666666666666 0.011458333333333333 0.018518518518518517
0 0.7125 0.5796296296296296 0.011458333333333333 0.022222222222222223
0 0.75 0.9300925925925926 0.0125 0.026851851851851852
0 0.9895833333333334 0.5768518518518518 0.0125 0.024074074074074074
0 0.9361979166666666 0.25972222222222224 0.011979166666666666 0.021296296296296296
