0 0.3932031154632568 0.3036118316650391 0.011968708038330078 0.018919677734375
1 0.1609212875366211 0.29157165527343754 0.0481656551361084 0.08504653930664063
2 0.8555521965026855 0.3933567810058594 0.025075149536132813 0.037798461914062505
1 0.4989909172058105 0.2463768768310547 0.06274261474609374 0.0580560302734375
0 0.21938157081604004 0.47769653320312505 0.012331008911132812 0.02043121337890625
1 0.8036215782165527 0.7735069274902344 0.051080322265625 0.034685668945312505
0 0.8795871734619141 0.9678736114501953 0.011866378784179687 0.018537292480468752
1 0.5098824977874756 0.18662025451660158 0.0470829963684082 0.11093551635742188
2 0.9119570732116699 0.9747927856445313 0.020872116088867188 0.03305145263671875
0 0.6596412658691406 0.8871990203857423 0.012018966674804687 0.017286834716796876
0 0.9032735824584961 0.8438864135742188 0.011736679077148437 0.017339172363281252
1 0.1823214292526245 0.8138339233398438 0.06469235420227051 0.023023681640625
2 0.27187132835388184 0.33694976806640625 0.022563362121582033 0.035669708251953126
1 0.22544991970062256 0.3366360473632813 0.027744626998901366 0.09132431030273438
0 0.8593701362609864 0.5627206420898437 0.010706138610839844 0.01599884033203125
1 0.24771175384521485 0.3568637847900391 0.02375955581665039 0.07750015258789063
0 0.88614501953125 0.8556660461425781 0.011225700378417969 0.018072509765625
0 0.6932315826416016 0.9749145507812501 0.00923919677734375 0.0125
