1 0.30339951515197755 0.32094627380371094 0.02980527877807617 0.07382583618164062
1 0.3614131689071655 0.36471153259277345 0.03272538185119629 0.08018753051757813
1 0.15938935279846192 0.8012860107421875 0.030156683921813966 0.14336883544921875
0 0.45945262908935547 0.6071018981933595 0.012019538879394531 0.018802337646484375
1 0.8650707244873047 0.16019962310791017 0.07101898193359375 0.025428619384765625
0 0.8982126235961914 0.7481861877441407 0.011620712280273438 0.0169061279296875
0 0.16528964042663574 0.6954393005371095 0.010989022254943848 0.016544647216796875
0 0.4595178127288818 0.4094257354736328 0.01081399917602539 0.015813446044921877
0 0.9551589965820312 0.7359842681884766 0.011551094055175782 0.01800079345703125
0 0.5904637336730957 0.3606912994384766 0.01090545654296875 0.016793975830078127
0 0.4028627276420593 0.4434855651855469 0.009706711769104004 0.015785980224609374
0 0.5964391708374024 0.34474136352539064 0.01166229248046875 0.016378631591796877
0 0.6468820571899414 0.9318252563476563 0.009466934204101562 0.01376251220703125
0 0.8896526336669922 0.7252169799804687 0.011868667602539063 0.0167193603515625
0 0.6464803218841553 0.9158387756347657 0.009850025177001953 0.014941101074218751
0 0.9012570381164551 0.7310686492919922 0.011348342895507813 0.0174139404296875
0 0.7711956024169921 0.7445068359375 0.011104011535644531 0.015080261230468751
0 0.3299536228179932 0.8077200317382813 0.010080337524414062 0.015618286132812501
2 0.3568060874938965 0.40036926269531253 0.013761425018310547 0.015861358642578125
0 0.3610404968261719 0.052781677246093756 0.012123489379882812 0.016440200805664065
0 0.7165547370910644 0.903918685913086 0.008162498474121094 0.013232574462890626
0 0.9644707679748535 0.4028591918945313 0.011398887634277344 0.01741851806640625
0 0.5387622833251953 0.7094715118408204 0.010898399353027343 0.016030731201171877
0 0.34667199803149606 0.7180118110236221 0.010355150918635184 0.01640419947506568
0 0.8870442708333334 0.73974609375 0.009765625 0.0166015625
0 0.7698567708333334 0.6220703125 0.012613932291666666 0.018229166666666668
