1 0.48984527587890625 0.4875254821777344 0.03744516372680664 0.12030487060546875
2 0.6807881832122803 0.14707595825195313 0.024240875244140626 0.046214904785156254
2 0.8428705215454101 0.8385591125488282 0.024337387084960936 0.040733642578125
0 0.5085511207580566 0.21275428771972657 0.0120941162109375 0.017598114013671878
0 0.9562305450439453 0.07116973876953125 0.012849044799804686 0.02038970947265625
0 0.25293307304382323 0.9060873413085938 0.01109623908996582 0.017640380859375002
2 0.8027121543884277 0.8966431427001954 0.024962806701660158 0.03878662109375
2 0.8240513801574707 0.8776648712158204 0.0214874267578125 0.0338262939453125
0 0.5111232757568359 0.8286216735839844 0.011106204986572266 0.017487792968750002
0 0.2554914951324463 0.9273681640625001 0.012067890167236328 0.017360687255859375
0 0.7851286888122558 0.9149566650390626 0.010339832305908203 0.016768798828125
0 0.2627160310745239 0.9149163818359376 0.011424875259399414 0.015111083984375
0 0.897502326965332 0.9756831359863282 0.011962509155273438 0.01917572021484375
