1 0.6054184436798096 0.25196753607855904 0.05105772018432617 0.062428622775607644
2 0.4578241348266601 0.8467620849609375 0.022231292724609376 0.037524583604600696
2 0.062198758125305176 0.4892878214518229 0.024159049987792967 0.04203219943576389
1 0.3344017505645752 0.21432486640082465 0.017341423034667968 0.16107313368055556
0 0.3220644950866699 0.7125450981987848 0.013002395629882812 0.021697658962673613
0 0.066554594039917 0.14070671929253473 0.011385416984558106 0.01922030978732639
0 0.06680039167404175 0.15806020100911458 0.012608993053436279 0.01854892306857639
0 0.8139602661132812 0.4750340779622396 0.008727645874023438 0.01501803927951389
0 0.48867020606994627 0.8176942613389757 0.011363506317138672 0.017605082194010416
0 0.24030463695526122 0.8781691657172309 0.008014392852783204 0.013666280110677083
