0 0.7029327392578125 0.7255262756347657 0.011868572235107422 0.017453918457031252
0 0.5773952960968017 0.5531788635253907 0.012492656707763672 0.019608917236328127
1 0.18062522411346435 0.7619422912597656 0.0451754093170166 0.1184783935546875
0 0.9539228439331054 0.2745453643798828 0.012372589111328125 0.018521270751953128
0 0.34093165397644043 0.03560916900634766 0.011685371398925781 0.018395919799804688
2 0.7081686973571777 0.30581794738769535 0.024685096740722657 0.0397637939453125
0 0.3414592266082764 0.3963603210449219 0.01162891387939453 0.018060607910156252
0 0.05438973903656006 0.18120567321777345 0.013100862503051758 0.0196881103515625
2 0.5728572845458985 0.8915433502197266 0.02611713409423828 0.038401947021484376
0 0.9942722320556641 0.26529563903808595 0.011004638671875 0.01901458740234375
0 0.6266012191772461 0.6241980743408203 0.011250114440917969 0.018437347412109378
2 0.8598318099975586 0.5627133941650391 0.02493896484375 0.03794723510742188
2 0.8564390182495117 0.6034114074707032 0.026299476623535156 0.04178436279296875
0 0.28708372116088865 0.5231807708740235 0.011537313461303711 0.017312622070312502
0 0.8796836853027343 0.012593231201171876 0.011383819580078124 0.017422027587890625
0 0.039036667346954344 0.5787330627441407 0.011426889896392822 0.01856964111328125
0 0.8896520614624023 0.018035316467285158 0.011436080932617188 0.0186712646484375
0 0.10068373680114746 0.972056884765625 0.012725210189819336 0.019249877929687503
0 0.12287414965986393 0.9010204081632653 0.011904761904761908 0.01700680272108836
0 0.007015306122448979 0.9386054421768707 0.012329931972789115 0.015986394557823285
0 0.8860544217687073 0.21819727891156462 0.010629251700680343 0.016666666666666666
