1 0.3857571601867676 0.07346111297607422 0.057937240600585936 0.08894256591796876
1 0.7924648761749268 0.32437484741210937 0.08580846786499023 0.07517105102539064
1 0.614427900314331 0.17686492919921876 0.06431989669799805 0.11018753051757814
1 0.792175579071045 0.4791836547851563 0.06652507781982422 0.10088180541992188
2 0.6493328094482422 0.7520957946777345 0.020055770874023438 0.0283380126953125
0 0.01778660751879215 0.6120240783691406 0.012192260473966599 0.018551025390625
2 0.22640492916107177 0.07598846435546876 0.024013757705688477 0.03850662231445313
0 0.9796275138854981 0.7301275634765626 0.010690689086914062 0.01726470947265625
2 0.23882479667663573 0.06507713317871094 0.022095584869384767 0.036684570312500005
0 0.2571555137634277 0.006460399627685547 0.009546947479248048 0.012920799255371094
1 0.12808309386973182 0.584051724137931 0.07962164750957852 0.020593869731800777
1 0.4910201149425287 0.34913793103448276 0.04699473180076629 0.06321839080459768
