2 0.5083333333333333 0.525462962962963 0.022916666666666665 0.04166666666666667
2 0.7901041666666666 0.6814814814814815 0.022916666666666665 0.037037037037037035
1 0.7278645833333334 0.20972222222222223 0.0359375 0.062037037037037036
0 0.21145833333333333 0.5199074074074074 0.0125 0.021296296296296296
0 0.22343749999999998 0.5171296296296296 0.0125 0.02314814814814815
0 0.33203125 0.3944444444444445 0.011979166666666666 0.020370370370370372
0 0.5674479166666666 0.38472222222222224 0.009895833333333333 0.021296296296296296
0 0.6872395833333333 0.5092592592592593 0.013020833333333334 0.020370370370370372
0 0.74765625 0.2138888888888889 0.009895833333333333 0.022222222222222223
0 0.7705729166666666 0.2518518518518519 0.011979166666666666 0.016666666666666666
0 0.7848958333333333 0.2564814814814815 0.011458333333333333 0.018518518518518517
0 0.7786458333333334 0.2726851851851852 0.011458333333333333 0.019444444444444445
0 0.7690104166666667 0.275 0.0109375 0.022222222222222223
0 0.75859375 0.26712962962962966 0.0109375 0.021296296296296296
0 0.959375 0.44722222222222224 0.011458333333333333 0.020370370370370372
0 0.93828125 0.701388888888889 0.013020833333333334 0.019444444444444445
0 0.70078125 0.8495370370370371 0.011979166666666666 0.017592592592592594
0 0.09348958333333333 0.7569444444444444 0.011979166666666666 0.021296296296296296
