1 0.42528495788574217 0.41604139539930557 0.06997604370117187 0.044727918836805554
2 0.7456931114196778 0.0820613013373481 0.025202178955078123 0.04635654025607639
2 0.806065559387207 0.5602147420247396 0.023936080932617187 0.04276869032118056
2 0.8199796676635742 0.14349212646484374 0.021652603149414064 0.04520484076605903
2 0.2800312042236328 0.018335978190104168 0.021398353576660156 0.032611083984375004
2 0.8416296005249023 0.1280092027452257 0.022677803039550783 0.03955629136827257
0 0.6364696025848389 0.10773400200737848 0.011860466003417969 0.021873982747395833
0 0.13798043727874756 0.039451514350043404 0.01290755271911621 0.01920047336154514
0 0.9279191970825195 0.511858876546224 0.010662269592285157 0.017687649197048613
0 0.6406600475311279 0.6632620069715712 0.010742855072021485 0.02009514702690972
0 0.6292937755584717 0.6589654710557726 0.010996246337890625 0.020665656195746528
0 0.01071770191192627 0.6557381523980035 0.014765477180480957 0.024906751844618057
0 0.5960487842559814 0.5587632921006944 0.009099006652832031 0.017618645562065972
1 0.629468328268953 0.6047115171499853 0.031950222429379 0.04789824046316485
0 0.8341427803039551 0.595231458875868 0.011132240295410156 0.019289822048611113
0 0.2814619670542636 0.054801894918173964 0.011203972868217053 0.01722652885443583
0 0.03921390503875968 0.1417420327304048 0.012415213178294571 0.019918173987941427
0 0.5867513020833334 0.5602816358024691 0.009223090277777738 0.014467592592592593
0 0.7747760903426791 0.7439858082381446 0.011438862928348925 0.022931810314987953
