0 0.9047599792480469 0.9475833129882814 0.011696624755859374 0.017868194580078125
2 0.09657983779907227 0.5515049743652344 0.024460434913635254 0.042306213378906256
2 0.20142144560813904 0.7589646911621094 0.02594729661941528 0.037326049804687504
0 0.6208873748779297 0.1697158432006836 0.012188911437988281 0.0190118408203125
2 0.05360059142112732 0.5406191253662109 0.025304400920867918 0.038270874023437505
2 0.46254286766052244 0.6663354492187501 0.02267770767211914 0.039277648925781256
2 0.4772815704345703 0.6380003356933595 0.023049163818359374 0.036631774902343754
2 0.08197690844535828 0.5180772399902344 0.028407192230224608 0.039943542480468754
2 0.48420238494873047 0.6841839599609375 0.023331069946289064 0.043565368652343756
2 0.0608644962310791 0.5146817016601563 0.016167306900024415 0.03138397216796875
