1 0.7364272117614746 0.6031835937500001 0.049304962158203125 0.08177612304687501
1 0.6199906826019287 0.7762280273437501 0.015965366363525392 0.07974884033203125
1 0.929098892211914 0.5731298065185547 0.03951683044433594 0.15308303833007814
1 0.9594490051269531 0.9471580505371094 0.026824188232421876 0.10568389892578126
0 0.9406836509704589 0.0350616455078125 0.012461280822753907 0.0189813232421875
0 0.7972411632537841 0.8135049438476563 0.011522006988525391 0.018883666992187503
0 0.8190498352050781 0.8277707672119141 0.010107421875 0.015423583984375001
0 0.6770432472229004 0.7313780212402344 0.010830307006835937 0.016418914794921875
0 0.9174013137817383 0.35070510864257814 0.0120513916015625 0.017003784179687502
0 0.6804594993591309 0.7478666687011719 0.010329246520996094 0.01572723388671875
0 0.4457679748535156 0.3956295776367188 0.011291313171386718 0.018472900390625
0 0.38381381034851075 0.33399463653564454 0.010458087921142578 0.01730247497558594
0 0.414905309677124 0.38979042053222657 0.012207126617431641 0.018789825439453126
2 0.7841178894042968 0.4737376403808594 0.011565303802490235 0.01792449951171875
0 0.7586358070373536 0.2755835723876953 0.01087799072265625 0.016863479614257812
0 0.033545461297035215 0.2851915740966797 0.011927348375320435 0.018843231201171876
0 0.8945123672485351 0.17509178161621095 0.011822319030761719 0.018824462890625
0 0.0948742687702179 0.6961488342285157 0.012246811389923095 0.0197735595703125
0 0.3195310115814209 0.42978652954101565 0.008662891387939454 0.013433837890625001
0 0.43479175567626954 0.39668281555175783 0.010928153991699219 0.018177337646484375
0 0.21592302322387694 0.08196273803710938 0.00946664810180664 0.015393218994140626
0 0.6524118900299072 0.982621307373047 0.011260318756103515 0.01755462646484375
0 0.6686154365539551 0.7463920593261719 0.010748672485351562 0.015021057128906251
0 0.6762969970703125 0.38423477172851567 0.010978507995605468 0.01617034912109375
0 0.9199315071105957 0.04062126159667969 0.012261581420898438 0.019635162353515628
0 0.4085043532338308 0.3596600331674958 0.008550995024875618 0.016169154228855738
0 0.1091566866267465 0.6200099800399202 0.009980039920159693 0.017465069860279528
0 0.7775074850299402 0.6716566866267465 0.012475049900199646 0.01696606786427149
0 0.78249750499002 0.7874251497005988 0.011227544910179669 0.01996007984031934
0 0.6577470059880239 0.7442614770459083 0.01060379241516974 0.019461077844311395
0 0.6226609281437125 0.1998502994011976 0.010915668662674585 0.018463073852295415
