1 0.2559895833333333 0.4449074074074074 0.04010416666666666 0.06759259259259259
0 0.12864583333333332 0.41712962962962963 0.0125 0.021296296296296296
0 0.40572916666666664 0.051388888888888894 0.011458333333333333 0.019444444444444445
0 0.4205729166666667 0.3768518518518519 0.009895833333333333 0.016666666666666666
0 0.5322916666666666 0.41250000000000003 0.0125 0.021296296296296296
0 0.2635416666666667 0.962962962962963 0.011458333333333333 0.018518518518518517
0 0.2721354166666667 0.9888888888888889 0.011979166666666666 0.018518518518518517
0 0.5828125 0.6893518518518519 0.0125 0.021296296296296296
0 0.6830729166666667 0.7347222222222223 0.0109375 0.019444444444444445
0 0.6703125 0.8138888888888889 0.0125 0.022222222222222223
0 0.84921875 0.7949074074074074 0.009895833333333333 0.017592592592592594
0 0.9036458333333334 0.6930555555555555 0.010416666666666666 0.021296296296296296
0 0.9184895833333333 0.39814814814814814 0.0109375 0.02592592592592593
0 0.6877604166666667 0.08750000000000001 0.0109375 0.019444444444444445
