2 0.6778645833333333 0.6245370370370371 0.024479166666666666 0.036111111111111115
2 0.675 0.6662037037037037 0.027083333333333334 0.04166666666666667
2 0.66171875 0.6916666666666667 0.0234375 0.03888888888888889
2 0.6841145833333333 0.6962962962962963 0.0203125 0.040740740740740744
0 0.2942708333333333 0.24305555555555555 0.0125 0.019444444444444445
0 0.7463541666666667 0.49074074074074076 0.0125 0.020370370370370372
0 0.7955729166666666 0.3666666666666667 0.011979166666666666 0.018518518518518517
0 0.6239583333333333 0.9185185185185185 0.0125 0.018518518518518517
0 0.7682291666666666 0.8935185185185186 0.010416666666666666 0.018518518518518517
0 0.9669270833333333 0.6393518518518518 0.011979166666666666 0.021296296296296296
