1 0.06902231127023697 0.8532599639892579 0.04233190715312958 0.0961297607421875
1 0.24430184364318847 0.4394462585449219 0.05007390975952148 0.06313430786132813
0 0.6449144363403321 0.6689448547363281 0.011727523803710938 0.017255096435546877
0 0.1434638261795044 0.8560415649414063 0.011435461044311524 0.017514801025390627
2 0.618474006652832 0.38235305786132817 0.026749420166015624 0.03452255249023438
2 0.6249918937683105 0.42065025329589845 0.023427772521972656 0.039446716308593754
0 0.41729941368103024 0.7494244384765626 0.012127208709716796 0.017880859375000002
0 0.8552531242370606 0.21879577636718753 0.01294116973876953 0.019498214721679688
0 0.9243722915649414 0.007587833404541016 0.01185302734375 0.015175666809082031
0 0.40349397659301756 0.6153889465332032 0.007796001434326172 0.01279754638671875
0 0.22935956790123455 0.3800925925925926 0.00964506172839507 0.017592592592592573
0 0.8483176256613757 0.20105820105820107 0.009300595238095255 0.014550264550264558
