1 0.36744704246521 0.5616305881076389 0.033313941955566403 0.1359897189670139
1 0.6552172660827636 0.6691943698459202 0.03602113723754883 0.1270362006293403
0 0.28541259765625 0.9597132364908855 0.012927055358886719 0.021195814344618057
0 0.09301482439041138 0.9280132717556424 0.012099719047546387 0.02074228922526042
0 0.8559385299682617 0.5740267435709636 0.01178131103515625 0.02014092339409722
0 0.810635757446289 0.8946580674913195 0.011602020263671875 0.01985100640190972
0 0.3165931224822998 0.46247202555338546 0.00973215103149414 0.016679551866319444
0 0.7954572677612305 0.8719894409179688 0.012095832824707031 0.01850958930121528
0 0.2864288330078125 0.1093163808186849 0.012172555923461914 0.021762593587239584
0 0.5771082878112793 0.5155892266167534 0.010972404479980468 0.01743045383029514
0 0.5820268630981446 0.5373019748263889 0.011055374145507812 0.019167751736111113
0 0.8313968658447265 0.5428960164388021 0.012558364868164062 0.02166680230034722
0 0.4095139026641846 0.9391850789388021 0.010782718658447266 0.01778225368923611
0 0.2583760261535645 0.4626651340060764 0.011295413970947266 0.020532226562500002
0 0.17378060817718505 0.7929268731011285 0.011502838134765625 0.018995496961805556
0 0.4398214817047119 0.2975457933213976 0.012388038635253906 0.020961168077256946
0 0.5334837436676025 0.18729451497395835 0.012736225128173828 0.021208699544270834
0 0.8963441408597506 0.031795725591501955 0.011016464233398438 0.020851135253906257
0 0.24441285133361815 0.42529322306315104 0.016196823120117186 0.021036444769965277
0 0.6705193042755127 0.6667002360026042 0.011420249938964844 0.021378919813368057
0 0.5108624249249248 0.502293960627294 0.010557432432432397 0.01876876876876881
0 0.4151417042042042 0.6559893226559893 0.011026651651651656 0.017517517517517556
0 0.9252403846153846 0.01695156695156695 0.010737179487179442 0.01566951566951567
