1 0.6665744781494141 0.8038912455240885 0.061124324798583984 0.08742014567057292
1 0.07114622592926026 0.7983269585503473 0.03894882202148438 0.1042972140842014
2 0.7166919708251953 0.4767907884385851 0.02368335723876953 0.05023617214626736
2 0.1623469829559326 0.5915356106228299 0.02446575164794922 0.03663906521267361
0 0.6414007186889649 0.40292222764756946 0.01234579086303711 0.01927032470703125
0 0.7918910980224609 0.7037218729654948 0.010741615295410156 0.01939324273003472
0 0.8794196128845214 0.060589641994900176 0.01046142578125 0.017205132378472224
0 0.1955563545227051 0.43972371419270834 0.01174163818359375 0.02121005588107639
2 0.12912757396698 0.06210238138834635 0.02032516002655029 0.04000371297200521
0 0.15083019733428954 0.9250891791449654 0.012615728378295898 0.021848212348090278
0 0.6034829381893599 0.6221667094453943 0.008485079564754965 0.01959010563123987
0 0.7602715015411377 0.6384119669596354 0.012129878997802735 0.019722832573784724
0 0.5923360824584961 0.6455752902560764 0.009650230407714844 0.01606106228298611
0 0.5925839900970459 0.6269860161675348 0.009493637084960937 0.018662855360243057
0 0.6011663549459684 0.6407361226563223 0.00870220282626768 0.013854253255749427
0 0.6119466957605986 0.6407361226563223 0.009741271820448816 0.016163295465041104
0 0.6127259975062345 0.6228410455343125 0.008961970074812933 0.016394199685970324
