1 0.03166695237159729 0.12261539035373265 0.0628198504447937 0.09994879828559028
1 0.7865543171298524 0.425612243251456 0.02674768757937578 0.1467685804556721
2 0.8303117752075195 0.9342341105143229 0.020556068420410155 0.042983330620659725
0 0.20311102867126465 0.2969819810655382 0.013736677169799804 0.02221289740668403
0 0.805724811553955 0.12918438381618924 0.011973381042480469 0.02040557861328125
0 0.3958433151245117 0.29181675381130645 0.011263179779052734 0.01943673027886285
0 0.054194866120815276 0.7365868462456597 0.012091806530952454 0.021520317925347223
0 0.0429879903793335 0.7284472995334201 0.010254454612731934 0.016847398546006944
0 0.863520336151123 0.39958648681640624 0.01275482177734375 0.020327589246961805
0 0.5540562629699707 0.7373348659939236 0.012096977233886719 0.016033257378472224
0 0.6102298259735107 0.30272216796875 0.012187957763671875 0.02011667887369792
0 0.5545568466186523 0.7186665852864583 0.012526702880859374 0.019384087456597223
0 0.050828266143798824 0.7128143310546875 0.012374353408813477 0.020136854383680555
0 0.7142102718353271 0.28089218139648436 0.013643455505371093 0.021094258626302084
0 0.37581462860107423 0.1796817355685764 0.012225341796875 0.0189056396484375
0 0.6599568843841552 0.6344774034288194 0.013219642639160156 0.022143046061197918
2 0.7920014381408691 0.9266469319661459 0.020525360107421876 0.038623216417100696
0 0.8119922637939453 0.39957800971137153 0.013296318054199218 0.023574490017361113
0 0.9555273056030273 0.669866434733073 0.013591766357421875 0.019996473524305558
0 0.9607344627380371 0.6538005405002171 0.00890941619873047 0.014905293782552084
0 0.9956659317016602 0.4931218465169271 0.008045196533203125 0.020302327473958333
0 0.7194828987121582 0.6096350775824653 0.011941146850585938 0.021560329861111113
0 0.9867874145507812 0.2962891048855252 0.010097122192382813 0.016749657524956597
0 0.3736406803131104 0.1990575154622396 0.011519384384155274 0.021023220486111112
0 0.5527116298675537 0.6236219618055556 0.00858926773071289 0.014064534505208334
0 0.7982604679802955 0.42670133187374565 0.012571839080459786 0.021437693851486913
0 0.1175449346405229 0.6141067538126362 0.015063316993464046 0.019970951343500305
0 0.26281658496732024 0.7602578068264343 0.009957107843137287 0.017247639796659404
0 0.3178359885620915 0.45592774146695714 0.01123366013071898 0.021332607116920862
0 0.9623672385620915 0.15318627450980393 0.010978349673202577 0.01860929557007991
