2 0.457834529876709 0.7344100952148438 0.022817611694335938 0.0406121826171875
0 0.12085922956466674 0.08397789001464845 0.012737870216369629 0.019854736328125
1 0.3640433788299561 0.2500755310058594 0.058458566665649414 0.05050613403320313
1 0.11757502257823944 0.870356903076172 0.08084564805030822 0.04832916259765625
0 0.7226065635681153 0.28243934631347656 0.011204242706298828 0.017391510009765625
0 0.12665363550186157 0.45558197021484376 0.012165474891662597 0.017937622070312503
0 0.9631176948547363 0.2857596206665039 0.01283111572265625 0.019577178955078125
0 0.1464264750480652 0.623524627685547 0.012573480606079102 0.018590698242187502
0 0.7330670356750488 0.5901074218750001 0.011705970764160157 0.0181195068359375
0 0.9330900192260742 0.5294448852539063 0.010721969604492187 0.015573730468750002
0 0.523273229598999 0.8228216552734375 0.012412071228027344 0.0181988525390625
0 0.24885840415954588 0.07628318786621094 0.011503028869628906 0.017370376586914062
0 0.8143057823181152 0.7071505737304687 0.010593605041503907 0.017339477539062502
0 0.6580933570861817 0.8410322570800782 0.012456703186035156 0.01686767578125
0 0.33680245876312254 0.4870217895507813 0.011453342437744141 0.0176873779296875
0 0.5283798217773438 0.8016465759277345 0.012494277954101563 0.019099273681640626
0 0.9108819961547852 0.8419747924804688 0.010650634765625 0.015748291015625002
0 0.9193721771240234 0.7732273864746094 0.0115753173828125 0.0181298828125
0 0.4705029487609863 0.9914697265625001 0.011121082305908202 0.015322265625000001
0 0.6931263923645019 0.6096849060058595 0.011970710754394532 0.01979095458984375
0 0.2980019569396973 0.5823460388183594 0.012225818634033204 0.01909149169921875
0 0.6524313449859619 0.8615943908691407 0.011572265625 0.018751220703125
0 0.5078595161437989 0.7622444152832032 0.01160726547241211 0.01587310791015625
0 0.288300895690918 0.14139297485351562 0.011932659149169921 0.018238677978515624
0 0.3663653373718262 0.21112426757812502 0.012030601501464844 0.018113250732421877
0 0.08242532014846801 0.8826773071289064 0.011293697357177734 0.01819915771484375
1 0.12607102692127228 0.8491891479492188 0.0692269265651703 0.06528656005859375
