1 0.578126335144043 0.24383854336208768 0.05237636566162109 0.11055696275499133
1 0.02951757311820984 0.28817181057400176 0.056343686580657956 0.08984815809461806
2 0.6706135749816895 0.8646228366427952 0.024704360961914064 0.038995361328125
1 0.39468631744384763 0.9769513448079428 0.038599491119384766 0.04609731038411458
0 0.9825129508972168 0.17569376627604166 0.012553596496582031 0.0209625244140625
0 0.08155175447463989 0.4861787584092882 0.011623883247375488 0.020030721028645834
2 0.13670504093170166 0.5423868815104167 0.020910263061523438 0.037314520941840276
0 0.1792933464050293 0.0462632073296441 0.013466215133666993 0.020321824815538195
0 0.8930673599243164 0.7373038397894965 0.010330963134765624 0.016838243272569445
0 0.6760386466979981 0.9834047953287761 0.012492561340332031 0.020582411024305556
0 0.3766790390014648 0.6611335754394532 0.011298084259033203 0.018335808648003472
0 0.7295053958892822 0.6967369927300348 0.012847995758056641 0.019923909505208334
0 0.7338033676147461 0.9519212510850695 0.012955379486083983 0.022701009114583334
0 0.7616439819335937 0.8295128716362847 0.011731147766113281 0.01907280815972222
0 0.3470203471255374 0.4849453429361165 0.010257353796973234 0.016762634114420465
0 0.0072240235283970835 0.5249386257595486 0.012119525298476218 0.020702107747395834
0 0.15998145341873168 0.4778529696994358 0.009877276420593262 0.01490207248263889
0 0.48954315185546876 0.4365135192871094 0.010072803497314453 0.017783610026041667
0 0.7333279609680176 0.7404234992133247 0.0118499755859375 0.019210645887586808
0 0.7354160785675049 0.7518559773763022 0.01385030746459961 0.020989990234375002
0 0.3376032282282282 0.49416082749416085 0.010792042042042028 0.017517517517517556
