2 0.597320556640625 0.41296684265136724 0.023645401000976562 0.03467391967773438
2 0.6010403156280517 0.4535100555419922 0.0216522216796875 0.031336364746093755
0 0.15704454183578492 0.7311231231689453 0.012523722648620604 0.018767242431640626
2 0.5718267917633056 0.4174091339111328 0.022826766967773436 0.03965133666992188
0 0.17692439556121825 0.8316385650634767 0.011014223098754883 0.016193695068359375
0 0.944097900390625 0.6923617299397787 0.010629653930664062 0.017012786865234376
2 0.7473642349243164 0.49384445190429693 0.011426734924316406 0.016996612548828127
2 0.865743350982666 0.4632585144042969 0.011322975158691406 0.016428985595703126
0 0.9262288411458334 0.63671875 0.010986328125 0.016927083333333336
0 0.8129069010416666 0.9554036458333334 0.010579427083333334 0.017578125
0 0.471923828125 0.7529296875 0.009765625 0.018880208333333336
0 0.2707112630208333 0.24446614583333334 0.009358723958333363 0.017578125
0 0.2609456380208333 0.22135416666666669 0.011800130208333363 0.016927083333333336
