2 0.5720857143402099 0.6289072418212891 0.02375946044921875 0.035997772216796876
0 0.48363542556762695 0.4063003540039063 0.01257476806640625 0.0188555908203125
0 0.9089488983154297 0.10873847961425782 0.011912155151367187 0.017710418701171876
0 0.1306673049926758 0.8037959289550782 0.012148237228393555 0.01916534423828125
0 0.891974925994873 0.12333717346191407 0.010442352294921875 0.0170806884765625
0 0.5719502925872803 0.3093913650512696 0.011210060119628907 0.018654937744140627
0 0.2071613311767578 0.3548264312744141 0.011204242706298828 0.0170281982421875
0 0.5607774257659912 0.3031107711791992 0.011534595489501953 0.018410339355468753
0 0.2915187358856201 0.49322784423828125 0.010624408721923828 0.016536865234375
0 0.6290063858032227 0.27840347290039064 0.01130084991455078 0.018167419433593752
0 0.13110504150390626 0.5484608459472656 0.012155675888061523 0.018194580078125
0 0.5615072250366211 0.32220794677734377 0.010824203491210938 0.015569610595703127
0 0.6137042999267578 0.11227096557617189 0.011170005798339844 0.018133010864257813
0 0.4336079120635986 0.4906101989746094 0.011574745178222656 0.018258972167968752
0 0.24897971153259277 0.8969243621826173 0.012133216857910157 0.017605438232421874
0 0.622335147857666 0.8142869567871094 0.01168365478515625 0.018470458984375
0 0.23473148345947265 0.8163153076171875 0.01110668182373047 0.017014770507812502
2 0.5794311923745238 0.5745244047376845 0.023236380683051176 0.03366723990734708
0 0.35073604583740237 0.8623812866210938 0.011829662322998046 0.0177032470703125
0 0.7353414535522461 0.5560577392578125 0.01049213409423828 0.015946044921875
0 0.529812240600586 0.4416803741455078 0.010396194458007813 0.01747100830078125
0 0.2874228395061728 0.0969650205761317 0.010288065843621415 0.016975308641975308
0 0.4997306034482759 0.43060344827586217 0.01023706896551726 0.01637931034482757
