0 0.3972983121871948 0.06546218872070313 0.012788724899291991 0.0194476318359375
1 0.6346428871154786 0.7792979431152344 0.08342475891113281 0.0462005615234375
1 0.2839449405670166 0.9020487213134766 0.041308927536010745 0.12159896850585938
0 0.5053705215454102 0.5367247009277344 0.012396717071533203 0.019234619140625003
1 0.48665390014648435 0.05608978271484375 0.05083827972412109 0.07455162048339845
1 0.47332897186279294 0.4431076049804688 0.022904396057128906 0.08896026611328126
0 0.6325675964355468 0.44842735290527347 0.011662864685058593 0.017541351318359377
0 0.3092635154724121 0.1925963592529297 0.011642122268676757 0.01778656005859375
0 0.04381413459777832 0.4353082275390625 0.012531256675720215 0.019345397949218752
0 0.3652451515197754 0.38715911865234376 0.010986423492431641 0.017022094726562503
0 0.9626445770263672 0.8346693420410157 0.011162185668945312 0.01770599365234375
0 0.3396811008453369 0.11688781738281251 0.008978748321533203 0.012588806152343751
0 0.06711748838424683 0.6867428588867188 0.008628201484680176 0.012915039062500001
1 0.9925702095031738 0.26600734710693363 0.014859580993652343 0.11919151306152345
