1 0.9154041290283202 0.7781904602050782 0.04508399963378906 0.06596801757812501
1 0.24353437423706054 0.304911117553711 0.07106351852416992 0.06520812988281251
1 0.374052906036377 0.16219429016113282 0.0638819694519043 0.09657035827636719
2 0.8352108001708984 0.9542831420898438 0.02213897705078125 0.03586456298828125
0 0.6411762714385987 0.7120142364501953 0.012087726593017578 0.01745880126953125
0 0.09665228128433227 0.30320617675781253 0.013145184516906739 0.01904632568359375
1 0.45588035583496095 0.6963331604003906 0.026260280609130857 0.13493316650390627
0 0.30869216918945314 0.5696969604492188 0.011453056335449218 0.016996612548828127
2 0.01828562468290329 0.41743309020996094 0.024035558104515076 0.042795715332031255
0 0.7178544044494629 0.6977421569824219 0.011716079711914063 0.01741607666015625
1 0.9828821182250976 0.21876441955566409 0.026456069946289063 0.12990501403808594
