1 0.38238770961761476 0.5376313018798828 0.07033610343933105 0.06991195678710938
1 0.311838436126709 0.4592314147949219 0.032684326171875 0.10979354858398438
1 0.26253156661987304 0.2886009216308594 0.08476934432983399 0.07494079589843751
0 0.3402087926864624 0.18895286560058594 0.010184574127197265 0.016012115478515627
0 0.6023835182189942 0.8022152709960938 0.011646652221679687 0.018763275146484376
0 0.23501174449920653 0.5526054382324219 0.012329721450805664 0.0199224853515625
0 0.6263078689575196 0.3430027770996094 0.01153411865234375 0.019170989990234377
0 0.637906837463379 0.3948838043212891 0.0113861083984375 0.017347564697265627
0 0.7319879531860352 0.7510081481933594 0.011984443664550782 0.018418273925781253
0 0.5914349555969238 0.3614262390136719 0.010305976867675782 0.01563201904296875
0 0.5722842693328858 0.018656959533691408 0.013369750976562499 0.019662628173828127
0 0.39689648151397705 0.021318016052246095 0.012975263595581054 0.020744934082031253
0 0.5546051979064941 0.706374740600586 0.010228347778320313 0.015214843750000002
0 0.004682134836912155 0.9877969360351563 0.009166376292705536 0.016298828125
0 0.882716178894043 0.35161163330078127 0.008535003662109375 0.01236907958984375
0 0.9142215969989282 0.5490353697749197 0.011053054662379462 0.015005359056806073
