1 0.3405200481414795 0.33223865509033207 0.04248247146606445 0.10527000427246094
2 0.08693393468856811 0.15594642639160158 0.02372528314590454 0.04036911010742188
1 0.6582188606262207 0.6934917449951172 0.04630546569824219 0.10367874145507813
0 0.8340784072875976 0.7930265808105469 0.010921096801757813 0.016285400390625
0 0.3335785150527954 0.07634647369384766 0.010773611068725587 0.016740417480468752
2 0.6487741470336914 0.7403327178955078 0.022354507446289064 0.039532012939453125
0 0.14462554454803467 0.048638916015625006 0.011454105377197266 0.016600723266601565
0 0.7371094226837158 0.5086654663085938 0.01271200180053711 0.0191558837890625
0 0.14560601711273194 0.029706192016601563 0.01181015968322754 0.017001724243164065
0 0.753695011138916 0.23921955108642579 0.012138748168945312 0.01932029724121094
0 0.13470821380615233 0.03785228729248047 0.010772418975830079 0.01670341491699219
0 0.14201184511184692 0.013210449218750002 0.010128140449523926 0.014124603271484376
0 0.6180103302001954 0.7950440979003907 0.009976959228515625 0.014107360839843751
