0 0.6680429458618165 0.19877149793836807 0.012697219848632812 0.02108612060546875
0 0.4209177494049072 0.7163945515950522 0.011377048492431641 0.019696044921875
0 0.47148962020874025 0.3376204596625434 0.011955833435058594 0.020667521158854167
0 0.04099838137626648 0.30550672743055557 0.012366557121276855 0.020177798800998265
2 0.40029287338256836 0.15912772284613716 0.020964908599853515 0.0446718004014757
0 0.9917375564575195 0.9834457397460938 0.01284637451171875 0.021567789713541667
0 0.3010385513305664 0.6071845160590278 0.011859703063964843 0.019972737630208334
2 0.3917807102203369 0.09569905598958334 0.02243185043334961 0.03471577962239583
0 0.6649906158447265 0.7966754489474827 0.012603855133056641 0.020900811089409724
2 0.37583203315734864 0.17891184488932294 0.025608110427856445 0.03717320760091146
2 0.361395001411438 0.1439841800265842 0.021297407150268555 0.039943864610460074
0 0.5244072914123535 0.7235188802083333 0.012873172760009766 0.021669854058159722
0 0.7930778503417969 0.6549719068739149 0.013477134704589843 0.02273406982421875
2 0.3809351444244385 0.14058202107747397 0.026821613311767578 0.04355265299479167
0 0.7742964659685863 0.5504169090556525 0.010634816753926775 0.020845452782625607
