1 0.6849185943603515 0.674890365600586 0.06001987457275391 0.07544494628906251
0 0.46014585494995114 0.9268487548828126 0.011901473999023438 0.0183447265625
2 0.9364917755126952 0.551837387084961 0.021645164489746092 0.035672607421875
0 0.029196298122406004 0.4269407653808594 0.013236647844314576 0.019761047363281253
2 0.5617884159088135 0.6254248046875001 0.024534225463867188 0.037402648925781254
2 0.3501558780670166 0.7428573608398438 0.02372293472290039 0.039144287109375
0 0.48291635513305664 0.8022799682617188 0.011111927032470704 0.017769775390625003
0 0.1637726306915283 0.264478874206543 0.011664724349975586 0.019616088867187503
0 0.899066162109375 0.6294905853271485 0.01172332763671875 0.017245941162109375
0 0.8355113983154296 0.3250826644897461 0.009237289428710938 0.014615402221679688
2 0.5798050880432128 0.6536319732666016 0.02103137969970703 0.034586944580078126
