1 0.45329980850219725 0.7672129313151042 0.06975822448730469 0.032820638020833334
1 0.026025843620300294 0.5512108696831598 0.05157485008239746 0.045035468207465276
2 0.3995992422103882 0.38328280978732643 0.023906373977661134 0.04438544379340278
0 0.32190942764282227 0.44897020128038195 0.011283683776855468 0.020596991644965278
0 0.7837362289428711 0.5177263895670573 0.013177013397216797 0.020634121365017362
2 0.1667728304862976 0.7309765285915799 0.023872804641723634 0.04508836534288194
0 0.11752934455871582 0.6516560872395833 0.011284065246582032 0.0186309814453125
0 0.7962000370025635 0.06004146999782986 0.012032032012939453 0.019520992702907986
0 0.38820643424987794 0.7581200493706598 0.012522506713867187 0.019870334201388888
0 0.4365711212158203 0.4442132737901476 0.0120880126953125 0.01928066677517361
0 0.9104976654052734 0.44771542019314237 0.012133026123046875 0.019071282280815973
0 0.9860128402709961 0.36804724799262156 0.012252044677734376 0.021465047200520834
0 0.5535524368286133 0.3630040486653646 0.012766456604003907 0.022218153211805557
0 0.5623937074829932 0.35411942554799697 0.00956632653061232 0.018140589569160977
0 0.9167936991869919 0.4778681120144535 0.01092479674796749 0.01897018970189703
