1 0.367538595199585 0.1467583974202474 0.06500062942504883 0.0761243184407552
1 0.9842232704162598 0.9033337910970053 0.030190849304199217 0.1179109361436632
2 0.35599379539489745 0.39626575046115453 0.023107433319091798 0.044671291775173615
2 0.5531609535217286 0.9548238118489584 0.024938201904296874 0.03880106608072917
0 0.7047643184661865 0.02627665201822917 0.011936283111572266 0.018223063151041666
2 0.9102060317993164 0.8930330064561632 0.01955718994140625 0.035420735677083336
2 0.8879337310791016 0.895045895046658 0.025289535522460938 0.040204366048177086
0 0.9594097137451172 0.9849514431423612 0.01138153076171875 0.01837158203125
0 0.6778850078582763 0.3995226542154948 0.010987567901611327 0.019388834635416668
0 0.7907351970672607 0.12647268507215711 0.011488628387451173 0.01836607191297743
0 0.5720866203308106 0.3184522840711806 0.010164928436279298 0.018361748589409723
1 0.17162513732910156 0.4692948235405816 0.04527430534362793 0.08937445746527778
0 0.8737159729003906 0.4201848347981771 0.011666107177734374 0.02030300564236111
0 0.6883913993835449 0.3893057929144965 0.010645675659179687 0.01850246853298611
0 0.7903865814208985 0.11009953816731771 0.012577629089355469 0.01911349826388889
0 0.8810799598693847 0.4153634813096788 0.013392066955566407 0.025117662217881944
0 0.7110665694849367 0.6625904329985962 0.009718172983479196 0.014847208724759753
0 0.7039799694880567 0.6935013310850832 0.00901042059628665 0.019972826437975336
2 0.8896076202392578 0.8637410481770834 0.026512718200683592 0.05102742513020834
0 0.012786031420765046 0.4181845780206437 0.010672814207650271 0.019732847601700073
0 0.39689429012345673 0.07973251028806586 0.011381172839506171 0.020919067215363515
0 0.7021835519922254 0.6764928193499622 0.010173712342079592 0.014577259475218743
0 0.7138757288629737 0.689855307202246 0.009566326530612202 0.017546701220170588
