1 0.12626371383666993 0.6950567626953126 0.07681484222412109 0.07612030029296875
1 0.5333708763122559 0.596490249633789 0.0603729248046875 0.05208465576171875
0 0.8814952850341796 0.11627574920654297 0.01221923828125 0.0200543212890625
0 0.06697655916213989 0.8510541534423829 0.012352347373962402 0.019447479248046875
1 0.5488474369049072 0.35029083251953125 0.07475242614746094 0.04413482666015625
0 0.9206337928771973 0.6968637084960938 0.010705184936523438 0.01723388671875
0 0.04520834684371948 0.20520359039306643 0.011530852317810059 0.017533721923828127
0 0.9108338356018066 0.8702833557128907 0.011468505859375 0.01689178466796875
0 0.9586990356445312 0.8706675720214845 0.012364959716796875 0.01754241943359375
0 0.9106338500976562 0.417664794921875 0.010945510864257813 0.016720886230468752
0 0.9602212905883789 0.04074752807617188 0.010846328735351563 0.016279144287109377
0 0.5058796405792236 0.36791839599609377 0.010827445983886718 0.016869506835937503
0 0.17660984848484848 0.20075757575757575 0.009154040404040427 0.017676767676767683
