0 0.904193115234375 0.43470413208007813 0.010898208618164063 0.0170623779296875
1 0.15722001791000367 0.8229731750488282 0.053444862365722656 0.0682806396484375
1 0.09484169483184815 0.42298469543457035 0.04919502735137939 0.03372909545898438
1 0.8001425743103027 0.1501629638671875 0.029121589660644532 0.11396087646484376
0 0.22790737152099608 0.25748138427734374 0.012527942657470703 0.018540496826171877
1 0.7984146118164063 0.8767495727539063 0.027322196960449217 0.11008239746093751
0 0.1697037100791931 0.65080322265625 0.011621594429016113 0.01830963134765625
2 0.9510557174682617 0.9767703247070313 0.022388648986816407 0.04351593017578125
1 0.2654759883880615 0.6180166625976563 0.08561606407165527 0.030969238281250002
0 0.3264184474945068 0.6241397094726563 0.011296463012695313 0.0171856689453125
1 0.9806840896606445 0.4752233123779297 0.03563003540039063 0.11830764770507814
1 0.41063679456710817 0.5423319244384766 0.088020920753479 0.039463348388671875
0 0.48125257492065426 0.15348403930664065 0.009547615051269531 0.014764709472656252
0 0.8115627288818359 0.2541324615478516 0.012092208862304688 0.017270660400390627
0 0.13623909950256347 0.7513801574707032 0.011626005172729492 0.0184674072265625
0 0.6463239669799805 0.9181910705566407 0.012096786499023437 0.017201232910156253
0 0.7810432434082031 0.7858453369140626 0.008129501342773437 0.011980895996093751
0 0.1479653835296631 0.7581704711914063 0.012125301361083984 0.018856353759765625
0 0.4750457875457875 0.7021520146520146 0.010874542124542093 0.015109890109890122
