2 0.8874408721923828 0.20780113220214846 0.024765586853027342 0.03506752014160156
0 0.8697231292724609 0.37349014282226567 0.01203765869140625 0.01850067138671875
2 0.29983835220336913 0.8480526733398438 0.023549747467041016 0.030946655273437502
2 0.2754328489303589 0.84890380859375 0.02263789176940918 0.0336822509765625
0 0.32805371284484863 0.7544525146484375 0.010737133026123048 0.0168450927734375
0 0.021611472964286803 0.9679759216308594 0.012859290838241577 0.019017639160156252
2 0.7999439239501953 0.83496826171875 0.02338104248046875 0.04075592041015625
0 0.24776995182037354 0.39598022460937504 0.010004520416259766 0.017755126953125002
1 0.9180350303649902 0.17509620666503908 0.016787910461425783 0.07848968505859376
0 0.6344690322875977 0.11303272247314454 0.011406135559082032 0.018889617919921876
1 0.9065848350524902 0.17467597961425782 0.038930320739746095 0.07778350830078125
2 0.6179924964904785 0.11095077514648438 0.020208168029785156 0.03739730834960938
