0 0.2171058177947998 0.7528706868489584 0.012822628021240234 0.02082248263888889
1 0.33901267051696776 0.43035753038194446 0.01808958053588867 0.15832349989149305
0 0.2108595609664917 0.9297729492187501 0.013677024841308593 0.021449788411458334
0 0.5219696998596192 0.6598773532443577 0.011779975891113282 0.020579020182291668
0 0.2658064603805542 0.45373246934678824 0.012632513046264648 0.020620897081163197
0 0.09539782404899597 0.7647528754340278 0.012629473209381103 0.020647515190972222
0 0.6027936935424805 0.4405666775173611 0.012600517272949219 0.02148166232638889
0 0.9446252822875977 0.8875508626302083 0.014337539672851562 0.021419270833333334
0 0.8470577239990235 0.2540281507703993 0.011860275268554687 0.020371585422092015
0 0.7415909767150879 0.8565599229600694 0.012372779846191406 0.021747165256076388
0 0.1285282258064516 0.388241736360016 0.011200716845878134 0.018916766228594194
