0 0.9733195304870605 0.650280253092448 0.011476707458496094 0.01944919162326389
0 0.03557828068733215 0.3467929416232639 0.013644099235534668 0.022722032335069444
0 0.4691176414489746 0.07172741360134549 0.012276458740234374 0.019632636176215277
0 0.5886034965515137 0.8619045681423612 0.012719535827636718 0.02060818142361111
2 0.4268781661987305 0.14414299858940974 0.023129367828369142 0.03908487955729167
2 0.4399714946746826 0.11403639051649306 0.022634029388427734 0.03982594807942708
0 0.3558509826660156 0.8144976298014324 0.011431312561035157 0.01904856363932292
0 0.8456014633178711 0.1603273179796007 0.01094646453857422 0.018948533799913195
0 0.5737453460693359 0.7847493489583334 0.0115081787109375 0.019351704915364584
0 0.8738199234008789 0.6032148573133681 0.012751007080078125 0.017962476942274305
0 0.854588508605957 0.16917631361219618 0.011093330383300782 0.019942220052083334
