1 0.7105390071868897 0.09517734527587891 0.040826416015625 0.1241289520263672
1 0.41744494438171387 0.2695882034301758 0.0411931037902832 0.08509544372558595
0 0.7605508804321289 0.9344900512695313 0.01225433349609375 0.018489990234375
2 0.4209879398345947 0.12284332275390626 0.024785614013671874 0.03930831909179688
1 0.33788461685180665 0.3887873840332032 0.06321449279785156 0.03353790283203125
1 0.5422562599182129 0.3613828277587891 0.065643310546875 0.04483993530273438
1 0.20901785492897032 0.2588416290283203 0.04978646039962768 0.05365531921386719
2 0.377719783782959 0.2676401519775391 0.024283218383789062 0.03725776672363282
0 0.46683311462402344 0.695383758544922 0.010974407196044922 0.017499389648437502
1 0.6859475135803222 0.7075763702392579 0.044967937469482425 0.09111251831054688
0 0.3270693778991699 0.6840081787109376 0.011650180816650391 0.0178436279296875
1 0.398762845993042 0.18191184997558596 0.04509248733520508 0.09667800903320313
1 0.329621696472168 0.22845462799072266 0.05039691925048828 0.10696655273437501
2 0.6871956825256348 0.7540991210937501 0.021462440490722656 0.0390289306640625
0 0.2869815111160278 0.6051558685302735 0.011471271514892578 0.01823638916015625
1 0.009545617550611497 0.7295452880859375 0.018886156380176544 0.09314224243164063
0 0.027963331341743468 0.9884756469726563 0.01025484800338745 0.0148199462890625
0 0.33789825439453125 0.05602935791015625 0.012412834167480468 0.019371643066406253
0 0.5139941692352294 0.35070701599121096 0.012755012512207032 0.02220123291015625
0 0.6727634906768799 0.8265304565429688 0.009280204772949219 0.01484405517578125
