1 0.818088436126709 0.5348585510253907 0.07895355224609375 0.06088226318359376
1 0.6852562427520752 0.3901859283447266 0.05521974563598633 0.10354766845703126
1 0.08328931331634522 0.87160888671875 0.06372201442718506 0.09688568115234375
0 0.2955531120300293 0.4751145935058594 0.013614845275878905 0.02064788818359375
0 0.45511322021484374 0.4635809326171875 0.012252235412597656 0.01974853515625
1 0.07942373156547547 0.13820991516113282 0.0774300217628479 0.050507812500000006
1 0.9259973526000976 0.8021713256835938 0.029233551025390624 0.13748916625976562
1 0.5504014492034912 0.7397775268554688 0.022809219360351563 0.13105133056640625
0 0.8097856521606445 0.014748420715332031 0.012748336791992188 0.019496841430664064
1 0.8524419784545898 0.10798648834228516 0.08566856384277344 0.024262466430664063
0 0.7743690490722657 0.05078098297119141 0.01192169189453125 0.01856170654296875
0 0.8312192916870117 0.6579806518554688 0.011968612670898438 0.01802490234375
0 0.003521287441253662 0.8334100341796875 0.007042574882507324 0.015043640136718751
