1 0.2655663967132568 0.2343579610188802 0.04380502700805664 0.07909427218967015
2 0.39551947116851804 0.8728997124565973 0.0271481990814209 0.041626993815104166
0 0.05450974851846695 0.2178030225965712 0.012051412463188171 0.02137298583984375
0 0.38074483871459963 0.7074025472005209 0.011728000640869141 0.020301310221354167
0 0.3646255970001221 0.7837817721896702 0.011875534057617187 0.019478691948784724
0 0.02924671173095703 0.6665830824110244 0.012298655509948731 0.02052239312065972
0 0.7608079433441162 0.8502760145399306 0.011976242065429688 0.02096625434027778
0 0.7959438323974609 0.6942340426974827 0.012128257751464843 0.020875718858506944
1 0.32002758979797363 0.45209876166449653 0.05185708999633789 0.044453260633680554
0 0.460430383682251 0.7632695515950522 0.012236881256103515 0.020298936631944445
0 0.11430134773254394 0.132649654812283 0.013044619560241699 0.019976467556423613
0 0.48841104507446287 0.3320677863226997 0.01194915771484375 0.02065836588541667
0 0.4613509178161621 0.4679134792751736 0.011963081359863282 0.01928897433810764
0 0.9047813415527344 0.9107693990071615 0.010291671752929688 0.018530442979600697
0 0.735633373260498 0.2681012895372179 0.010493755340576172 0.017862023247612848
0 0.6726127624511719 0.4086870829264323 0.01179351806640625 0.019961039225260418
0 0.47439923286437985 0.8263195461697049 0.012586784362792968 0.02018771701388889
0 0.4257481575012207 0.9379508124457465 0.013176536560058594 0.021127997504340277
0 0.8070387840270996 0.691653781467014 0.01046295166015625 0.018581475151909724
0 0.4344629287719726 0.3454595777723524 0.010664749145507812 0.019808790418836805
1 0.6143730163574219 0.36301167805989587 0.024985885620117186 0.12228834364149306
0 0.798620080947876 0.6753541734483507 0.012695980072021483 0.020525783962673613
0 0.9079076766967773 0.2568142784966363 0.011088943481445313 0.0171417236328125
0 0.29605531692504883 0.987597147623698 0.012169170379638671 0.022142876519097222
0 0.7243171691894531 0.31897015041775173 0.012269020080566406 0.01976776123046875
0 0.31922043010752693 0.32185526540365256 0.010080645161290333 0.016641065028161803
0 0.11161910503751339 0.147642015005359 0.01088558413719185 0.01905442419911873
0 0.33321544924554186 0.9908874409388813 0.010652434842249647 0.016373266270385625
0 0.8946940104166666 0.9000909391534391 0.009300595238095255 0.016121031746031793
0 0.8869047619047618 0.9083581349206348 0.009998139880952312 0.017774470899470884
0 0.8946940104166665 0.9186921296296295 0.01069568452380949 0.019427910052910082
