1 0.6928796291351318 0.788302951388889 0.062139034271240234 0.0770780775282118
2 0.7192466259002686 0.20213258531358508 0.02356376647949219 0.04109174940321181
0 0.6409664630889893 0.9615203857421876 0.01191244125366211 0.0195526123046875
0 0.22205960750579834 0.17119106716579863 0.011863422393798829 0.01889733208550347
0 0.34969091415405273 0.9063101874457465 0.012840604782104493 0.022182888454861112
0 0.6875431060791015 0.2124012417263455 0.009634780883789062 0.017316182454427086
0 0.43918371200561523 0.11367475721571181 0.011686611175537109 0.01625730726453993
0 0.04329997897148132 0.45731641981336807 0.01174224615097046 0.02101813422309028
0 0.4481788635253906 0.12701068454318576 0.011649990081787109 0.01734678480360243
0 0.7276632302405498 0.6512504772814052 0.011007302405498364 0.02052310042000769
0 0.736925472508591 0.6460003818251241 0.00859106529209619 0.018613974799541844
0 0.07475371447028428 0.9463824289405685 0.010699289405684749 0.01937984496124022
