1 0.5812055587768554 0.20769920349121096 0.03390083312988281 0.13347503662109375
0 0.7181213855743408 0.8760523986816406 0.011423206329345703 0.017991027832031253
0 0.8310047149658203 0.7290866851806641 0.011688995361328124 0.01917694091796875
0 0.5570338249206543 0.7079209899902345 0.011680793762207032 0.018623962402343753
0 0.5667832374572754 0.3128691101074219 0.009819126129150391 0.014807891845703126
0 0.5341262817382812 0.7122863006591797 0.011279296875 0.015628662109375
0 0.2582803249359131 0.9071327209472657 0.013025856018066407 0.019306640625
0 0.2970805406570435 0.22975650787353516 0.010985040664672851 0.016458740234375
0 0.920632266998291 0.15657787322998049 0.011161041259765626 0.018846969604492187
0 0.40740132331848145 0.5366311645507813 0.010787010192871094 0.0156402587890625
0 0.9417177200317383 0.6426761627197266 0.012119102478027343 0.019574279785156252
0 0.0434079110622406 0.18945587158203125 0.013446331024169922 0.0211895751953125
2 0.031686711311340335 0.8144725799560547 0.020001322031021118 0.035494842529296876
0 0.38999571800231936 0.5642356872558594 0.011231517791748047 0.01700927734375
0 0.05726041197776794 0.2064019775390625 0.013205909729003906 0.01755950927734375
0 0.2859896183013916 0.23593242645263673 0.010986900329589844 0.01783775329589844
0 0.4146414756774902 0.5756836700439454 0.011702346801757812 0.019186859130859376
0 0.9336710929870605 0.18552291870117188 0.010869216918945313 0.01609100341796875
2 0.42679500579833984 0.19708930969238284 0.025450515747070312 0.03961181640625
1 0.6906645774841309 0.3021867370605469 0.06514415740966797 0.022802581787109377
0 0.40207223892211913 0.5693496704101563 0.011587238311767578 0.0188824462890625
0 0.45239701271057126 0.18707103729248048 0.011188507080078125 0.015962982177734376
0 0.03953194916248322 0.22199287414550783 0.011326611042022705 0.019651870727539062
0 0.14705040454864501 0.22119308471679688 0.011437654495239258 0.018775634765625
0 0.01460779346525669 0.8150376129150391 0.011041175574064255 0.020199432373046878
0 0.4408992767333984 0.5763558959960938 0.01186370849609375 0.020791625976562502
0 0.4110797882080078 0.9663053894042969 0.010426521301269531 0.015692901611328126
0 0.41553025245666503 0.55250244140625 0.011728000640869141 0.01908538818359375
2 0.9416603088378906 0.6426615142822266 0.0123870849609375 0.019662017822265627
0 0.041535753011703494 0.19854072570800782 0.013827192783355712 0.020296554565429687
0 0.05213298797607422 0.22546333312988281 0.011870265007019043 0.018046722412109376
0 0.2048782765865326 0.8403115844726563 0.012821781635284423 0.02044281005859375
0 0.09690884351730347 0.06473960876464845 0.011043190956115723 0.01677581787109375
1 0.07253556910569103 0.049457994579945805 0.04107384823848238 0.0934959349593496
0 0.04613472927241962 0.8009729272419629 0.013483502538071061 0.017343485617597215
0 0.0760099407783418 0.7810913705583757 0.012425972927241954 0.018189509306260544
0 0.4463848039215686 0.19975490196078433 0.009957107843137258 0.016339869281045742
0 0.5755718954248366 0.3006535947712418 0.013531454248365904 0.015522875816993463
