1 0.42014245986938475 0.6784844292534723 0.018790626525878908 0.12533433702256944
1 0.7093297004699707 0.2978544023301866 0.0785609245300293 0.03465118408203125
2 0.572348690032959 0.5069898817274305 0.021605491638183594 0.03846774631076389
0 0.5333999633789063 0.8900265163845487 0.013120269775390625 0.021369764539930558
0 0.3728888988494873 0.360353512234158 0.012449073791503906 0.020966423882378474
0 0.3210817813873291 0.3799788581000434 0.011876583099365234 0.02111121283637153
0 0.9158954620361328 0.8045089721679688 0.01060028076171875 0.019386121961805558
0 0.42803268432617186 0.0917506323920356 0.012186622619628907 0.019990030924479166
0 0.7829939842224121 0.5511394924587674 0.010004234313964844 0.017479790581597224
0 0.6917603492736817 0.9688395182291667 0.01375732421875 0.02312588161892361
0 0.322304368019104 0.6508681403266059 0.012152957916259765 0.020798577202690974
0 0.23535006487811053 0.22221157246656378 0.010491999873408571 0.019054221322016455
1 0.14017837047576903 0.13212636311848958 0.07943840026855468 0.029543558756510418
0 0.16177148818969728 0.17399622599283854 0.012984204292297363 0.02043550279405382
0 0.9941110610961914 0.46844719780815974 0.010840225219726562 0.020394897460937502
0 0.7732279777526856 0.534535386827257 0.013324928283691405 0.02036861843532986
0 0.49051465988159176 0.03592669169108073 0.01266355514526367 0.019960784912109376
0 0.45145092010498045 0.8966767205132379 0.013387870788574218 0.021631028917100694
0 0.4395406723022461 0.871903313530816 0.011380386352539063 0.018868001302083333
0 0.1911044239997864 0.18466648525661894 0.011850857734680175 0.019025336371527778
0 0.12785606384277343 0.27632183498806423 0.012819719314575194 0.022512986924913197
0 0.9389877319335938 0.8039376152886285 0.011564254760742188 0.0183624267578125
0 0.1904696226119995 0.20398373074001738 0.012426090240478516 0.019353824191623265
0 0.22936501502990722 0.7915256924099393 0.010608386993408204 0.019000752766927084
0 0.30489296913146974 0.05232679578993056 0.01054210662841797 0.019222005208333334
0 0.7655212879180908 0.6539418538411459 0.010985469818115235 0.018455674913194445
0 0.3158115863800049 0.05797797309027778 0.011184501647949218 0.020318094889322916
0 0.9150547027587891 0.2436118655734592 0.009238815307617188 0.014435831705729167
0 0.9952877044677734 0.06510043674045139 0.009424591064453125 0.024770100911458336
0 0.21314220428466796 0.23149587843153213 0.01314702033996582 0.02381108601888021
0 0.9277368545532226 0.8238558451334635 0.01346588134765625 0.021671719021267362
0 0.12110583782196045 0.9923634847005208 0.010931921005249024 0.015273030598958334
2 0.5406460762023926 0.4859347873263889 0.021255874633789064 0.03734368218315973
0 0.4371192215642939 0.8904505152834103 0.010431671142578125 0.02104254828559028
2 0.5851481437683106 0.542821756998698 0.024520301818847658 0.035586547851562504
2 0.56951003074646 0.5445994906955295 0.018537616729736327 0.04018283420138889
0 0.17990451388888887 0.1878858024691358 0.009982638888888899 0.016718106995884763
0 0.17375578703703703 0.14699074074074076 0.010127314814814822 0.01723251028806585
2 0.5477296181630548 0.5538355693154455 0.016124871001032066 0.02751977984176127
0 0.8045703575547866 0.1435345379982058 0.0109933679354094 0.021145713187235692
