1 0.5682895660400391 0.9114952087402345 0.07813758850097656 0.06392272949218751
0 0.5023479461669922 0.3128277969360352 0.011855316162109376 0.019311523437500002
2 0.4955331802368164 0.5314018249511719 0.023979568481445314 0.03906982421875
0 0.33122901916503905 0.8746485900878906 0.011599159240722657 0.0180511474609375
0 0.7833680152893067 0.5236906433105469 0.013251876831054688 0.0196307373046875
2 0.2741666316986084 0.2108478546142578 0.023836755752563478 0.0383197021484375
1 0.0940699577331543 0.1989323425292969 0.07969143390655517 0.035238418579101566
2 0.6619592666625976 0.6844437408447266 0.024218082427978516 0.03502822875976563
2 0.29705376625061036 0.2245772933959961 0.02296295166015625 0.03152641296386719
0 0.7465909004211426 0.7229887390136719 0.011230659484863282 0.0175482177734375
2 0.04071117639541626 0.036080636978149415 0.021878957748413086 0.03759244918823242
2 0.46794490814208983 0.4982049560546875 0.021901321411132813 0.034617004394531255
2 0.06110970377922058 0.05376365661621094 0.023404622077941896 0.037303314208984376
2 0.46938209533691405 0.5283953857421876 0.023640251159667967 0.03316375732421875
0 0.12072359323501587 0.01498983383178711 0.01225438117980957 0.017616233825683596
0 0.17547919750213622 0.04308319091796875 0.01218740940093994 0.019000320434570315
2 0.07615233659744262 0.032869873046875005 0.014582550525665284 0.02241851806640625
0 0.31303246021270753 0.947567138671875 0.012040185928344726 0.018095703125
0 0.11217948717948718 0.02861721611721612 0.010874542124542122 0.01968864468864469
