1 0.2535495042800903 0.08904690212673612 0.05037226676940918 0.06032935248480903
2 0.1070359706878662 0.42732086181640627 0.023460745811462402 0.041308593750000004
2 0.5773138999938965 0.19902657402886287 0.02511768341064453 0.03993945651584201
0 0.09485732316970825 0.5506925794813369 0.01089162826538086 0.019197591145833335
1 0.3169009447097778 0.17297422620985245 0.027407264709472655 0.06162872314453125
0 0.10629334449768066 0.558286370171441 0.012094736099243164 0.019314236111111112
0 0.17123839855194092 0.5157667371961806 0.01179208755493164 0.019611104329427084
1 0.4847113609313965 0.13005811903211806 0.021600341796875 0.07286003960503472
0 0.483058608058608 0.058150183150183186 0.011446886446886436 0.015771265771265777
0 0.9496527777777778 0.20339506172839505 0.011111111111111072 0.020370370370370372
