2 0.511696195602417 0.9702570343017579 0.026541996002197265 0.037020111083984376
0 0.843111228942871 0.16321792602539065 0.013848114013671874 0.0201611328125
2 0.7129057884216309 0.6553848266601563 0.022867774963378905 0.041650695800781255
1 0.6541374206542969 0.537398910522461 0.022288417816162108 0.127314453125
2 0.8884495735168457 0.44949775695800787 0.02266407012939453 0.03629196166992188
2 0.601529884338379 0.6391265869140625 0.025797653198242187 0.036181945800781254
2 0.6357366561889648 0.45281188964843755 0.02401580810546875 0.04404205322265625
2 0.610831356048584 0.43979400634765625 0.02470855712890625 0.03702545166015625
2 0.9096857070922851 0.4655892181396485 0.027471160888671874 0.03740127563476563
0 0.8732389450073242 0.08486061096191407 0.011723709106445313 0.01670372009277344
2 0.6068049430847168 0.4085441589355469 0.013112831115722656 0.0195916748046875
2 0.6201804161071778 0.41228599548339845 0.011464214324951172 0.019773254394531252
