1 0.9552515029907226 0.6850672403971354 0.07601127624511719 0.0969880845811632
2 0.11151783168315887 0.9450831095377604 0.025118929147720338 0.043095567491319445
2 0.050323909521102904 0.48198682996961806 0.024325072765350342 0.043845791286892366
0 0.9036079406738281 0.28697102864583335 0.011518478393554688 0.019485388861762154
2 0.07272989749908447 0.4913179185655382 0.02060781717300415 0.04394175211588542
0 0.03565681576728821 0.5657799614800347 0.012742698192596436 0.023017713758680558
0 0.9760113716125488 0.4260994805230035 0.011885833740234376 0.02166849772135417
0 0.08203863501548767 0.7249501546223959 0.011993181705474854 0.01978115505642361
0 0.5281233787536621 0.16255739000108507 0.012875175476074219 0.019276936848958336
0 0.1169621706008911 0.4655982123480903 0.011467695236206055 0.023792351616753474
0 0.46549158456486045 0.14664294836708627 0.010006157635467972 0.01687648239372379
