2 0.5348958333333333 0.512962962962963 0.021875 0.03888888888888889
0 0.18723958333333332 0.0787037037037037 0.011979166666666666 0.022222222222222223
0 0.19921875 0.07361111111111111 0.013020833333333334 0.019444444444444445
0 0.18489583333333334 0.5314814814814816 0.010416666666666666 0.016666666666666666
0 0.4302083333333333 0.3416666666666667 0.010416666666666666 0.016666666666666666
0 0.43463541666666666 0.6898148148148149 0.0109375 0.020370370370370372
0 0.3390625 0.7944444444444445 0.010416666666666666 0.014814814814814815
0 0.7203125 0.8208333333333334 0.013541666666666667 0.019444444444444445
0 0.6549479166666666 0.018055555555555557 0.0140625 0.019444444444444445
0 0.77421875 0.24537037037037038 0.011979166666666666 0.018518518518518517
0 0.859375 0.4013888888888889 0.011458333333333333 0.015740740740740743
0 0.8596354166666667 0.4217592592592593 0.011979166666666666 0.015740740740740743
