0 0.9054526329040528 0.02324935065375434 0.014001083374023436 0.021503278944227433
2 0.9318543434143066 0.6263988918728299 0.023105621337890625 0.0397126939561632
0 0.7424849987030029 0.5774105495876737 0.012860679626464843 0.020423380533854167
2 0.24419541358947752 0.2534327189127604 0.024993324279785158 0.04400414360894098
0 0.4219351768493652 0.49428846571180557 0.011440467834472657 0.0200836181640625
0 0.819544792175293 0.06301405164930556 0.012200355529785156 0.020126766628689237
0 0.7321043014526367 0.8884276496039497 0.011522865295410157 0.018427870008680555
2 0.2238215446472168 0.42714614868164064 0.025447702407836913 0.03750949435763889
0 0.3267693042755127 0.7042488945855035 0.011330795288085938 0.019450208875868055
0 0.9737451553344726 0.046584701538085936 0.011380958557128906 0.019136216905381944
0 0.22195324897766114 0.47391043768988717 0.015099239349365233 0.020550367567274307
0 0.2124375820159912 0.4719570583767361 0.012149238586425781 0.02061530219184028
0 0.9180038452148437 0.27651858859592016 0.012622833251953125 0.02088962131076389
0 0.8754006410256409 0.7230469335732493 0.010754048582995897 0.018743439796071366
