0 0.5969878196716308 0.2700950622558594 0.011534690856933594 0.01933805677625868
0 0.5657347202301025 0.24323501586914065 0.011647701263427734 0.020625813802083334
2 0.8535107612609864 0.26384285820855036 0.023622512817382812 0.04483998616536459
0 0.39160842895507814 0.24134919908311633 0.011629581451416016 0.0204972161187066
0 0.029507303237915037 0.8363026936848958 0.012560850381851197 0.022887166341145834
0 0.5779341220855713 0.6842525906032987 0.01198263168334961 0.02064887152777778
0 0.3946992874145508 0.437752448187934 0.010637569427490234 0.017863972981770834
0 0.003971293941140175 0.7553985595703125 0.00794258788228035 0.020516459147135416
0 0.6306858062744141 0.10456606547037761 0.011164665222167969 0.018945397271050348
0 0.10982897281646728 0.11463182237413194 0.011558198928833007 0.018827650282118056
0 0.5982630729675293 0.5492847866482206 0.014053726196289062 0.024268086751302084
0 0.1395665168762207 0.8767998589409722 0.013013267517089843 0.0203460693359375
0 0.4401546001434326 0.38321719699435763 0.010795497894287109 0.018176778157552084
0 0.7572443962097168 0.1367264641655816 0.00946044921875 0.01629664103190104
0 0.6337443351745605 0.8544435289171007 0.013169097900390624 0.021518113878038196
0 0.6580041885375977 0.3451323615180122 0.011939048767089844 0.020196702745225694
0 0.9099910736083984 0.833060540093316 0.012493133544921875 0.02611575656467014
0 0.36333024501800537 0.4769593980577257 0.012586736679077148 0.02249213324652778
0 0.8406366348266602 0.4366243150499132 0.011740493774414062 0.022933451334635417
0 0.6160283088684082 0.698001437717014 0.009562301635742187 0.01575080023871528
0 0.1582135796546936 0.7048107571072049 0.010190010070800781 0.016260782877604168
0 0.4485560417175293 0.22263946533203127 0.012485980987548828 0.019443766276041666
0 0.5345380783081055 0.16389694213867187 0.013441085815429688 0.024984910753038197
0 0.7740956959706958 0.5602869352869353 0.009157509157509125 0.017806267806267855
0 0.8313301282051282 0.4328449328449329 0.011446886446886495 0.01831501831501833
0 0.4000686813186813 0.989163614163614 0.011446886446886436 0.018823768823768804
