2 0.15688698291778563 0.6517308553059896 0.022084712982177734 0.04337514241536459
0 0.5705981254577637 0.6627304077148438 0.012917900085449218 0.020990668402777777
0 0.5985609531402588 0.3305511262681749 0.01163778305053711 0.02300588819715712
0 0.4459392547607422 0.08592732747395834 0.01180267333984375 0.021315171983506947
0 0.03475213050842285 0.6407111273871529 0.010623359680175781 0.019331190321180556
0 0.506873607635498 0.8039877997504341 0.010437202453613282 0.01973029242621528
0 0.6204937934875489 0.9012886895073785 0.012459754943847656 0.021768188476562502
0 0.3863816738128662 0.0083515379163954 0.01176910400390625 0.0167030758327908
0 0.45597105026245116 0.09653587341308593 0.011749076843261718 0.020882754855685765
0 0.051265048980712886 0.14401236640082465 0.013770854473114014 0.023939683702256947
0 0.6966574668884278 0.7252439710828993 0.011988544464111328 0.019075520833333335
0 0.49751434326171873 0.813998752170139 0.01247100830078125 0.01927252875434028
0 0.6372621536254883 0.2272038777669271 0.012757492065429686 0.02000613742404514
0 0.6862244897959183 0.3667800453514739 0.01147959183673469 0.017762660619803437
