1 0.5207768440246582 0.9173022460937501 0.057057762145996095 0.09393508911132813
0 0.4786384582519531 0.04842941284179688 0.011923599243164062 0.01871910095214844
0 0.4973165988922119 0.8066326904296875 0.012555408477783202 0.016934661865234377
0 0.8585834503173828 0.6474296569824219 0.011339950561523437 0.0165826416015625
0 0.1888560652732849 0.11957664489746095 0.011264801025390625 0.01710502624511719
0 0.8164932250976562 0.6835594177246094 0.012591934204101563 0.01766998291015625
0 0.2454146862030029 0.702357177734375 0.011183595657348633 0.01759246826171875
0 0.8056629180908202 0.6537714385986328 0.011409568786621093 0.01856964111328125
1 0.6450320243835449 0.259801254272461 0.05020217895507812 0.043897705078125
0 0.7259864330291748 0.3363553619384766 0.012536430358886718 0.01879119873046875
0 0.8160368919372558 0.6642001342773438 0.012315940856933594 0.01853912353515625
0 0.15729749202728271 0.7198045349121094 0.011980295181274414 0.017752227783203126
0 0.7275210380554199 0.3548246765136719 0.013518810272216797 0.019856872558593752
0 0.7487629890441895 0.3507706451416016 0.011509323120117187 0.017286529541015627
0 0.817172622680664 0.6400514221191407 0.011972427368164062 0.017115020751953126
1 0.08157342105955626 0.3845924442917553 0.0752445343319654 0.0923408162257762
1 0.04767827529021559 0.41334991708126034 0.0735903814262023 0.03980099502487557
0 0.07967972636815919 0.2195273631840796 0.012178689883913766 0.01699834162520728
