1 0.29919753074645994 0.32363940344916453 0.025835752487182617 0.12831018235948352
2 0.8257266998291015 0.39237569173177084 0.027735519409179687 0.04503411187065973
0 0.49413037300109863 0.5592288547092014 0.011688423156738282 0.019172837999131945
0 0.777930736541748 0.37496414184570315 0.011601066589355469 0.019769795735677085
0 0.5168927192687989 0.24467480977376302 0.012285804748535157 0.02051459418402778
2 0.4177628993988037 0.9111292521158855 0.02477254867553711 0.04571126302083334
0 0.6339730262756348 0.36345774332682296 0.011392593383789062 0.01914028591579861
0 0.16443257331848143 0.33126068115234375 0.010746097564697266 0.01784328884548611
0 0.8638473510742187 0.507960934109158 0.011446952819824219 0.01799502902560764
2 0.8468465805053711 0.40610054863823786 0.016301345825195313 0.034392293294270834
2 0.8344304084777832 0.42926940917968753 0.020525550842285155 0.037571885850694445
0 0.9007030487060547 0.5243715074327258 0.012966346740722655 0.0210296630859375
0 0.9924539566040039 0.5815955268012153 0.010259246826171875 0.01778988308376736
0 0.0054695822298526766 0.38767022026909725 0.010728439688682556 0.022326999240451388
0 0.2801623159303882 0.3445262531607913 0.00983099062918337 0.017477316674103825
