1 0.5702579021453857 0.31386135101318363 0.05532417297363281 0.08117439270019532
0 0.5859650135040283 0.46717361450195316 0.012261199951171874 0.01945465087890625
1 0.08296464681625366 0.5518595123291016 0.046520328521728514 0.059107818603515626
0 0.041292989253997804 0.3310048294067383 0.012185239791870117 0.019716110229492188
0 0.26478047370910646 0.09057830810546875 0.012213897705078126 0.019126434326171875
1 0.43738651275634766 0.12148963928222657 0.026149940490722657 0.13032791137695313
2 0.35417637825012205 0.12428604125976564 0.028232574462890625 0.037244873046875
0 0.7821401596069336 0.07562805175781251 0.011946487426757812 0.019548492431640627
0 0.604410457611084 0.05250999450683594 0.010978317260742188 0.016453704833984378
0 0.22342991828918457 0.3062256622314453 0.011311674118041992 0.01744476318359375
0 0.9722727775573731 0.22662796020507814 0.011281394958496093 0.01653289794921875
0 0.7404084205627441 0.514062728881836 0.011348724365234375 0.018293304443359377
0 0.7512330532073974 0.5183409118652345 0.01186199188232422 0.018831634521484376
0 0.036987942457199094 0.8208429718017579 0.013238990306854248 0.019651336669921877
0 0.7404705047607422 0.5349004364013672 0.012350940704345703 0.01960235595703125
0 0.6538313388824463 0.20627532958984376 0.012508773803710937 0.019359130859375
0 0.41115334084084076 0.2492492492492492 0.010088213213213196 0.018018018018018014
0 0.5045279654654654 0.3200075075075075 0.010557432432432397 0.016891891891891882
