1 0.6311100006103516 0.4171159362792969 0.04399318695068359 0.06075103759765625
2 0.3033293724060059 0.25128089904785156 0.026154279708862305 0.03803268432617188
2 0.6000821590423584 0.08998981475830078 0.02295846939086914 0.036495361328125
0 0.32604250907897947 0.05280284881591797 0.012323951721191407 0.019035949707031253
2 0.3028625249862671 0.2914286041259766 0.02645149230957031 0.03827468872070313
2 0.16444747447967528 0.43267593383789066 0.021845459938049316 0.03900726318359375
2 0.14957911968231202 0.38996032714843754 0.023581099510192872 0.04121109008789063
2 0.12108769416809081 0.44425605773925786 0.024788379669189453 0.03642120361328125
2 0.5840634346008301 0.06084915161132813 0.022901344299316406 0.03444473266601563
2 0.3897221326828003 0.7374383544921875 0.023217058181762694 0.03167083740234375
2 0.5612597465515137 0.05153396606445313 0.022857475280761718 0.030063781738281253
2 0.562831449508667 0.08261001586914063 0.022237873077392577 0.029898834228515626
2 0.39515299797058107 0.7063213348388673 0.025664520263671876 0.03498046875
2 0.1741795063018799 0.4878120422363282 0.020956039428710938 0.03214065551757813
2 0.14365732669830322 0.4357122802734375 0.021257305145263673 0.03405548095703125
2 0.15897536277770996 0.4718130493164063 0.024260759353637695 0.0390753173828125
