1 0.6948337554931641 0.7312750244140626 0.062428855895996095 0.11432647705078126
2 0.7617646217346191 0.6409841918945313 0.02274160385131836 0.036196594238281254
2 0.8243312835693359 0.3961186218261719 0.027342224121093748 0.0405389404296875
2 0.25980443954467775 0.879091796875 0.02401113510131836 0.03574432373046875
1 0.8280884027481079 0.15679306030273438 0.0687110424041748 0.09270202636718751
0 0.823691177368164 0.544627685546875 0.0118072509765625 0.017297058105468752
0 0.4382011413574219 0.3994436645507813 0.010820579528808594 0.0163616943359375
2 0.9907971382141113 0.6461241149902344 0.018405723571777343 0.03854965209960938
2 0.4788966178894043 0.15249584197998048 0.014689254760742187 0.02543479919433594
0 0.0574091911315918 0.014070796966552735 0.011369729042053222 0.01614177703857422
2 0.47187938690185544 0.1745602035522461 0.014418792724609374 0.02103385925292969
