1 0.6957456588745117 0.44919853210449223 0.07244625091552734 0.05816650390625001
0 0.27966771125793455 0.5298344421386719 0.01129913330078125 0.017185821533203124
1 0.2810351371765137 0.6427598571777344 0.054629039764404294 0.11799041748046876
1 0.887906265258789 0.5464622497558594 0.0427886962890625 0.12056732177734376
0 0.09593726396560669 0.47082366943359377 0.012154603004455566 0.01839019775390625
1 0.2813702583312988 0.427459716796875 0.07645840644836426 0.055367736816406256
0 0.7098383903503418 0.3432987976074219 0.011924648284912109 0.018147888183593752
0 0.9110965728759766 0.11870239257812501 0.01203155517578125 0.018845672607421877
1 0.966431713104248 0.3972538566589356 0.023536872863769532 0.12294071197509766
0 0.7020546436309815 0.3680252838134766 0.011187171936035157 0.018529205322265627
0 0.7121278762817382 0.3621690368652344 0.011233329772949219 0.0162432861328125
0 0.4119241192411923 0.5752032520325203 0.011009485094850942 0.016260162601626008
0 0.27345867208672087 0.40277777777777785 0.009315718157181567 0.01829268292682926
