1 0.10227732658386231 0.3828850640190972 0.08317279815673828 0.0641635470920139
1 0.26723628044128417 0.4988530476888021 0.04121341705322266 0.08967386881510417
2 0.3973038911819458 0.20146331787109376 0.02583937644958496 0.041656494140625
2 0.3989128112792969 0.6241977267795139 0.02258720397949219 0.04032931857638889
2 0.49251375198364256 0.5925665961371528 0.02701425552368164 0.04303402370876736
2 0.4139553070068359 0.2319719950358073 0.022579479217529296 0.03861880832248264
0 0.33289198875427245 0.489676751030816 0.012252521514892579 0.02190466986762153
2 0.37816600799560546 0.5451376173231337 0.027144527435302733 0.04707963731553819
0 0.9443958282470702 0.9537868923611111 0.011319351196289063 0.018935648600260417
0 0.49198436737060547 0.37841864691840277 0.010670280456542969 0.01781582302517361
0 0.8440120697021484 0.16419847276475696 0.012172317504882813 0.01981726752387153
0 0.6663933753967285 0.8914706759982639 0.007456207275390625 0.014909193250868057
2 0.5888712882995606 0.5302419874403212 0.01916637420654297 0.03127526177300347
2 0.5645750045776368 0.5319388495551215 0.02642574310302734 0.04011705186631945
0 0.0959201388888889 0.3490740740740741 0.01336805555555555 0.01975308641975312
0 0.5509279010238908 0.28046391100998613 0.011198805460750805 0.018012893439514614
