1 0.5142486572265625 0.3593605041503906 0.025082015991210935 0.12607303195529515
2 0.2090526819229126 0.24575924343532987 0.023999452590942383 0.039839087592230905
2 0.2311544179916382 0.2529642317030165 0.022339487075805665 0.04341651068793403
0 0.035717129707336426 0.975248040093316 0.013592135906219481 0.0231689453125
0 0.30633697509765623 0.8008100721571181 0.011734294891357421 0.021092393663194445
0 0.6647941589355468 0.48096432156032987 0.011688804626464844 0.01942511664496528
0 0.5673508644104004 0.7558847215440538 0.010751152038574218 0.0177947998046875
0 0.2211146354675293 0.07395172119140625 0.011966133117675781 0.021213955349392362
0 0.45383739471435547 0.43989783393012155 0.010828590393066407 0.017533365885416666
0 0.8808416366577149 0.6749810960557726 0.012125015258789062 0.01925201416015625
0 0.6450602054595947 0.5438106960720487 0.012239360809326172 0.02298075358072917
0 0.8150583267211914 0.9923525068495009 0.011560821533203125 0.015294986300998265
0 0.6961442947387695 0.876912350124783 0.012343025207519532 0.022656080457899307
0 0.013627053231346864 0.23548466288979727 0.009022842127687693 0.016316467476348
0 0.6684027777777776 0.8574718997604569 0.011660447761193992 0.017044407591671248
0 0.22452839966832502 0.69508936797494 0.011142205638474293 0.020269025244149613
0 0.02306177446102819 0.24617652478349003 0.010364842454394693 0.015201768933112264
