0 0.52218017578125 0.35214623345269097 0.012204170227050781 0.02008734809027778
1 0.45356316566467286 0.4907319810655382 0.017161083221435548 0.1507510715060764
0 0.820440673828125 0.39184731377495663 0.013542938232421874 0.023708767361111112
2 0.3769691944122314 0.04184002346462674 0.022908401489257813 0.04102901882595486
0 0.4952735900878906 0.9714809841579861 0.01239013671875 0.020290798611111112
0 0.422026252746582 0.4977544148763021 0.012021732330322266 0.019910346137152778
0 0.46524562835693356 0.8804280598958334 0.012291717529296874 0.021651713053385417
0 0.7718984603881835 0.35868589613172747 0.011959648132324219 0.017971123589409724
2 0.38143606185913087 0.08297932942708333 0.020814800262451173 0.03473383585611979
0 0.7701013565063477 0.33986214531792536 0.010639476776123046 0.01836971706814236
0 0.5453150749206543 0.1717137654622396 0.012581825256347656 0.021476576063368058
0 0.008524316363036633 0.5660624186197917 0.01096387542784214 0.01943901909722222
0 0.7803980827331543 0.6968475341796875 0.010433769226074219 0.01751708984375
0 0.1683398962020874 0.8540647718641493 0.014386510848999024 0.020746866861979168
0 0.7816310405731202 0.3425069173177083 0.010690116882324218 0.020527818467881945
