1 0.8827059745788574 0.46586863199869794 0.03887443542480469 0.1135592990451389
2 0.7103055477142334 0.7697536892361111 0.023725414276123048 0.042006429036458334
0 0.7688824653625488 0.2419451395670573 0.012363243103027343 0.02167697482638889
0 0.4840246200561523 0.8681560092502171 0.010878562927246094 0.01926032172309028
0 0.12813475131988525 0.8624928792317709 0.012438750267028809 0.019439527723524308
0 0.7188725948333741 0.1489948272705078 0.012533092498779297 0.021632809109157988
0 0.08513033390045166 0.9373745388454862 0.011342620849609375 0.017376369900173612
0 0.7342636108398437 0.2940489027235243 0.010928726196289063 0.018500773111979167
0 0.38973040580749513 0.21892047458224828 0.011515378952026367 0.020321146647135416
0 0.6225074768066406 0.006736924913194445 0.00930614471435547 0.01347384982638889
0 0.48717436790466306 0.8764387342664931 0.011754608154296875 0.019646199544270833
0 0.9293956756591797 0.6087149726019966 0.01082916259765625 0.01981540256076389
