1 0.5560216426849365 0.8199349297417535 0.07134895324707032 0.06954718695746528
2 0.9456369400024414 0.6690808614095052 0.023877525329589845 0.039040629069010416
1 0.6250923156738282 0.6161031934950087 0.0827880859375 0.061783854166666666
0 0.3562267303466797 0.8039484659830729 0.012053966522216797 0.02048102484809028
1 0.7762069225311279 0.23926688300238716 0.04740924835205078 0.06211641099717882
2 0.7133880615234375 0.4397226969401042 0.02083740234375 0.04181043836805556
0 0.6432177066802979 0.4619137234157986 0.010547447204589843 0.01721767849392361
0 0.9067384719848632 0.31805445353190104 0.012539100646972655 0.021478949652777777
0 0.9834341049194336 0.969795905219184 0.012900733947753906 0.020900472005208334
0 0.6078267097473145 0.8277386135525174 0.013096237182617187 0.020497979058159723
0 0.5159153938293457 0.7066288418240018 0.01109466552734375 0.0202972412109375
0 0.48004589080810545 0.27376200358072916 0.011165428161621093 0.018340725368923613
0 0.09493350982666016 0.08830990261501737 0.012549257278442383 0.02267947726779514
0 0.6579286575317382 0.9837395562065973 0.010883522033691407 0.018505859375
0 0.5903289794921875 0.7960982428656684 0.01061868667602539 0.017570156521267363
0 0.5270869731903076 0.6946175469292535 0.011443996429443359 0.01854129367404514
0 0.8230741500854492 0.5612830268012153 0.010866737365722657 0.01935187445746528
0 0.07340363264083863 0.5563094245062934 0.011432075500488281 0.01956753200954861
0 0.5767800331115722 0.17097943623860679 0.012176895141601562 0.018723551432291666
0 0.5763349056243896 0.19259685940212673 0.011965751647949219 0.020070563422309028
0 0.7880323886871338 0.1340494367811415 0.012335109710693359 0.020456186930338544
