2 0.35773630142211915 0.6259123229980469 0.024041080474853517 0.04089263916015625
0 0.4022217750549316 0.37534141540527344 0.012340831756591796 0.019383850097656252
1 0.0987356424331665 0.6442839050292969 0.020284247398376466 0.10467010498046876
0 0.7596263885498047 0.6869789123535157 0.011727046966552735 0.01678009033203125
0 0.1347847580909729 0.8235345458984376 0.012527132034301757 0.019742736816406252
0 0.7435175895690918 0.8644341278076172 0.011226654052734375 0.017761077880859375
0 0.546135139465332 0.2714122009277344 0.011382865905761718 0.017797241210937502
1 0.35676500797271726 0.7293880462646485 0.02511568069458008 0.07940353393554687
2 0.3755918025970459 0.7450303649902345 0.020103645324707032 0.03391082763671875
0 0.28516421318054197 0.8032598114013673 0.011953926086425782 0.01753875732421875
0 0.19587423801422119 0.2918048095703125 0.011744403839111328 0.018145294189453126
0 0.6883529186248779 0.5651408386230469 0.012479496002197266 0.018559112548828128
2 0.004392519593238831 0.29328025817871095 0.008675464987754821 0.036464538574218754
0 0.832780647277832 0.7127375793457031 0.010862350463867188 0.016458435058593752
0 0.14773706197738648 0.8191830444335938 0.013413524627685547 0.0205157470703125
0 0.27727704048156737 0.8217901611328126 0.01336369514465332 0.0191558837890625
1 0.741623067855835 0.014983272552490235 0.023439311981201173 0.02996654510498047
0 0.20538659095764158 0.3021824645996094 0.01058664321899414 0.016749343872070315
