1 0.6124967575073242 0.20403934054904516 0.030926132202148435 0.10439724392361112
1 0.6064282417297363 0.7081485324435765 0.042003822326660153 0.08659769694010418
2 0.6100021839141846 0.9095291137695313 0.026152992248535154 0.03932257758246528
1 0.8011806488037109 0.30144386291503905 0.01827373504638672 0.13197385999891492
2 0.42086877822875973 0.6346046447753907 0.023491954803466795 0.042197842068142366
0 0.8472147941589355 0.22567486233181425 0.012896537780761719 0.021157752143012153
0 0.590859317779541 0.837755839029948 0.01094503402709961 0.017657301161024305
0 0.8428750991821289 0.24652947319878474 0.011590194702148438 0.021419609917534724
0 0.8548218727111816 0.24453146192762587 0.0107818603515625 0.019632042778862848
0 0.506408405303955 0.1802126142713759 0.011161327362060547 0.019967651367187502
0 0.1634423017501831 0.9327727423773872 0.012137174606323242 0.019938490125868055
0 0.14032928943634032 0.25888977050781253 0.011884260177612304 0.018927001953125
0 0.6345182418823242 0.8185724046495226 0.011586380004882813 0.019256083170572917
0 0.8659650802612304 0.13071043226453993 0.013111114501953125 0.022320217556423612
0 0.6598882675170898 0.8651251051161024 0.012472724914550782 0.018939039442274305
0 0.07868172526359558 0.664603508843316 0.012969529628753662 0.02156948513454861
0 0.6721647262573243 0.8850704616970486 0.011185073852539062 0.019458346896701388
0 0.3312733888626099 0.3753424750434028 0.012268257141113282 0.016051228841145834
0 0.2303308823529412 0.702479465127251 0.009191176470588225 0.016391832272731117
0 0.8919662475585938 0.5409496731228299 0.011669921875 0.021649169921875
0 0.30700676441192626 0.2077135721842448 0.010873365402221679 0.018108452690972224
0 0.24181034564971923 0.8802698771158854 0.011763763427734376 0.019734361436631945
0 0.8011322975158691 0.8908754136827257 0.012297439575195312 0.017824300130208335
0 0.3397883176803589 0.0622574700249566 0.011618232727050782 0.017367214626736113
0 0.7312095165252686 0.12098893059624566 0.013048458099365234 0.02222230699327257
0 0.6593731880187989 0.47542656792534727 0.011778736114501953 0.019682142469618056
0 0.3314380168914795 0.391162109375 0.01257796287536621 0.021112569173177085
0 0.07595222417046042 0.6929491363059981 0.011477494239807129 0.01937137179904514
0 0.24260363578796387 0.6915900336371528 0.013904285430908202 0.018680826822916666
0 0.9074036418558308 0.5372720641815382 0.010217511820565168 0.017353508788423677
0 0.5018308639526368 0.8645651923285591 0.010404205322265625 0.01593967013888889
0 0.24717078559538896 0.7094022480750655 0.009047453543719127 0.013003782716971295
0 0.8852371577220071 0.5577232760055975 0.010660710310216596 0.016922019650974843
0 0.6755481719970703 0.24359758165147571 0.012335968017578126 0.01831427680121528
0 0.7700986887007112 0.520807576173758 0.011310768127441407 0.020400661892361113
0 0.4106077194213867 0.007309002346462674 0.010025978088378906 0.014618004692925348
0 0.3135856960759018 0.388645798054876 0.009496784210205078 0.019360012478298612
0 0.3128577220319497 0.368107954339949 0.01207908042753587 0.022411194875184143
0 0.23795320987701415 0.9254506429036459 0.010529136657714844 0.021151563856336805
0 0.1809449553489685 0.18408966064453125 0.010876727104187012 0.020245361328125
0 0.3218907828282828 0.37359708193041524 0.009311868686868684 0.016554433221099885
0 0.2995580808080808 0.345679012345679 0.010416666666666666 0.021885521885521876
0 0.19162326388888887 0.18891460905349794 0.008825231481481458 0.014660493827160477
0 0.08419117647058823 0.6800653594771242 0.011274509803921574 0.013725490196078475
0 0.7616481381055675 0.5089378966819315 0.00915130151843826 0.01405961275809436
0 0.6760100325379609 0.4761990841166547 0.011410882140274836 0.017674941753032913
0 0.6621817129629628 0.8837448559670781 0.008680555555555594 0.016975308641975346
0 0.8104745370370369 0.9025205761316872 0.010995370370370357 0.01800411522633746
