1 0.5460403442382813 0.07195671081542969 0.06910724639892578 0.08203079223632813
1 0.8024284362792968 0.4282426452636719 0.0226531982421875 0.12153778076171876
2 0.9872756958007812 0.7302184295654297 0.023672866821289062 0.03992294311523438
2 0.1999638319015503 0.6052867126464844 0.0241300106048584 0.03729293823242188
2 0.4236412048339844 0.693018035888672 0.021313571929931642 0.04330169677734375
1 0.7376429557800293 0.7693454742431641 0.030612659454345704 0.11212936401367188
1 0.19294826984405516 0.699686279296875 0.09417767524719238 0.05067901611328125
2 0.6374094009399414 0.47982971191406254 0.019890022277832032 0.030136108398437503
0 0.36412720680236815 0.5739564514160157 0.01185779571533203 0.018059997558593752
0 0.8177948951721191 0.82621826171875 0.011698722839355469 0.017240295410156252
0 0.743804931640625 0.31042396545410156 0.011372852325439452 0.01781944274902344
0 0.9028606414794922 0.5788917541503906 0.01182403564453125 0.01883148193359375
