1 0.5485777854919434 0.6833917236328125 0.06002254486083984 0.0643792724609375
0 0.314235258102417 0.19098777770996095 0.012075233459472656 0.018707046508789064
0 0.7698657989501954 0.329869613647461 0.010983562469482422 0.01661956787109375
1 0.8507598876953125 0.19045757293701174 0.0578033447265625 0.03569129943847656
2 0.103869891166687 0.3550480842590332 0.021037817001342773 0.032634544372558597
2 0.11382505893707275 0.3893408203125 0.027445125579833984 0.03778671264648438
0 0.9755267143249512 0.9028427124023438 0.012997627258300781 0.019444122314453128
0 0.5759796142578125 0.600709228515625 0.012674522399902343 0.0200103759765625
0 0.22277543544769288 0.6531448364257812 0.011523199081420899 0.019741821289062503
0 0.7512698650360108 0.7890888977050782 0.01091766357421875 0.01678802490234375
