1 0.3656836271286011 0.20261934068467882 0.08744502067565918 0.057501220703125
0 0.14324105978012086 0.46526963975694446 0.01302199363708496 0.02089504665798611
0 0.6989723205566406 0.18227132161458334 0.012531089782714843 0.020895555284288197
0 0.17078670263290405 0.19928944905598958 0.011031579971313477 0.01906619601779514
0 0.39744679927825927 0.5866461859809028 0.011895227432250976 0.020508829752604166
0 0.801872444152832 0.9900345696343317 0.012587165832519532 0.019930860731336805
0 0.6082918167114257 0.4800596449110243 0.012045860290527344 0.020902167426215278
0 0.08806708219240038 0.34339150607411206 0.0069901704788208 0.010802205403645834
0 0.7056564331054688 0.5117645263671875 0.008004379272460938 0.011861165364583334
0 0.12486645299145298 0.8021130104463438 0.010683760683760691 0.01958689458689462
