1 0.2568203449249268 0.779110336303711 0.041994762420654294 0.08857070922851563
1 0.3208319664001465 0.881877899169922 0.05514116287231445 0.10893981933593751
1 0.4993095397949219 0.9241417694091797 0.04606771469116211 0.09286300659179689
1 0.6242545127868653 0.8279734802246095 0.02843313217163086 0.1284375
0 0.4543459415435791 0.45759582519531256 0.012475109100341797 0.018889312744140626
0 0.9414994239807128 0.5279785156250001 0.013143348693847656 0.019877471923828126
0 0.9017452239990235 0.1313372802734375 0.011350250244140625 0.01729301452636719
1 0.9315952301025391 0.9482970428466797 0.02375450134277344 0.10087142944335938
2 0.2633716106414795 0.06415084838867188 0.023726749420166015 0.037254714965820314
0 0.31788172721862795 0.9928234863281251 0.011374092102050782 0.014353027343750002
0 0.7614221572875977 0.08093193054199219 0.013015174865722656 0.019963226318359378
0 0.3066150188446045 0.7543843078613282 0.011085271835327148 0.01634979248046875
0 0.3796107769012451 0.31036617279052736 0.010818290710449218 0.014166641235351564
0 0.9380302429199219 0.7369204711914062 0.012477874755859375 0.020012664794921878
0 0.1889662265777588 0.2556082534790039 0.011326026916503907 0.01757041931152344
0 0.372999382019043 0.29548713684082034 0.010082435607910157 0.015173797607421876
0 0.38295636177062986 0.29591941833496094 0.01014862060546875 0.015092926025390627
0 0.9564689636230469 0.4008001708984375 0.012103271484375 0.01943634033203125
2 0.3916488170623779 0.14145881652832032 0.02076578140258789 0.03368270874023438
