1 0.2270439863204956 0.3112785339355469 0.07970571517944336 0.040561082628038196
2 0.7821437835693359 0.8162408616807726 0.021649169921875 0.0431672837999132
2 0.527585220336914 0.7720653957790798 0.024108314514160158 0.040553114149305555
1 0.008833056688308716 0.12045033772786459 0.017666113376617432 0.1260592990451389
0 0.6706828117370606 0.33868535359700525 0.01249237060546875 0.020212470160590277
0 0.679213571548462 0.3535881890190972 0.011448478698730469 0.020096672905815974
0 0.5186909675598145 0.35421574910481773 0.010975265502929687 0.019361199273003473
0 0.5134024620056152 0.6375230577256945 0.012204742431640625 0.020274013943142363
0 0.08625126481056214 0.7152627733018664 0.01186143159866333 0.01999664306640625
0 0.2767817974090576 0.5080861409505208 0.010797119140625 0.01776038275824653
0 0.538166856765747 0.12267400953504774 0.010308551788330077 0.017882029215494793
0 0.6407052040100097 0.675013902452257 0.01275634765625 0.01942901611328125
0 0.10071535110473633 0.4314875284830729 0.013423418998718262 0.02186465793185764
0 0.6851565361022949 0.5752183702256944 0.010094165802001953 0.01766899956597222
0 0.9916643142700196 0.8889700147840712 0.0137115478515625 0.021915011935763888
0 0.791358757019043 0.6523830837673611 0.011467933654785156 0.0190399169921875
0 0.2072753667831421 0.5721434699164497 0.010413312911987304 0.017935689290364584
0 0.6966812610626221 0.3520439995659722 0.01081552505493164 0.019639078776041666
0 0.3819084167480469 0.18953704833984375 0.01248483657836914 0.022388119167751738
2 0.4558828353881836 0.4940136379665799 0.012108516693115235 0.022508409288194444
0 0.8453282828282828 0.499719416386083 0.0107323232323233 0.01964085297418634
0 0.21567234848484843 0.5805274971941639 0.00836489898989899 0.01964085297418634
0 0.2246685606060606 0.5895061728395061 0.008680555555555565 0.014590347923681251
0 0.2161458333333333 0.6004489337822672 0.009311868686868684 0.017957351290684608
