0 0.07805604338645936 0.8476130676269532 0.013024282455444335 0.019776763916015627
0 0.10603543519973754 0.8943182373046875 0.01219329833984375 0.01810302734375
1 0.5259186267852783 0.5418783569335938 0.06017656326293945 0.10075286865234376
1 0.106376051902771 0.3431462097167969 0.03168783187866211 0.12677215576171877
0 0.0216866672039032 0.5142027282714844 0.011115342378616333 0.017261962890625
0 0.07248042225837707 0.32484443664550783 0.011508679389953614 0.016870422363281252
1 0.06034899353981018 0.1961247253417969 0.07801411151885987 0.045177459716796875
1 0.9166033744812011 0.6982664489746094 0.0159454345703125 0.08946395874023438
0 0.32001051902770994 0.5712203979492188 0.013288497924804688 0.017896728515625
0 0.31333270072937014 0.5552603149414063 0.011613273620605468 0.017122039794921877
0 0.9230836868286133 0.6252124786376954 0.009635353088378906 0.013659820556640626
0 0.7321947674418605 0.42005813953488375 0.011506782945736423 0.015503875968992277
