2 0.8059906005859375 0.0328204345703125 0.020201873779296876 0.03563690185546875
1 0.6928414344787598 0.542627410888672 0.07073698043823243 0.044070587158203126
2 0.14376378059387207 0.7571903991699219 0.02567002773284912 0.03590850830078125
2 0.3734562873840332 0.6914757537841797 0.025516796112060546 0.031186981201171877
2 0.14139665365219117 0.5844242858886719 0.022525906562805176 0.037728576660156256
2 0.09374915361404419 0.5822872161865235 0.0255997896194458 0.037638702392578126
2 0.5621826171875 0.3132318878173828 0.023346328735351564 0.03909805297851563
2 0.9687915802001953 0.1562447738647461 0.023255538940429688 0.03893608093261719
2 0.17450934648513794 0.51601806640625 0.022947072982788086 0.04790573120117188
2 0.1577533721923828 0.4782815551757813 0.020534467697143555 0.036860046386718755
2 0.12525174617767335 0.6052883911132813 0.019562959671020508 0.028853759765625
2 0.9892059326171875 0.17994628906250001 0.019945144653320312 0.03745193481445313
2 0.13880127668380737 0.47605758666992193 0.017632699012756346 0.031704254150390625
2 0.052755385637283325 0.421063461303711 0.023947346210479736 0.03738601684570313
2 0.11660854816436768 0.3467859649658203 0.02137594223022461 0.034517974853515626
2 0.0391577422618866 0.40309814453125004 0.023069882392883302 0.038983154296875
2 0.0884662926197052 0.39736633300781254 0.018605375289916994 0.027597351074218752
2 0.019219765067100526 0.21341373443603517 0.022550255060195923 0.034501953125000005
