0 0.24077234268188477 0.8378907012939454 0.012446022033691407 0.0192828369140625
1 0.4152860164642334 0.26054031372070313 0.036469459533691406 0.12127998352050783
1 0.5968761444091797 0.6995561218261719 0.056609153747558594 0.08327239990234375
2 0.5010076522827148 0.20164276123046876 0.023076438903808595 0.04024322509765625
2 0.09152967929840088 0.5054637908935548 0.025724387168884276 0.03413497924804688
2 0.2606949329376221 0.08128456115722657 0.02364482879638672 0.03948348999023438
2 0.30442860126495364 0.35916809082031254 0.023061227798461915 0.0363275146484375
0 0.22742583751678466 0.6322798919677735 0.011159801483154297 0.0184088134765625
0 0.7010600090026855 0.09953449249267579 0.013537788391113281 0.020893936157226563
2 0.6067328453063965 0.06433425903320313 0.02256040573120117 0.034124221801757816
1 0.20017704367637634 0.6592443084716797 0.06634513139724732 0.036708984375
2 0.5569478034973144 0.10554809570312501 0.023424243927001952 0.03302825927734375
0 0.6323785781860352 0.561961669921875 0.011537933349609375 0.018045196533203127
2 0.6009221076965332 0.12609172821044923 0.023285865783691406 0.03609916687011719
2 0.5800619125366211 0.10923118591308595 0.02024555206298828 0.031391754150390624
0 0.749299144744873 0.5713651275634766 0.012344074249267579 0.01841766357421875
2 0.5717281341552735 0.017233562469482423 0.0230438232421875 0.031464881896972656
2 0.5468935966491699 0.04158538818359375 0.026088523864746093 0.0410760498046875
2 0.5424171447753906 0.08313095092773438 0.012517452239990234 0.018721160888671876
2 0.5709931373596191 0.07547977447509766 0.02505207061767578 0.036993179321289066
0 0.17186405658721923 0.6478424835205079 0.011644840240478516 0.01913055419921875
2 0.6001240730285644 0.08862525939941407 0.023168182373046874 0.03945785522460938
2 0.5903203964233399 0.038767395019531255 0.0199981689453125 0.03294143676757813
1 0.8741449004975124 0.7199419568822553 0.011142205638474323 0.01699834162520735
