1 0.46990318298339845 0.790833740234375 0.059680938720703125 0.10179321289062501
0 0.7277314186096191 0.8760989379882813 0.012472057342529297 0.01916748046875
0 0.3950535297393799 0.2543869781494141 0.011419200897216797 0.0175311279296875
0 0.46582474708557126 0.25648628234863285 0.011560821533203125 0.01836334228515625
0 0.38150482177734374 0.7831060028076172 0.012091636657714844 0.018723449707031253
0 0.3106117010116577 0.8821388244628907 0.012140989303588867 0.018422241210937502
2 0.6940811157226563 0.8426008605957032 0.025043678283691407 0.04067108154296875
0 0.6046594619750977 0.07774696350097657 0.010976791381835938 0.017296600341796878
0 0.14318879842758178 0.9912252807617188 0.012262582778930664 0.016655883789062503
0 0.3542341709136963 0.2673062896728516 0.011877155303955078 0.017584075927734377
0 0.9915453910827636 0.1278185272216797 0.011831283569335938 0.019272003173828125
0 0.37441353797912597 0.6857395935058594 0.012427711486816406 0.018353271484375003
0 0.7379600524902343 0.46648880004882814 0.012299156188964844 0.018367919921875
0 0.3619799852371216 0.2502926254272461 0.012397146224975586 0.018159027099609377
0 0.6770286560058594 0.856455307006836 0.011229705810546876 0.01869781494140625
