1 0.7790632724761963 0.9537188720703126 0.04235124588012695 0.08109893798828126
1 0.2588296890258789 0.5387493896484375 0.02708473205566406 0.11773193359375
1 0.386869478225708 0.40352806091308596 0.04620161056518555 0.10039260864257814
1 0.014604803919792174 0.6553399658203125 0.028848981857299803 0.07574890136718751
0 0.5103669166564941 0.2015818786621094 0.01271991729736328 0.019368591308593752
0 0.8012794733047485 0.6455977630615235 0.012917280197143555 0.0189849853515625
0 0.24733784198760986 0.6939918518066407 0.011794424057006836 0.017446289062500002
1 0.7269408742316456 0.6907652338075531 0.022511283610683462 0.1071316639041685
0 0.78909330368042 0.7516279602050782 0.011186599731445312 0.017885131835937502
0 0.4914985656738281 0.3435272687448816 0.011344528198242188 0.017103118896484377
1 0.030266192555427552 0.7383291625976564 0.034639912843704226 0.08819946289062501
0 0.40185669660568235 0.8428311920166016 0.011140847206115722 0.017565460205078126
0 0.7636344909667969 0.6466040802001953 0.011588859558105468 0.017960968017578127
0 0.39362406730651855 0.8271110534667969 0.010224342346191406 0.015014648437500002
0 0.6376533031463623 0.8776033020019531 0.010883522033691407 0.015213317871093751
0 0.657155704498291 0.04580146789550781 0.011362934112548828 0.016761932373046875
0 0.6675878684807256 0.03571428571428572 0.01080640589569152 0.017573696145124718
0 0.1750106292517007 0.7749433106575965 0.008857709750566892 0.014739229024943372
