1 0.4903177261352539 0.24800088670518664 0.046903038024902345 0.0564178466796875
1 0.1916663885116577 0.21556616889105903 0.03426065444946289 0.1203887939453125
2 0.6939789295196533 0.5307580735948351 0.0245880126953125 0.04141472710503472
0 0.9902826309204101 0.6249131096733941 0.011787033081054688 0.01832377115885417
0 0.7568264007568359 0.24313473171657987 0.011686420440673828 0.018722449408637154
0 0.1960291862487793 0.44804636637369794 0.011580801010131836 0.021659511990017363
0 0.6866597652435302 0.7857849121093751 0.013203811645507811 0.02336154513888889
0 0.23195736408233641 0.42432030571831597 0.010895299911499023 0.0191253662109375
0 0.007847468554973602 0.9717208862304688 0.0127528578042984 0.02086554633246528
0 0.556761360168457 0.6266079372829861 0.01145477294921875 0.018609619140625002
0 0.657585334777832 0.805389149983724 0.012201595306396484 0.019763353135850696
0 0.656400203704834 0.824824693467882 0.011894989013671874 0.017217848036024306
0 0.31076955795288086 0.7519966125488281 0.01218242645263672 0.021714613172743057
0 0.2195575714111328 0.07384647793240018 0.010442066192626952 0.01766688028971354
0 0.6916718482971191 0.2467659844292535 0.009558677673339844 0.015963406032986113
0 0.2275913715362549 0.1916179656982422 0.01299142837524414 0.020968967013888888
0 0.111857271194458 0.43431048923068577 0.011356019973754882 0.018552313910590278
0 0.8337010383605957 0.7026236640082466 0.013118171691894531 0.022893439398871528
0 0.12356315851211548 0.050136735704210074 0.011477398872375488 0.022083028157552084
0 0.20747251510620116 0.4508358425564236 0.010956096649169921 0.020954386393229166
0 0.7601186752319335 0.3198632134331597 0.012845802307128906 0.02039642333984375
0 0.4297290802001953 0.5571936713324653 0.011029052734375 0.019624498155381944
0 0.6965267181396484 0.07317776150173612 0.008844947814941407 0.01712587144639757
0 0.8356279373168946 0.33143431345621743 0.011508560180664063 0.02144974602593316
0 0.8071003913879394 0.6871478610568577 0.007562065124511718 0.013344319661458335
0 0.8142092704772949 0.7046964009602865 0.013158035278320311 0.02043846978081597
0 0.7006279468536377 0.09119593302408854 0.013009357452392577 0.021763271755642362
0 0.6858349800109863 0.07438524034288195 0.010622787475585937 0.017889404296875
0 0.13307054042816163 0.05224651760525174 0.010456085205078125 0.02109900580512153
0 0.25949773788452146 0.45658679538302954 0.01322016716003418 0.02269558376736111
0 0.8158870697021484 0.6746003044976129 0.010853767395019531 0.02160068088107639
0 0.7302230834960938 0.6894506666395399 0.009992027282714843 0.016530524359809028
0 0.968592643737793 0.9618471781412761 0.00900115966796875 0.014879692925347222
0 0.441773509979248 0.5621566772460938 0.013242244720458984 0.022669643825954863
0 0.8256299083769633 0.7219071165406243 0.009135034904013987 0.01672484002326929
0 0.7259625872600348 0.6745200698080278 0.008316972076788786 0.015028117122357939
0 0.7345522469458987 0.6783982935815396 0.008044284467713799 0.014543339150669072
