2 0.9459222793579102 0.5689561462402344 0.024362564086914062 0.038494873046875
0 0.3561089515686035 0.8652441406250001 0.011437320709228515 0.01773101806640625
0 0.5582032203674316 0.3700537109375 0.01206207275390625 0.0180706787109375
1 0.4144981265068054 0.35504158020019533 0.07798635959625244 0.05076263427734375
0 0.9215333938598632 0.6226535034179688 0.015596389770507812 0.025815124511718752
0 0.7440104484558105 0.11143264770507813 0.011706733703613281 0.019095611572265626
0 0.019011521339416505 0.7844578552246094 0.010731935501098633 0.01653106689453125
0 0.5307765960693359 0.4021549987792969 0.0112457275390625 0.0173980712890625
0 0.7186802864074707 0.2226082229614258 0.012625503540039062 0.02050102233886719
0 0.6944438934326171 0.8014059448242188 0.012384986877441407 0.019605255126953127
0 0.768967866897583 0.11888816833496095 0.011365032196044922 0.018940734863281253
0 0.08816292285919189 0.46228462219238287 0.012041664123535157 0.017735137939453124
0 0.13808209896087648 0.2493206024169922 0.012562179565429687 0.018185424804687503
