1 0.6289494037628174 0.6654305352105035 0.06504192352294921 0.08580847846137153
2 0.09457030892372131 0.416994137234158 0.02357395887374878 0.040377977159288196
2 0.43196945190429686 0.7119176228841146 0.02372913360595703 0.04375406901041667
0 0.7068119525909424 0.6471750047471788 0.012528133392333983 0.020243496365017363
0 0.5732705116271972 0.09168277316623265 0.011754608154296875 0.019536929660373265
2 0.15725324153900147 0.684952375623915 0.020384907722473145 0.04077216254340278
2 0.04752227365970611 0.2541701422797309 0.021345216035842895 0.042178344726562504
2 0.0682479977607727 0.26464737786187065 0.020274138450622557 0.039738633897569445
2 0.2704838037490845 0.05424067179361979 0.02629570960998535 0.043759918212890624
0 0.36042969226837157 0.6605699327256944 0.01195073127746582 0.02056681315104167
2 0.08763056993484497 0.3054728190104167 0.02658696174621582 0.042487419976128475
2 0.0820492148399353 0.34526129828559027 0.023392295837402342 0.03718329535590278
2 0.18342440128326415 0.5024951510959201 0.02781543731689453 0.03916015625
2 0.08053284883499146 0.6176537407769097 0.02411630153656006 0.040336269802517366
2 0.2899932861328125 0.10472327338324654 0.02136363983154297 0.039925469292534724
2 0.2185724973678589 0.6498899671766494 0.024843931198120117 0.04026285807291667
2 0.17950037717819214 0.5448842366536458 0.025324702262878418 0.03904147677951389
2 0.09302003383636474 0.5805914984809027 0.02447166442871094 0.04222310384114583
2 0.7308344841003418 0.8082060072157118 0.022388935089111328 0.03937157524956597
2 0.6739158153533935 0.9846346961127388 0.022798919677734376 0.03073060777452257
2 0.23039541244506836 0.7200005425347222 0.024372386932373046 0.04359605577256945
2 0.4721811771392822 0.8223949856228299 0.02259798049926758 0.04496832953559028
2 0.45656213760375974 0.8576966179741754 0.03038330078125 0.05045895046657986
2 0.5991737365722656 0.9673431396484375 0.022164058685302735 0.0469606187608507
2 0.16023595333099366 0.5229160732693142 0.021683406829833985 0.03816816541883681
2 0.7563989639282227 0.808786858452691 0.027082252502441406 0.03969590928819445
2 0.2922518730163574 0.16526802910698785 0.020684432983398438 0.031213378906250002
0 0.3515646934509277 0.23421957227918838 0.013913917541503906 0.022221289740668403
2 0.24966936111450194 0.7084035237630208 0.020143938064575196 0.03599955240885417
2 0.18858439922332765 0.6925895690917969 0.017944860458374023 0.03904876708984375
2 0.19511369466781617 0.6561370001898872 0.01994645595550537 0.03402676052517361
0 0.6134038925170898 0.6284294128417969 0.01168060302734375 0.01721767849392361
0 0.5505345344543457 0.42793680826822916 0.012493896484375 0.021440633138020835
2 0.2565168857574463 0.6298663669162327 0.027725410461425782 0.03569200303819445
2 0.20739374160766602 0.7085901896158855 0.020434045791625978 0.026801723904079863
2 0.7395038604736328 0.8400860256618924 0.02098503112792969 0.03065524631076389
2 0.245009183883667 0.6669811672634549 0.02578458786010742 0.03963894314236111
