1 0.8372282028198242 0.15695213317871096 0.049120330810546876 0.11873947143554689
1 0.7596525192260742 0.8256149291992188 0.04578838348388672 0.11958206176757813
0 0.0681421160697937 0.8441827392578125 0.013214659690856933 0.020120239257812502
0 0.3597367763519287 0.4350540924072266 0.01339726448059082 0.020030517578125
0 0.30221412181854246 0.3667387390136719 0.011739873886108398 0.01806304931640625
0 0.21959209442138672 0.35588691711425785 0.01102619171142578 0.018563079833984378
0 0.7830448627471924 0.28321380615234376 0.01315774917602539 0.020516357421875003
0 0.4770818710327148 0.1353466033935547 0.011672210693359376 0.018655471801757813
0 0.6860772132873535 0.17521125793457032 0.012119293212890625 0.018208770751953127
0 0.17241824865341188 0.5754595184326172 0.009398698806762695 0.013637847900390626
0 0.8715459823608398 0.5618827819824219 0.011623001098632813 0.018838195800781252
2 0.2663867473602295 0.03922737121582032 0.02131967544555664 0.04175621032714844
