2 0.5457014083862305 0.335406608581543 0.020214080810546875 0.03294029235839844
2 0.4925222396850586 0.30705291748046876 0.020818710327148438 0.03207572937011719
2 0.21374545097351075 0.18794746398925782 0.02196044921875 0.03201324462890625
2 0.8621414184570312 0.8384937286376953 0.02574501037597656 0.036812744140625
1 0.8230455160140991 0.7408296203613282 0.05672001838684082 0.09223358154296876
2 0.9900799751281738 0.9226151275634766 0.01935863494873047 0.0301007080078125
2 0.7888976097106933 0.4293462371826172 0.019466209411621093 0.02834701538085938
2 0.07035064101219177 0.31622737884521485 0.025012004375457763 0.042076492309570314
2 0.13085076808929444 0.37384109497070317 0.01818704605102539 0.0318426513671875
2 0.07621933817863465 0.404732666015625 0.024735534191131593 0.03423065185546875
2 0.8151371002197265 0.6832423400878906 0.023181915283203125 0.032198791503906254
2 0.12842326164245604 0.4898541259765625 0.024486589431762695 0.03374420166015625
1 0.6156361103057861 0.7758885192871094 0.05583972930908203 0.09034393310546876
2 0.5821099281311035 0.3284366607666016 0.02510099411010742 0.04136703491210938
2 0.11300487518310547 0.3956767272949219 0.020377922058105468 0.032491455078125
2 0.5122774124145508 0.32340980529785157 0.021742630004882812 0.03266265869140625
2 0.1381228446960449 0.3197085952758789 0.02117600440979004 0.03127212524414063
2 0.09545128345489502 0.37118957519531254 0.023409247398376465 0.035417785644531255
2 0.5102753639221191 0.3594816589355469 0.02089080810546875 0.03726821899414063
2 0.47700800895690915 0.3309478759765625 0.021156787872314453 0.03499008178710938
2 0.1445154905319214 0.34590843200683596 0.010795497894287109 0.018899078369140627
0 0.918505859375 0.7224681091308595 0.011120223999023437 0.01716094970703125
2 0.13214070796966554 0.3447799873352051 0.019581079483032227 0.023149070739746095
2 0.1177329659461975 0.36285957336425784 0.01667618751525879 0.0232305908203125
0 0.2328406810760498 0.9271153259277344 0.00682525634765625 0.009566650390625
