2 0.712524700164795 0.7375333997938368 0.022391223907470705 0.04005974663628473
0 0.4514415740966797 0.5340254041883681 0.011468887329101562 0.020292494032118056
0 0.40082740783691406 0.4638240390353733 0.012762165069580078 0.02092471652560764
0 0.005461679399013519 0.9574317932128906 0.010923358798027038 0.022960408528645834
0 0.14477614164352418 0.7552545335557725 0.013367938995361327 0.020827229817708334
0 0.11300065517425537 0.04426922268337674 0.012380504608154297 0.020040724012586806
0 0.12653032541275025 0.7523547702365452 0.013108110427856446 0.018950059678819447
0 0.12933833599090577 0.6917578803168403 0.014593362808227539 0.027152506510416667
0 0.15266740322113037 0.720134989420573 0.01162877082824707 0.02258029513888889
0 0.4683138341543514 0.12520525451559933 0.009493021346469632 0.015964240102171123
0 0.12424784287011809 0.7342567363003331 0.01035990009082653 0.01589464123524067
0 0.14546435059037238 0.7041073771319003 0.009082652134423252 0.01665152891310929
