1 0.1612401008605957 0.2453997039794922 0.054504108428955075 0.12704788208007814
1 0.939848518371582 0.06806888580322266 0.03314895629882812 0.13613777160644533
0 0.25302510261535643 0.4737179565429688 0.011506748199462891 0.018214569091796876
2 0.33489394187927246 0.6977001953125 0.023397254943847656 0.03677093505859375
0 0.2743061065673828 0.980967254638672 0.01411294937133789 0.020470581054687503
0 0.02613922953605652 0.711370086669922 0.011921417713165284 0.01910797119140625
0 0.4277481079101562 0.6222787475585938 0.011385154724121094 0.01756256103515625
0 0.10766552686691284 0.04551887512207031 0.010882806777954102 0.016221771240234377
0 0.8610561370849609 0.4641049194335938 0.01214599609375 0.018253173828125
0 0.4592473030090332 0.30958831787109375 0.009026336669921874 0.013029327392578127
1 0.9394101142883301 0.2732947158813477 0.0777963638305664 0.04775505065917969
0 0.06241577863693237 0.9941691589355469 0.010580992698669434 0.011661682128906252
