2 0.25716936588287354 0.41820678710937503 0.02290024757385254 0.04012281629774306
2 0.3814708709716797 0.753275383843316 0.024190235137939452 0.045552571614583336
2 0.13883678913116454 0.5759536743164063 0.021594142913818358 0.041514417860243055
2 0.19007298946380616 0.6120059543185764 0.024907445907592772 0.038311767578125
2 0.012157709896564483 0.2718406677246094 0.023147973418235778 0.04067586263020834
0 0.6813926696777344 0.7386281331380209 0.012176513671875 0.019553968641493058
0 0.2800558567047119 0.6522148132324219 0.012536430358886718 0.02128668891059028
2 0.03537338376045227 0.4793272230360243 0.019427967071533204 0.03768412272135417
2 0.31849224784157487 0.2923167621514078 0.022106413407759186 0.03938443304847518
2 0.05447420924901962 0.4745229932996962 0.017076733708381652 0.040356953938802086
