2 0.1372002363204956 0.6762899780273438 0.02541046142578125 0.03666595458984375
0 0.6697649002075196 0.2081000518798828 0.012328529357910156 0.019708557128906252
1 0.6901041984558105 0.8493721008300782 0.031929397583007814 0.10978546142578126
0 0.7901840686798096 0.9858778381347657 0.01261281967163086 0.019296264648437502
0 0.5442617416381836 0.2352800750732422 0.0115753173828125 0.017985382080078126
2 0.3598386287689209 0.07584430694580079 0.02323284149169922 0.03531082153320313
2 0.3407881736755371 0.21204513549804688 0.025549888610839844 0.04005508422851563
0 0.736931037902832 0.29483726501464846 0.013351058959960938 0.01999237060546875
2 0.352354097366333 0.1401610565185547 0.023527908325195312 0.03826103210449219
2 0.33923897743225095 0.10656021118164063 0.027012062072753907 0.03568161010742188
2 0.3383683204650879 0.17318374633789063 0.02593579292297363 0.033930969238281254
0 0.7674044609069824 0.24152061462402347 0.012340450286865234 0.01893829345703125
0 0.20588631629943846 0.44812568664550784 0.008758926391601562 0.0144403076171875
0 0.3369466304779053 0.7845390319824219 0.012484359741210937 0.016191406250000002
