1 0.24214239120483397 0.6120460510253907 0.04721908569335938 0.1064874267578125
0 0.21552302837371826 0.03400852203369141 0.011902475357055664 0.018484420776367187
0 0.18209644556045532 0.34480186462402346 0.012190103530883789 0.018819427490234377
0 0.5021020412445069 0.9239974975585938 0.011034584045410157 0.01642852783203125
0 0.44324445724487305 0.3432672119140625 0.012158775329589843 0.019140472412109377
0 0.30436000823974607 0.9611033630371094 0.012609577178955078 0.019166870117187502
0 0.01634194701910019 0.3488892364501953 0.012000826001167298 0.01784423828125
0 0.4684415340423584 0.5235220336914063 0.012118816375732422 0.016839599609375002
0 0.4713541666666667 0.5389583333333333 0.011458333333333333 0.017916666666666668
0 0.0546875 0.40020833333333333 0.035416666666666666 0.12291666666666667
0 0.20052083333333334 0.08645833333333335 0.010416666666666666 0.019583333333333335
0 0.21197916666666666 0.08937500000000001 0.010416666666666666 0.020416666666666666
