1 0.3046224117279053 0.7518405151367188 0.048989486694335935 0.09207366943359375
1 0.5408488273620605 0.684932861328125 0.07289371490478516 0.0893975830078125
0 0.39070615768432615 0.3333460235595703 0.012409210205078125 0.019263153076171876
1 0.5217162132263183 0.597783203125 0.025498008728027342 0.08416992187500001
1 0.4203914165496826 0.8566950988769532 0.0665501594543457 0.095009765625
0 0.15461878776550292 0.9750563049316406 0.011676931381225586 0.01740325927734375
0 0.9896144866943359 0.3476219177246094 0.012403106689453125 0.019139556884765627
0 0.9692563056945801 0.7521675109863282 0.012639617919921875 0.01905059814453125
1 0.568120002746582 0.17635349273681641 0.02089090347290039 0.12952583312988283
0 0.8217803955078125 0.42764747619628907 0.011898422241210937 0.017650604248046875
0 0.8084718704223632 0.9275169372558595 0.01187896728515625 0.01737091064453125
0 0.6464353561401367 0.16851333618164063 0.013103866577148437 0.018255462646484377
0 0.31217360496520996 0.19299102783203126 0.010991334915161133 0.016305541992187502
0 0.6668866634368896 0.06577766418457032 0.011876201629638672 0.019135437011718753
0 0.5821382522583007 0.1679900360107422 0.010903167724609374 0.01722320556640625
0 0.6536164283752441 0.13926631927490235 0.01225728988647461 0.01949333190917969
