0 0.3930203437805176 0.038524322509765625 0.011396217346191406 0.018764190673828125
0 0.14855098724365234 0.7538788604736328 0.011387062072753907 0.0175482177734375
0 0.08152793645858765 0.19522537231445314 0.011837875843048096 0.017648620605468752
0 0.3628959655761719 0.24588596343994143 0.0125396728515625 0.019353332519531252
0 0.7280642509460449 0.5361206054687501 0.011852455139160157 0.018331298828125002
1 0.5838151454925538 0.6120213317871094 0.014296627044677735 0.08372772216796875
0 0.2227776527404785 0.5228256225585938 0.011041259765625 0.01608551025390625
0 0.7445248126983642 0.5016500091552735 0.012247943878173828 0.018138275146484376
0 0.6076386928558349 0.7476481628417969 0.010052967071533202 0.014898376464843752
0 0.7386049270629883 0.06113327026367188 0.011410713195800781 0.019027099609375
0 0.7444646835327149 0.47154312133789067 0.010750389099121094 0.015307006835937501
1 0.3482373714447021 0.04376293182373047 0.02786860466003418 0.05188583374023438
0 0.8773380279541015 0.2575395202636719 0.0122039794921875 0.020791015625000003
2 0.9442811012268066 0.8179386901855469 0.012104034423828125 0.019067535400390627
0 0.47603483200073243 0.9654343414306641 0.011324310302734375 0.016814117431640626
0 0.9431751251220702 0.7974605560302734 0.011967086791992187 0.01709716796875
0 0.4471028645833333 0.18001302083333334 0.010579427083333334 0.016276041666666668
0 0.3911336263020833 0.7805989583333334 0.0115966796875 0.016276041666666668
