1 0.3134373664855957 0.676244354248047 0.049442386627197264 0.10986389160156251
1 0.4378549575805664 0.7767437744140625 0.06659049987792968 0.074124755859375
1 0.7496742248535156 0.1885374450683594 0.02655200958251953 0.13285293579101565
0 0.542902660369873 0.8544424438476563 0.009894371032714844 0.014911804199218752
2 0.7716967582702636 0.44564025878906255 0.02149486541748047 0.034990844726562505
0 0.7769532203674316 0.1123590087890625 0.010438156127929688 0.016341705322265625
0 0.19674513339996338 0.15740783691406252 0.011120367050170898 0.016876983642578128
1 0.8887958526611328 0.6733059692382813 0.020387840270996094 0.1451287841796875
1 0.2936553478240967 0.5607589721679688 0.08197979927062989 0.031351623535156255
1 0.36832730770111083 0.19691047668457032 0.06644120216369628 0.032154083251953125
0 0.7656797409057617 0.24393165588378907 0.009578132629394531 0.014639053344726564
