2 0.501579475402832 0.5125138854980469 0.01210193634033203 0.021985931396484377
0 0.1332639694213867 0.3627250671386719 0.012221145629882812 0.01816925048828125
0 0.7799076080322266 0.27613922119140627 0.009925079345703126 0.014704132080078126
0 0.6058066899764429 0.25761685515521826 0.008820826761396342 0.016326573377506766
0 0.6102132320404052 0.23423259735107424 0.011507606506347657 0.017399444580078124
1 0.021624422073364256 0.5182687377929688 0.03224637508392334 0.03540679931640625
0 0.5812211990356445 0.845594711303711 0.010464859008789063 0.014566955566406251
0 0.8406133651733398 0.9295356750488282 0.008916473388671875 0.01590179443359375
1 0.4662883499170812 0.85924543946932 0.02306177446102815 0.1115257048092868
0 0.4678430762852404 0.7415008291873963 0.011142205638474323 0.017827529021558916
0 0.9350383499170811 0.26492537313432835 0.01217868988391378 0.01907131011608622
0 0.6139738475177305 0.24911347517730498 0.010305851063829745 0.013829787234042594
1 0.46914556962025317 0.16339662447257383 0.023997890295358638 0.08502109704641349
