0 0.19176924228668213 0.22512100219726563 0.011986255645751953 0.018338470458984377
0 0.26802859306335447 0.9303086853027345 0.012633228302001953 0.01903900146484375
1 0.8919060707092284 0.7872683715820313 0.07139739990234376 0.048533325195312504
0 0.4591665267944336 0.8231399536132813 0.012219047546386719 0.019230651855468753
0 0.25930449962615965 0.23107559204101563 0.012245607376098634 0.01821563720703125
0 0.47940454483032224 0.11545379638671875 0.01089305877685547 0.016555328369140625
0 0.5219686985015869 0.7122914123535157 0.0116302490234375 0.019493408203125
0 0.31415977478027346 0.7434319305419922 0.011802482604980468 0.01838958740234375
0 0.37614505290985106 0.6906060791015626 0.010924148559570312 0.015401153564453126
1 0.4326312065124512 0.33134979248046875 0.07045917510986328 0.03978485107421875
