1 0.46227078437805175 0.7753036499023438 0.04215593338012695 0.13098220825195314
0 0.6034242630004882 0.35642944335937504 0.012096405029296875 0.01907562255859375
1 0.534638786315918 0.23921943664550782 0.041867637634277345 0.09863952636718751
0 0.7848397731781006 0.45596755981445314 0.01286458969116211 0.019528961181640627
0 0.06780763268470764 0.8253352355957032 0.011594688892364502 0.018075561523437502
2 0.6707775592803955 0.4441722106933594 0.025057697296142576 0.03801803588867188
1 0.3269656181335449 0.1474958038330078 0.05368251800537109 0.08278396606445312
0 0.818720531463623 0.9083478546142578 0.010073280334472657 0.01542236328125
0 0.38133654594421384 0.8526360321044922 0.012161159515380859 0.0182861328125
0 0.707214069366455 0.5099455261230469 0.01208324432373047 0.019219665527343752
0 0.6927438735961914 0.42941772460937505 0.012588310241699218 0.01755401611328125
2 0.9147686004638672 0.930517807006836 0.024315261840820314 0.02946319580078125
0 0.2986464977264404 0.4300296020507813 0.011156177520751953 0.016289978027343752
0 0.6970616340637207 0.5180569458007813 0.011471080780029296 0.019039306640625
0 0.8883562088012695 0.9741128540039063 0.01195831298828125 0.0178594970703125
0 0.9777040481567383 0.3170273590087891 0.011143302917480469 0.017258605957031253
0 0.2714433183183183 0.7792792792792792 0.010792042042042057 0.016516516516516522
0 0.04961993243243243 0.720533033033033 0.010557432432432427 0.01764264264264265
