2 0.4566472053527832 0.4623262193467882 0.024703025817871094 0.041774156358506946
0 0.026891601085662842 0.44640180799696183 0.01156179904937744 0.020307074652777778
0 0.4272135734558105 0.422503407796224 0.012150001525878907 0.020480007595486113
0 0.9917060852050781 0.45352613661024305 0.0134521484375 0.021724446614583334
0 0.2845622539520264 0.9085372924804688 0.011841392517089844 0.01961330837673611
0 0.47834863662719723 0.2482042948404948 0.012127304077148437 0.0198486328125
0 0.3954958915710449 0.2417299058702257 0.0113739013671875 0.01842430962456597
0 0.5592607498168946 0.3482764350043403 0.011852455139160157 0.019416639539930558
0 0.768216323852539 0.30212656656901044 0.014070701599121093 0.02098727756076389
0 0.3925313472747803 0.22286173502604167 0.0106109619140625 0.01988796657986111
0 0.4027836322784424 0.22270444234212242 0.01077442169189453 0.019041019015842015
0 0.31365189552307127 0.16454463534884983 0.012145137786865235 0.020176442464192708
0 0.8819088935852051 0.12624388800726996 0.012180900573730469 0.021518283420138888
0 0.45540900230407716 0.9020553588867188 0.011916542053222656 0.019960191514756944
0 0.8836652755737304 0.110455322265625 0.0107330322265625 0.015051099989149306
0 0.8657633781433105 0.1294184790717231 0.011077117919921876 0.019059922960069444
0 0.058513307571411134 0.017939588758680555 0.007931137084960937 0.013018629286024305
0 0.9728570938110351 0.2768673790825738 0.012371063232421875 0.02133365207248264
0 0.5411481380462646 0.9920865800645616 0.011676692962646484 0.015826839870876738
0 0.7485280797101448 0.14417270531400966 0.009907155797101434 0.021638486312399365
