1 0.37242326736450193 0.8762838745117189 0.039763450622558594 0.09375442504882812
0 0.6401949405670166 0.04849468231201172 0.011168479919433594 0.018647994995117188
1 0.8054256677627564 0.3627684020996094 0.029497098922729493 0.10003707885742188
1 0.43105115890502926 0.2918439483642578 0.022565078735351563 0.14050155639648437
0 0.9853700637817383 0.8164414215087891 0.01149139404296875 0.017472534179687502
0 0.5717952728271485 0.405281982421875 0.013540077209472656 0.019940643310546877
0 0.8751951217651367 0.4816690063476563 0.012827682495117187 0.019269714355468752
0 0.7844819068908692 0.40427215576171877 0.010254478454589844 0.015366668701171876
0 0.7943520545959473 0.3968522644042969 0.011693382263183593 0.020487518310546876
0 0.8006248496827625 0.4088340844048395 0.011157933492509167 0.015169132777622708
0 0.792023189484127 0.4190228174603175 0.00883556547619051 0.014136904761904769
0 0.7747395833333334 0.42063492063492064 0.011470734126984183 0.018849206349206327
