2 0.584165382385254 0.7010159301757813 0.024991321563720702 0.036896972656250006
1 0.2892292022705078 0.1441376495361328 0.0250978946685791 0.12317199707031251
0 0.07724947929382324 0.27704261779785155 0.012031483650207519 0.018167572021484377
0 0.8987192153930664 0.7711819458007813 0.012191009521484376 0.0190576171875
0 0.31031041145324706 0.4014697265625 0.012226486206054687 0.018666687011718752
0 0.11308882236480712 0.8763162994384767 0.011399173736572265 0.01660430908203125
0 0.09860504269599915 0.7974502563476563 0.011888182163238526 0.0175823974609375
0 0.827763557434082 0.44206497192382815 0.01115264892578125 0.017495117187500003
1 0.006034407392144203 0.9117292022705079 0.012068814784288406 0.07760406494140626
0 0.8219072341918945 0.4219549560546875 0.011334609985351563 0.018279876708984375
