0 0.1535177707672119 0.5911135864257813 0.012141561508178711 0.0193701171875
0 0.9042764663696289 0.3845810699462891 0.012237930297851562 0.018702239990234376
0 0.5029102325439453 0.42937149047851564 0.010422801971435547 0.016977996826171876
2 0.33040423393249513 0.5969382476806641 0.024986076354980468 0.0370159912109375
2 0.6595943450927735 0.1445895004272461 0.02596597671508789 0.03552207946777344
0 0.821712303161621 0.9043551635742189 0.01164703369140625 0.0177484130859375
1 0.45457830429077145 0.8083417510986328 0.019319438934326173 0.11004821777343751
2 0.11478161811828613 0.23943374633789063 0.02179884910583496 0.03717697143554688
0 0.9851371765136718 0.9145973205566407 0.011761474609375 0.019181823730468752
0 0.5911477088928223 0.47349578857421876 0.011957550048828125 0.01902435302734375
0 0.5956680774688721 0.4931737518310547 0.011732196807861328 0.018349609375000003
0 0.8385809898376465 0.04203659057617188 0.010370254516601562 0.016005401611328126
0 0.5845683097839356 0.48854194641113285 0.011805343627929687 0.01865386962890625
0 0.1011344313621521 0.8766936492919922 0.011221075057983398 0.0191876220703125
0 0.9929335594177245 0.20247920989990237 0.010900497436523438 0.018300170898437502
0 0.982480239868164 0.20209976196289064 0.010361480712890624 0.017847900390625
0 0.003639058396220207 0.5654525756835938 0.007271359115839004 0.01727996826171875
0 0.7304690837860107 0.0508303451538086 0.010301017761230468 0.014590072631835939
