0 0.7604407787322998 0.026095056533813478 0.012452316284179688 0.0182655143737793
0 0.3942050218582153 0.46923164367675785 0.01245121955871582 0.01888519287109375
2 0.5950428962707519 0.5748301696777344 0.026485347747802732 0.03884658813476563
1 0.4481828689575195 0.3799070930480957 0.027702140808105468 0.1213857650756836
0 0.44375886917114254 0.23663215637207033 0.011281204223632813 0.018620605468750002
1 0.034200602769851686 0.22792320251464845 0.02463916540145874 0.12909690856933595
1 0.3694597721099854 0.11855758666992189 0.05534381866455078 0.060247802734375
0 0.5444718360900879 0.3511349487304688 0.012922477722167968 0.019181213378906253
0 0.9479637145996094 0.28467845916748047 0.011864471435546874 0.018375396728515625
1 0.9876348495483398 0.7231995391845704 0.023851776123046876 0.08652450561523438
1 0.027303773164749145 0.8436653137207032 0.04870668649673462 0.049212036132812505
1 0.17899422645568847 0.8487480163574219 0.05906510353088379 0.026045989990234376
0 0.3391665697097778 0.31274497985839844 0.01158599853515625 0.018460235595703128
0 0.41213204809286896 0.5385572139303482 0.008550995024875618 0.018242122719734653
