0 0.4191622734069824 0.5643006134033204 0.011612892150878906 0.017838134765625
2 0.5848185062408447 0.5536312866210937 0.022050857543945312 0.03700851440429688
1 0.7021132469177246 0.6050718688964845 0.01700248718261719 0.11888885498046876
2 0.6067131519317627 0.5468769836425782 0.02217130661010742 0.03744232177734375
2 0.5629817008972168 0.5702229309082032 0.023520278930664062 0.03809051513671875
0 0.4904578685760498 0.24469051361083985 0.010923957824707032 0.01686546325683594
0 0.21962990760803222 0.13026023864746095 0.012816333770751953 0.0181298828125
0 0.49306888580322267 0.266341667175293 0.01157846450805664 0.0172296142578125
0 0.04613796174526215 0.7188063049316407 0.012341862916946411 0.01896331787109375
0 0.7487707138061523 0.16731101989746094 0.01105184555053711 0.01710052490234375
0 0.2589142084121704 0.8748446655273439 0.007703208923339843 0.011790161132812501
1 0.9485273361206055 0.04452316284179688 0.015188980102539062 0.08581382751464844
0 0.929387092590332 0.4407539367675782 0.012677383422851561 0.01961181640625
