0 0.45401296615600584 0.7441297912597656 0.01255674362182617 0.01946624755859375
0 0.5046801567077637 0.32984443664550783 0.01185436248779297 0.018900299072265626
2 0.11664931774139405 0.5968559265136719 0.02233853340148926 0.03383697509765625
0 0.9075458526611327 0.9330580139160157 0.011850929260253907 0.01806243896484375
1 0.23561291694641112 0.021218719482421877 0.025554370880126954 0.042437438964843754
0 0.30582144260406496 0.7339778900146485 0.011796045303344726 0.017783660888671875
1 0.9851385116577148 0.29695068359375004 0.017469406127929688 0.0982354736328125
1 0.2927520344790802 0.800983275322065 0.040698132885101226 0.10693755894491119
0 0.41951847076416016 0.9915083312988282 0.011658096313476562 0.016300048828125
0 0.7488773345947266 0.4694912719726563 0.012636566162109375 0.018495941162109376
1 0.5844985961914062 0.32990669250488286 0.08225078582763672 0.039453887939453126
