2 0.7041351318359375 0.46572875976562506 0.023862075805664063 0.03798553466796875
0 0.14504140615463257 0.12287120819091797 0.01306157112121582 0.019758224487304688
1 0.18302030563354493 0.7451750183105469 0.037852144241333006 0.08220275878906251
2 0.6741557121276855 0.051016769409179694 0.020915412902832033 0.03140861511230469
0 0.942284107208252 0.7981175231933594 0.011873626708984375 0.0182080078125
0 0.40409440994262696 0.3651445007324219 0.011470222473144531 0.0176800537109375
1 0.6705924987792968 0.14037055969238282 0.023200798034667968 0.11664505004882814
0 0.24040112495422364 0.20511596679687502 0.011201429367065429 0.017497711181640625
0 0.039993852376937866 0.7378853607177734 0.012647032737731934 0.020148468017578126
0 0.2658024787902832 0.23980560302734377 0.010889959335327149 0.01672782897949219
0 0.9402547836303711 0.3162716293334961 0.011568260192871094 0.018015365600585937
0 0.604431438446045 0.8787117004394532 0.01201324462890625 0.020341491699218752
0 0.5353769302368164 0.03895866394042969 0.00994701385498047 0.015261154174804689
0 0.3405357122421265 0.6730152130126954 0.01259145736694336 0.01740142822265625
0 0.6391279220581054 0.5624997711181641 0.01208353042602539 0.0178033447265625
2 0.4565937042236328 0.5565882110595703 0.012248420715332031 0.019146575927734378
0 0.6803217887878418 0.4976614379882813 0.01123046875 0.0166363525390625
1 0.7557299613952637 0.5689247894287109 0.039523983001708986 0.05275665283203125
0 0.46897287368774415 0.9611213684082032 0.012357139587402343 0.018570861816406253
0 0.28712239265441897 0.5522721862792969 0.011032199859619141 0.0173016357421875
0 0.4260639653414882 0.7338175331294597 0.011149337410805297 0.017074413863404726
0 0.4738468399592252 0.8009683995922529 0.011786442405708482 0.017329255861365977
1 0.8383861940298506 0.37354892205638474 0.04534618573797668 0.024046434494195666
0 0.6446932006633498 0.9788557213930347 0.009846600331674912 0.01658374792703152
0 0.6752120758483035 0.01322355289421158 0.01060379241516974 0.018463073852295408
