2 0.20186920166015623 0.31116129557291666 0.023557472229003906 0.040091790093315975
0 0.3799429416656494 0.8687461005316841 0.012027263641357422 0.02165340847439236
2 0.5275654792785645 0.20400102403428821 0.02165699005126953 0.0378206041124132
0 0.2611688613891602 0.09330944485134549 0.011954069137573242 0.02056681315104167
0 0.6067255973815918 0.2534652709960938 0.012085533142089844 0.020509847005208335
0 0.1194717288017273 0.3040379842122396 0.01202077865600586 0.020203653971354166
0 0.13038976192474366 0.29037373860677085 0.011391687393188476 0.01704525417751736
0 0.11986498832702637 0.28292499118381076 0.011645293235778809 0.018456013997395833
0 0.637761926651001 0.16882769266764325 0.011482906341552735 0.017839135064019098
0 0.8809215545654296 0.4358373006184896 0.011362457275390625 0.019431559244791667
0 0.21832783222198485 0.1846165974934896 0.01394948959350586 0.023297288682725695
2 0.9387141227722168 0.7661034478081598 0.023862457275390624 0.040655517578125
