1 0.0866932988166809 0.19521541595458985 0.06753461360931397 0.10019950866699219
1 0.2087519884109497 0.8946270751953126 0.06163258552551269 0.102584228515625
1 0.8824396133422852 0.7531289672851563 0.06316986083984374 0.10153564453125001
0 0.39653477668762205 0.7714814758300782 0.01143198013305664 0.01731689453125
0 0.6680254459381103 0.5170188903808594 0.010324668884277344 0.017991027832031253
0 0.18504865169525148 0.6802713012695313 0.011557435989379883 0.017400512695312502
0 0.907203197479248 0.7536927795410157 0.013018035888671875 0.017304229736328128
0 0.07261157631874085 0.26130371093750004 0.011790144443511962 0.01838134765625
0 0.7247264385223389 0.9564604187011719 0.012625885009765624 0.017864837646484374
1 0.1458013803680982 0.5631390593047035 0.06742075664621676 0.030163599182004078
