1 0.7041676998138428 0.6994857788085938 0.038773727416992185 0.08682266235351563
2 0.1434298038482666 0.2530312728881836 0.023825645446777344 0.0358697509765625
2 0.8825956344604492 0.5497317504882813 0.023963546752929686 0.03698165893554688
0 0.34394116401672364 0.6473558044433594 0.012174463272094727 0.019612731933593752
1 0.4393115997314453 0.05368248939514161 0.023606300354003906 0.1049403190612793
2 0.12143599987030029 0.21509075164794922 0.026896047592163085 0.03809867858886719
2 0.006825824081897735 0.25583724975585936 0.01365164816379547 0.03923851013183594
0 0.32254467010498045 0.6121495056152344 0.011737585067749023 0.017152557373046877
2 0.01900195926427841 0.032112617492675785 0.024074211716651917 0.037007827758789066
2 0.010823773592710495 0.34501739501953127 0.02142782658338547 0.036813964843750005
2 0.10634874999523163 0.0628069305419922 0.019421297311782836 0.03161727905273438
2 0.0717675268650055 0.07487991333007812 0.021637046337127687 0.03819168090820313
1 0.7277101039886474 0.6074458312988281 0.039773082733154295 0.023550872802734376
2 0.03594444692134857 0.12235961914062501 0.022812235355377197 0.038445739746093756
2 0.060738788545131685 0.12280975341796876 0.026127746701240538 0.03943328857421875
2 0.0167493999004364 0.09841663360595704 0.021833163499832154 0.03342063903808594
2 0.005957753211259842 0.06864009857177734 0.011915506422519683 0.041496353149414064
0 0.8070269584655761 0.11107521057128907 0.009591102600097656 0.015259552001953126
2 0.13090872764587402 0.028871650695800784 0.01889188289642334 0.04774497985839844
2 0.051134186983108516 0.08320453643798828 0.022024238109588624 0.03456611633300782
2 0.03832384943962097 0.04957954406738282 0.018102145195007323 0.033946990966796875
2 0.005626930296421051 0.11518486022949219 0.011253860592842103 0.040118103027343754
