2 0.6816373825073242 0.8313443501790365 0.024360275268554686 0.04442206488715278
1 0.7187018871307373 0.8435027228461371 0.04972982406616211 0.11348266601562501
0 0.7570924758911133 0.5958780924479167 0.012696456909179686 0.021084255642361112
0 0.9828723907470703 0.9064430236816406 0.012325286865234375 0.01986880832248264
0 0.05409064292907715 0.24533233642578126 0.012295961380004883 0.019742499457465278
0 0.7259779453277588 0.929976569281684 0.012398910522460938 0.020777045355902777
0 0.018566158413887025 0.8478208753797744 0.011110800504684448 0.018699137369791667
0 0.5966967105865478 0.6066246032714844 0.012164115905761719 0.021052212185329863
1 0.8975740432739258 0.037300491333007814 0.02626953125 0.07460098266601563
0 0.4256156544785599 0.5358692025358691 0.009785958310147258 0.02002002002001996
0 0.9406351089477539 0.7436280144585504 0.012227630615234375 0.02006412082248264
0 0.5184521675109863 0.36221160888671877 0.010803413391113282 0.020757039388020836
2 0.46059727668762207 0.6176737467447917 0.010897254943847657 0.017912801106770834
0 0.11038382132132131 0.6755922589255923 0.009618993993993996 0.01835168501835169
0 0.43590465465465467 0.5273189856523189 0.010322822822822826 0.02043710377043708
0 0.4617117117117117 0.8111444778111444 0.009384384384384426 0.01835168501835169
