1 0.28991265296936036 0.30529651641845706 0.054129505157470705 0.1134093475341797
1 0.5326898574829102 0.42333831787109377 0.03521127700805664 0.10707550048828125
1 0.39789791107177735 0.14542320251464844 0.03937473297119141 0.1325390625
0 0.5469193458557129 0.20418418884277345 0.012538909912109375 0.01916717529296875
1 0.8334274530410767 0.4190557861328125 0.07153353691101075 0.08414184570312501
0 0.9204967498779296 0.38488044738769533 0.012412643432617188 0.018201141357421877
1 0.09485881924629211 0.7443559265136719 0.07171458005905151 0.03612335205078125
0 0.19583234786987305 0.742640838623047 0.011600017547607422 0.0178363037109375
0 0.3506481647491455 0.8213072204589844 0.012878084182739257 0.019589385986328128
0 0.14862947463989257 0.39276496887207035 0.012265253067016601 0.017896118164062502
0 0.6773005962371826 0.22734115600585938 0.010081958770751954 0.016337127685546876
0 0.25046343803405763 0.8571450805664063 0.012810373306274414 0.017919158935546877
0 0.14719746112823487 0.5822801971435547 0.010619926452636718 0.018204650878906253
0 0.6390193939208985 0.3614613342285157 0.012650489807128906 0.0184857177734375
0 0.9790531158447265 0.5082866668701173 0.010832405090332032 0.01797821044921875
0 0.13661623001098633 0.5823596191406251 0.011667919158935548 0.018089599609375
0 0.005228948593139648 0.24073791503906253 0.010411649942398071 0.019899444580078127
0 0.64769287109375 0.3557927703857422 0.011101341247558594 0.020647125244140627
