1 0.21336305141448975 0.6648339165581597 0.022670555114746093 0.130816650390625
1 0.4280789852142334 0.23982302347819012 0.04118432998657227 0.12795461018880208
2 0.7988451004028321 0.6536492241753472 0.023653411865234376 0.04676038953993056
0 0.05463695675134659 0.1279268052842882 0.01114961802959442 0.020342169867621527
0 0.16938931941986085 0.22712525261773003 0.012517786026000977 0.020530361599392363
0 0.9143000602722168 0.42928009033203124 0.012249565124511719 0.019774373372395834
0 0.3693970203399658 0.3252443101671007 0.012229347229003906 0.02000732421875
0 0.7929900646209717 0.04671991136338976 0.011607646942138672 0.019075944688585072
0 0.6691381454467773 0.7494523790147569 0.012715530395507811 0.021995035807291667
0 0.7855646133422851 0.061458926730685766 0.011332893371582031 0.018353441026475695
0 0.0764213502407074 0.7692470974392361 0.01208111047744751 0.019984944661458334
0 0.9274419784545899 0.7162019517686632 0.014023590087890624 0.023622300889756944
0 0.8556051254272461 0.23939501444498698 0.009666824340820312 0.015553792317708334
0 0.495125186540247 0.274476403337184 0.03515613098454669 0.08858106866438537
1 0.13192410469055177 0.7774920993381077 0.02975015640258789 0.11927252875434029
0 0.9165446281433105 0.7363169352213542 0.014830780029296874 0.021142578125000002
0 0.4620034217834473 0.042118411593967016 0.012464332580566406 0.018189239501953124
