1 0.45195322036743163 0.693827141655816 0.057690429687499996 0.07708740234375
1 0.020211221277713777 0.6344395955403646 0.040257576107978824 0.06644219292534723
2 0.2947497844696045 0.09611337449815538 0.02527179718017578 0.03974634806315104
0 0.4333937644958496 0.973583984375 0.013151168823242188 0.021486579047309027
0 0.1065973401069641 0.048194970024956596 0.01108546257019043 0.017999267578125002
0 0.14319324493408203 0.9853233337402344 0.011684465408325195 0.019584825303819445
0 0.8150089378471489 0.8998098312953253 0.011646270751953125 0.018610297309027777
0 0.8974812507629394 0.028936555650499133 0.009340476989746094 0.018585120307074654
0 0.47711734771728515 0.4889694213867188 0.012505054473876953 0.020543755425347223
0 0.9047064781188965 0.02763248019748264 0.008922767639160157 0.016754150390625
0 0.1959463596343994 0.8401761372884115 0.010400676727294922 0.01726260715060764
0 0.14512913227081298 0.7937466091579861 0.01165444850921631 0.019660441080729167
0 0.8135686874389648 0.9178757561577692 0.010364913940429687 0.018658955891927086
0 0.8234797297297297 0.9293877210543877 0.010792042042042028 0.01876876876876881
0 0.08729064542483662 0.49064996368917935 0.01123366013071895 0.020878721859113974
