1 0.5544799327850342 0.42397346496582033 0.043927669525146484 0.12999404907226564
0 0.052186685800552364 0.6480313873291016 0.011895179748535156 0.0187359619140625
0 0.551970100402832 0.22401527404785157 0.010379219055175781 0.016757049560546876
0 0.415252685546875 0.8263676452636719 0.010976314544677734 0.01732879638671875
0 0.8420825958251953 0.5454722595214844 0.011443710327148438 0.016377258300781253
0 0.28807594776153567 0.6950294494628907 0.01253666877746582 0.019620361328125002
0 0.05999886989593506 0.7572634887695313 0.010858523845672607 0.01583740234375
0 0.7589268684387207 0.0528286361694336 0.011627960205078124 0.016417236328125
0 0.7726227283477783 0.03046409606933594 0.011373805999755859 0.017209930419921877
0 0.5811979293823242 0.22247798919677736 0.010702133178710938 0.017705535888671877
0 0.11471843719482422 0.5206006622314453 0.01072235107421875 0.0158489990234375
0 0.7696090698242187 0.04858894348144532 0.010527801513671876 0.016598968505859377
0 0.11852641105651855 0.5032060241699219 0.010398435592651366 0.0161993408203125
0 0.6285532951354981 0.7253378295898438 0.011069869995117188 0.0172418212890625
0 0.7572694778442383 0.03531539916992188 0.012571525573730468 0.018125152587890627
0 0.9785200119018554 0.2351555633544922 0.012807846069335938 0.019013061523437503
0 0.5752616508688784 0.23716429699842026 0.009133096366508654 0.017772511848341235
