1 0.07028608918190002 0.07270759582519531 0.0800345778465271 0.04211257934570313
0 0.8610631942749023 0.3113377380371094 0.011495590209960938 0.01798187255859375
0 0.12443830911540096 0.6060102740891902 0.012992571676236523 0.015071085287755182
0 0.7655965328216553 0.34549873352050786 0.011072921752929687 0.0188067626953125
0 0.11841263771057128 0.6359292602539063 0.011783885955810546 0.018231506347656252
0 0.10901994705200195 0.6319188690185548 0.010307788848876953 0.016509246826171876
0 0.7030301094055176 0.19272743225097658 0.010375404357910156 0.016084594726562502
0 0.7895172595977783 0.3110462951660156 0.009728813171386718 0.01460968017578125
0 0.5502873420715332 0.8850048828125 0.01277322769165039 0.0182745361328125
0 0.1171356241699867 0.6210159362549801 0.008507636122177952 0.012948207171314816
