0 0.6421987533569335 0.9109947204589844 0.012315177917480468 0.020420667860243057
2 0.3035604476928711 0.38196258544921874 0.02526569366455078 0.03803812662760417
0 0.06695436239242554 0.5147962782118056 0.011069583892822265 0.019127739800347224
0 0.9034988403320312 0.4953008015950521 0.011733627319335938 0.019761657714843752
2 0.16529651880264282 0.5149529351128472 0.023656368255615234 0.04112192789713542
0 0.8550580978393555 0.24169031778971356 0.011934661865234375 0.022106424967447916
0 0.32710654735565187 0.6402560763888889 0.011690235137939453 0.02000342475043403
0 0.9198616027832031 0.7050582885742188 0.01371002197265625 0.021458943684895836
2 0.153191077709198 0.5518898010253906 0.0238539457321167 0.0408721923828125
0 0.989528465270996 0.9167183770073785 0.012466621398925782 0.021077813042534723
0 0.29212636947631837 0.9730438232421875 0.010340452194213867 0.016591389973958336
0 0.6787517547607422 0.7037239074707031 0.011687278747558594 0.019059922960069444
0 0.9862358093261718 0.8516704983181423 0.01189422607421875 0.020122951931423612
0 0.747185754776001 0.29794400533040366 0.012366104125976562 0.01995730929904514
0 0.9198432922363281 0.5959538777669271 0.011753463745117187 0.0188873291015625
0 0.05324459671974182 0.3109295315212674 0.011104297637939454 0.02154269748263889
0 0.9096582412719726 0.6052102830674914 0.011219215393066407 0.01916622585720486
0 0.4056383967399597 0.9753801133897569 0.012929558753967285 0.017442152235243057
0 0.7013994216918945 0.09469884236653646 0.010862350463867188 0.018672010633680555
0 0.5254041671752929 0.7981136745876737 0.012508201599121093 0.020335896809895834
0 0.37959871292114256 0.20752627054850262 0.01394815444946289 0.018631574842664932
0 0.044735664129257204 0.3042128668891059 0.010918152332305909 0.020427449544270834
0 0.7506510416666666 0.3181874169243707 0.007552083333333333 0.01640294392903646
0 0.2509765625 0.45118220899470896 0.009533110119047597 0.01529431216931214
