0 0.622313117980957 0.3475228881835938 0.012725830078125 0.019609069824218752
2 0.8893535614013671 0.7983596801757813 0.024093246459960936 0.037942504882812506
0 0.6042107582092285 0.25087982177734375 0.010704994201660156 0.016346588134765624
0 0.5942863941192627 0.930396728515625 0.01271991729736328 0.020522613525390625
1 0.39391403198242186 0.5201023101806641 0.036834335327148436 0.08627395629882813
0 0.634299373626709 0.1230318832397461 0.012576103210449219 0.02046989440917969
0 0.5939953804016114 0.9059211730957032 0.011907196044921875 0.019768371582031253
2 0.5941160202026368 0.8318418884277344 0.021144771575927736 0.028652648925781253
2 0.6030193328857422 0.868831787109375 0.025279998779296875 0.03736602783203125
0 0.8491863250732422 0.22835395812988282 0.011521530151367188 0.01788726806640625
0 0.2040058672428131 0.5545272064208985 0.008374297618865966 0.012519683837890625
