2 0.8480650901794433 0.18118294609917535 0.02592792510986328 0.040806155734592016
2 0.7867062091827393 0.5311609903971355 0.02429790496826172 0.04043036566840278
2 0.4770473480224609 0.6599205864800347 0.02544155120849609 0.037224663628472224
0 0.676822566986084 0.8394327799479167 0.011413002014160156 0.019456651475694444
2 0.4765353202819824 0.698838636610243 0.021675491333007814 0.03847520616319445
0 0.6183055877685547 0.6707376268174914 0.012412929534912109 0.017018975151909723
0 0.9911640167236327 0.38240949842664934 0.011138153076171876 0.017552693684895836
0 0.2346278190612793 0.15004425048828127 0.01191086769104004 0.021173858642578126
0 0.24521548748016356 0.14670872158474393 0.011467552185058594 0.021433427598741322
0 0.6236119621884451 0.6570419912855027 0.010370492700285656 0.020524413149366993
