1 0.35584731101989747 0.8661719428168403 0.08137526512145996 0.03901740180121528
1 0.15472979545593263 0.13403455946180556 0.06775259971618652 0.046570841471354166
0 0.5963554382324219 0.3132491641574436 0.011772251129150391 0.02102415296766493
2 0.5409765243530273 0.27867380777994794 0.024473953247070312 0.04206797281901042
0 0.9900362014770507 0.9139108190640587 0.012009239196777344 0.019105021158854166
0 0.5037539005279541 0.4534852769639757 0.011037445068359375 0.020167711046006946
0 0.6547228336334229 0.2265850067138672 0.010003376007080077 0.01748725043402778
0 0.06582598686218262 0.9731252034505209 0.009916400909423828 0.014931911892361111
0 0.3670109767818925 0.3696414703599696 0.010173734661753819 0.018903357156275898
0 0.3754664179104477 0.38345310484613976 0.009846600331674971 0.019808365579509855
0 0.3245491293532338 0.2747374239911554 0.009587479270315077 0.01796572692095082
0 0.3158685737976782 0.2763497328173946 0.008291873963515724 0.014741109268472451
0 0.986815619967794 0.8945249597423511 0.012580515297906677 0.0196815172660583
