1 0.9546701431274414 0.16840793609619142 0.07039871215820312 0.056640090942382815
0 0.9557066917419433 0.23455497741699222 0.013350868225097656 0.020372009277343752
1 0.6747650623321533 0.7855633544921875 0.052471160888671875 0.11509353637695313
0 0.5210623264312744 0.23593589782714847 0.013140869140624999 0.019625091552734376
0 0.5870480537414551 0.7070191192626953 0.012662696838378906 0.01955078125
0 0.9956128120422363 0.7940280151367188 0.008613967895507812 0.018208618164062502
0 0.5220879554748535 0.08346000671386719 0.011147880554199218 0.016896667480468752
0 0.9335210800170898 0.8528396606445313 0.011559486389160156 0.016183471679687502
0 0.9963180541992187 0.8150769805908203 0.0073638916015624995 0.01909149169921875
0 0.7564664840698242 0.6060000610351562 0.010642242431640626 0.0169927978515625
0 0.5283394607843137 0.099468954248366 0.011488970588235326 0.018382352941176464
