1 0.3900156497955322 0.8621520233154297 0.07470836639404296 0.07891845703125
2 0.048202994465827945 0.9744625854492188 0.02271363139152527 0.03284423828125
2 0.7423023223876953 0.24613250732421876 0.02370624542236328 0.038675231933593755
0 0.2782193422317505 0.8535795593261719 0.01251239776611328 0.018546295166015626
0 0.09702768325805664 0.22742355346679688 0.011611390113830566 0.017877120971679688
2 0.8948741912841797 0.19859851837158204 0.025113677978515624 0.03913009643554688
2 0.9195077896118163 0.18544837951660156 0.02383766174316406 0.0369549560546875
1 0.9867812156677246 0.2700445556640625 0.02243633270263672 0.1380406188964844
0 0.6036624431610107 0.2967876052856446 0.011644744873046875 0.017458419799804687
2 0.6472233295440674 0.3251708984375 0.025278091430664062 0.04020477294921875
0 0.19268970489501952 0.1592894744873047 0.01238408088684082 0.0187567138671875
0 0.5953015327453614 0.31110137939453125 0.0107391357421875 0.016746673583984375
0 0.061005342006683345 0.7138679504394532 0.010926127433776855 0.017191162109375
0 0.025413757562637328 0.017671394348144534 0.012710732221603393 0.01971336364746094
0 0.546718978881836 0.21857795715332032 0.011355972290039063 0.018418960571289063
0 0.2755974292755127 0.8759075927734375 0.013361358642578125 0.020779113769531253
2 0.9327585220336914 0.16166057586669924 0.014582443237304687 0.023800430297851564
0 0.4764367670075506 0.20958024245042067 0.01133586769430046 0.013531822791466322
0 0.20097383856773376 0.4036036682128907 0.011315262317657471 0.016075897216796874
0 0.47859909188034183 0.22248931623931623 0.011017628205128223 0.013354700854700877
