1 0.43941106796264645 0.733681148952908 0.03205318450927734 0.13957638210720485
2 0.318781304359436 0.16484281751844618 0.02403120994567871 0.043669806586371526
0 0.5055765151977539 0.09050521850585938 0.012703514099121094 0.0205810546875
0 0.4963937759399414 0.06861487494574653 0.012322998046875 0.020509507921006944
0 0.7528549194335937 0.24944924248589412 0.012634849548339844 0.0192413330078125
0 0.8439252853393554 0.09541185167100695 0.012192535400390624 0.021138170030381945
0 0.5440624237060547 0.7822587754991319 0.011691093444824219 0.01961432562934028
0 0.6590512752532959 0.4249810960557726 0.013390445709228515 0.02187279595269097
0 0.3401050567626953 0.7175552368164063 0.011510562896728516 0.019099595811631946
0 0.5526187896728516 0.3288435194227431 0.011613082885742188 0.019998677571614585
0 0.9287670135498046 0.6193705240885417 0.011529159545898438 0.02027774386935764
0 0.15587339401245118 0.5725277370876737 0.011920499801635741 0.019761827256944444
0 0.8397063524295123 0.4024294643999844 0.01204362526918068 0.019971911655871637
0 0.6412160873413086 0.13631066216362847 0.011170768737792968 0.02006344265407986
0 0.02229716181755066 0.15111753675672743 0.01234421730041504 0.021608649359809027
0 0.14906445741653443 0.6233340793185764 0.01308584213256836 0.022042168511284724
0 0.39025886058807374 0.08270280626085069 0.011518049240112304 0.018459404839409724
0 0.9335546493530273 0.14155137803819445 0.012638473510742187 0.0209381103515625
0 0.6413414955139161 0.448365953233507 0.012606620788574219 0.019640096028645835
0 0.6296989440917968 0.1393286810980903 0.012859630584716796 0.022461446126302083
0 0.5079267024993896 0.07144271002875434 0.013109779357910157 0.022990332709418405
0 0.3864888668060303 0.6532073974609375 0.011442804336547851 0.018165079752604167
0 0.7684713363647461 0.1239869859483507 0.011749458312988282 0.02131466335720486
0 0.32861852645874023 0.9194324069552952 0.012276554107666015 0.019730970594618057
0 0.15066993236541748 0.10683542887369792 0.012558293342590331 0.020313602023654516
0 0.13570544719696045 0.015907880995008682 0.01068410873413086 0.019068230523003472
0 0.3791398048400879 0.09747882419162326 0.011657905578613282 0.020087178548177084
0 0.3945023536682129 0.9110643174913194 0.010760307312011719 0.019511583116319446
0 0.1793911337852478 0.8456818474663629 0.014716267585754395 0.024341328938802084
0 0.8495555877685547 0.18149036831325954 0.012636184692382812 0.021180046929253474
0 0.31314797401428224 0.5375864664713542 0.012247562408447266 0.019811333550347223
0 0.1470942497253418 0.02023082309299045 0.012150049209594727 0.02052027384440104
0 0.9940850257873535 0.4346643235948351 0.011554336547851563 0.02284054226345486
0 0.383699369430542 0.9077155219184028 0.009969758987426757 0.01825748019748264
0 0.42638115882873534 0.36877738104926217 0.011347579956054687 0.02039642333984375
0 0.32257747650146484 0.6966052585177952 0.010837554931640625 0.01788058810763889
0 0.15998281240463258 0.5382147894965278 0.012424874305725097 0.01949428982204861
0 0.18585777282714844 0.12703899807400174 0.010097217559814454 0.01814303927951389
0 0.6319444444444444 0.12191358024691358 0.010030864197530794 0.01748971193415639
0 0.17660108024691357 0.12054183813443071 0.009452160493827163 0.016803840877914943
0 0.25 0.19427297668038407 0.010030864197530883 0.017489711934156375
0 0.15788966049382716 0.2974965706447188 0.01022376543209876 0.016803840877914904
0 0.15046296296296294 0.3096707818930041 0.010416666666666666 0.01989026063100136
0 0.08671465968586387 0.009404692650765992 0.0106348167539267 0.01599767306573589
0 0.0642221102150538 0.45530913978494625 0.00966061827956989 0.017547789725209068
0 0.8515499799679487 0.411636396011396 0.011894030448718004 0.014467592592592593
