2 0.6409111499786377 0.6040924072265625 0.024227237701416014 0.04429083930121528
2 0.6585411071777344 0.5413469950358073 0.025100898742675782 0.0401580810546875
1 0.7439977645874023 0.4756500244140625 0.03542938232421875 0.10713365342881945
0 0.7701828479766846 0.5519166734483507 0.012619686126708983 0.019993082682291666
0 0.5088655471801757 0.923343234592014 0.011429405212402344 0.019777086046006944
0 0.08815202713012696 0.7023220486111111 0.010815787315368652 0.01969790988498264
2 0.5858638763427735 0.0505889892578125 0.011706924438476563 0.020615132649739583
0 0.3827310562133789 0.5667141384548612 0.012556838989257812 0.02069023980034722
2 0.6177729606628418 0.592378913031684 0.01973133087158203 0.03329874674479167
0 0.3243371212121212 0.40460157126823787 0.009785353535353576 0.020202020202020197
0 0.43134469696969685 0.3843995510662177 0.012310606060606055 0.01907968574635243
0 0.5025252525252525 0.6523569023569024 0.011363636363636331 0.0173961840628507
