0 0.8388101577758789 0.9222883605957032 0.013339233398437499 0.020020446777343753
0 0.3074380874633789 0.4897796630859375 0.012578392028808593 0.018819274902343752
0 0.9851078987121582 0.8115820312500001 0.012728309631347657 0.0191064453125
0 0.894859790802002 0.7094701385498048 0.010924911499023438 0.016115875244140626
1 0.2830026388168335 0.5667201232910156 0.07356305122375488 0.056842651367187504
1 0.8297233581542969 0.04022307395935059 0.06722583770751953 0.07188905715942383
1 0.316206169128418 0.28354270935058595 0.06808614730834961 0.032727508544921874
0 0.04051933586597443 0.4424105834960938 0.011870884895324707 0.01821929931640625
1 0.37445721626281736 0.45359443664550786 0.05573158264160156 0.032001190185546875
0 0.955194091796875 0.98915771484375 0.010616302490234375 0.015825195312500002
2 0.7011794567108154 0.36107666015625 0.025419139862060545 0.03343902587890625
0 0.3579545497894287 0.35099746704101564 0.011811017990112305 0.0183544921875
0 0.6386481285095215 0.7012193298339844 0.012611961364746094 0.01914093017578125
0 0.4977729797363281 0.9556683349609376 0.011842060089111327 0.017045898437500002
2 0.7036458015441894 0.3914529418945313 0.024440765380859375 0.029793090820312503
0 0.3360733509063721 0.008433399200439454 0.011232280731201172 0.01686679840087891
0 0.6686231136322022 0.9075456237792969 0.011215114593505859 0.015946655273437502
0 0.3469830513000488 0.35389007568359376 0.011551284790039062 0.019837341308593753
1 0.8213184356689452 0.9779770660400391 0.019937705993652344 0.04184646606445313
0 0.38751826286315916 0.7964084625244141 0.010555171966552734 0.014781341552734376
0 0.3402241230010986 0.32002952575683596 0.012280082702636719 0.018227615356445313
0 0.6762337684631348 0.8937538909912109 0.011203193664550781 0.016967010498046876
0 0.3818649768829346 0.8139729309082032 0.010552406311035156 0.0158221435546875
0 0.8438909530639648 0.7654349517822266 0.009980392456054688 0.014165496826171875
0 0.8441658020019531 0.7435397338867188 0.012500381469726563 0.018744964599609375
0 0.8365030288696289 0.756683578491211 0.009684371948242187 0.0138446044921875
