1 0.2204345703125 0.7365114847819011 0.041268539428710935 0.08433414035373264
2 0.7593477725982666 0.7699694315592448 0.023684024810791016 0.04635959201388889
2 0.28991079330444336 0.12126558091905383 0.023215389251708983 0.04899732801649306
0 0.6724252700805664 0.17227969699435763 0.011306190490722656 0.02000274658203125
0 0.9686223030090332 0.7504443698459202 0.012042236328125 0.022495863172743057
0 0.20516564846038818 0.28029785156250003 0.0107452392578125 0.01961246066623264
0 0.6358200073242187 0.5173274570041233 0.010711288452148438 0.01729193793402778
0 0.35659213066101075 0.9133541531032986 0.010921573638916016 0.019603983561197916
0 0.4108046531677246 0.3447550455729167 0.01025218963623047 0.01787177191840278
0 0.36591310501098634 0.7462792290581598 0.012472438812255859 0.021242607964409722
0 0.7654698371887207 0.3082871331108941 0.012987899780273437 0.015680948893229168
0 0.6334561824798584 0.11356493631998699 0.007370853424072265 0.01202824910481771
0 0.7661081790924072 0.32602689531114365 0.010121345520019531 0.01738421122233073
0 0.9669214248657226 0.15592901441786025 0.0093109130859375 0.01575164794921875
0 0.9910835266113281 0.3922588772243924 0.010992050170898438 0.017723253038194445
0 0.3722728729248047 0.9300403171115452 0.012034416198730469 0.020496622721354166
0 0.36218116701607267 0.8991963661774982 0.010045422781271835 0.019605559437844516
0 0.37151685883997204 0.9123961487693144 0.009499475890985327 0.01455858374097366
0 0.36321846610761704 0.9256929885860703 0.009936233403214523 0.019023216088205615
