2 0.8564208984375 0.5967715454101563 0.022262954711914064 0.037044067382812504
2 0.5922590732574463 0.7396652221679688 0.024160289764404298 0.04122161865234375
2 0.0632759690284729 0.7749520874023438 0.023121023178100587 0.033960266113281255
2 0.8595754623413085 0.8519465637207032 0.025641632080078126 0.0367022705078125
2 0.0711256742477417 0.8088903045654298 0.024931168556213378 0.03698486328125
2 0.8307858467102051 0.896061019897461 0.022862625122070313 0.03970993041992188
2 0.2193761348724365 0.2751843643188477 0.024309444427490234 0.038768005371093754
2 0.8863548278808594 0.8661563110351563 0.023152923583984374 0.0343060302734375
2 0.21432900428771973 0.20157844543457032 0.023142051696777344 0.033230438232421874
2 0.21372532844543457 0.23807052612304688 0.02534656524658203 0.03486831665039063
0 0.5831235885620117 0.05482017517089844 0.008506584167480468 0.013043060302734376
2 0.8733384132385253 0.9002424621582031 0.024609947204589845 0.036922302246093754
2 0.8512802124023438 0.8891981506347657 0.019866561889648436 0.03392852783203125
1 0.8932951664102489 0.8345922500785741 0.06233062744140625 0.06276367187500019
0 0.3205818965517242 0.2780172413793104 0.010775862068965539 0.018678160919540214
0 0.8946210488505748 0.5614224137931035 0.00942887931034484 0.015086206896551744
0 0.9083153735632185 0.726293103448276 0.009877873563218387 0.014367816091953974
0 0.9154992816091955 0.7090517241379312 0.011673850574712692 0.01580459770114942
