1 0.15932226181030273 0.7615620930989584 0.06415510177612305 0.05116034613715278
2 0.4422027587890625 0.04246707492404514 0.024876213073730467 0.044354417588975695
2 0.09724674820899963 0.09260940551757812 0.021354091167449952 0.04952375623914931
1 0.5147104263305664 0.2154761420355903 0.04768924713134766 0.06509280734592014
2 0.20473530292510986 0.3362212287055122 0.019447708129882814 0.0323944091796875
2 0.27057590484619143 0.32792977227105036 0.024472999572753906 0.04463823106553819
0 0.8255596160888672 0.6089820014105903 0.013201904296874999 0.021931627061631945
0 0.25946335565476186 0.3540426587301587 0.010695684523809548 0.021081349206349177
0 0.17947823660714285 0.43361441798941797 0.010695684523809548 0.020667989417989405
0 0.4136852179034158 0.6928085329145399 0.00920200235571258 0.016686297605025508
0 0.8809628975265018 0.9871090171443526 0.010674322732626607 0.017013479911006428
