1 0.7054957389831543 0.41948646545410156 0.06857490539550781 0.09183319091796875
1 0.2859438419342041 0.7122224426269532 0.05855216979980469 0.0923590087890625
2 0.24689691066741942 0.3148003387451172 0.02312045097351074 0.036487426757812504
1 0.6467108726501465 0.6074125671386719 0.02337493896484375 0.1255877685546875
1 0.1702938199043274 0.24740768432617188 0.07529489994049073 0.06993316650390625
1 0.4164253234863281 0.7994573211669922 0.05782251358032226 0.10919158935546876
2 0.9531392097473145 0.17311134338378908 0.02364177703857422 0.03637351989746094
1 0.34682087898254393 0.7596463012695313 0.07441539764404297 0.035524902343750005
0 0.9702066421508789 0.7471401977539063 0.011681365966796874 0.019226226806640625
0 0.48834762573242185 0.9058773803710938 0.012089729309082031 0.01770050048828125
2 0.9792529106140136 0.17614891052246096 0.024868011474609375 0.030684661865234376
1 0.7575080871582032 0.9466038513183594 0.017743682861328124 0.10679229736328126
