1 0.3954646348953247 0.7736198425292969 0.030451917648315428 0.11128234863281251
1 0.463033390045166 0.4171275329589844 0.024143791198730467 0.118511962890625
1 0.20754871368408204 0.06044418334960938 0.06511898040771484 0.07748519897460938
2 0.6485802173614502 0.7171609497070313 0.022839736938476563 0.0403515625
2 0.2999624013900757 0.4656330871582032 0.02176504135131836 0.0321856689453125
2 0.0854487657546997 0.681189193725586 0.023551011085510255 0.04391143798828125
2 0.6866969108581543 0.5951509857177735 0.021958255767822267 0.032802429199218754
0 0.47878136634826657 0.8141344451904298 0.011252498626708985 0.016740112304687502
0 0.6678012847900391 0.8520488739013672 0.012552261352539062 0.020222778320312502
0 0.5610859870910645 0.5761579895019532 0.010955905914306641 0.01571624755859375
0 0.02537253424525261 0.5625935363769532 0.013206781446933746 0.018529663085937502
0 0.4037698412698412 0.30079365079365084 0.012896825396825426 0.01904761904761903
