1 0.5883345603942871 0.31465259128146705 0.029899406433105468 0.09437781439887154
0 0.7177367687225342 0.39417046440972225 0.011971664428710938 0.02031775580512153
2 0.5479540824890137 0.7654086642795139 0.023818778991699218 0.042059326171875
0 0.40421271324157715 0.19554358588324652 0.011605453491210938 0.020826890733506947
0 0.8602746963500977 0.9639769660101997 0.013302993774414061 0.021488274468315974
2 0.16633496284484864 0.798577880859375 0.028569698333740234 0.04724324544270834
0 0.6819494247436524 0.7846893310546875 0.01255970001220703 0.02125278049045139
0 0.2861572980880737 0.9310950385199653 0.012104320526123046 0.01982811821831597
0 0.5796061515808105 0.7422627766927083 0.012881851196289063 0.02427978515625
0 0.6960888862609863 0.2723965538872613 0.011569023132324219 0.018640984429253472
0 0.004382423684000969 0.8702129787868924 0.00847252383828163 0.018394978841145833
0 0.7072606086730957 0.2595352596706814 0.010242080688476563 0.018976253933376735
0 0.36587489218765323 0.1831888245947567 0.009521877194520259 0.016338400193202634
0 0.07172187566757202 0.043636661105685766 0.009681177139282227 0.021573554144965278
0 0.060878419876098634 0.04916288587782118 0.010725092887878419 0.019323560926649306
0 0.39234774112701415 0.17581647237141929 0.010721302032470703 0.015816752115885416
0 0.3839353975535168 0.16813908709933176 0.010671508664627894 0.015856835428700894
0 0.38369648318042815 0.18682750028315775 0.010193679918450549 0.01868841318382603
