1 0.7152907371520996 0.8013578033447266 0.09015693664550781 0.0640380859375
0 0.19127368927001953 0.9460649871826172 0.013010907173156738 0.019216156005859377
1 0.287874698638916 0.5128279113769532 0.039239120483398435 0.10185821533203125
1 0.3552919864654541 0.722022705078125 0.07662110328674317 0.06682830810546875
0 0.4349362373352051 0.6124163818359375 0.01166229248046875 0.018292541503906252
1 0.512306022644043 0.837179412841797 0.06358089447021484 0.044573669433593754
0 0.9928953170776367 0.7226391601562501 0.011997222900390625 0.018235321044921877
0 0.8760984420776367 0.8527230834960938 0.011448287963867187 0.01729583740234375
1 0.729450273513794 0.038822784423828124 0.016275787353515626 0.07764556884765625
0 0.15688138008117675 0.56083740234375 0.012095928192138672 0.0198504638671875
0 0.2754124720357942 0.24972035794183448 0.011185682326621916 0.017337807606263977
