1 0.8102970123291016 0.4192535400390625 0.02196159362792969 0.12370368109809028
0 0.1177635669708252 0.511944580078125 0.01281290054321289 0.02126193576388889
2 0.3097204685211182 0.11496641370985243 0.024842071533203124 0.045321485731336805
0 0.046353256702423094 0.2700922648111979 0.013219380378723144 0.021854146321614584
0 0.4835992336273193 0.4628345065646702 0.011229324340820312 0.018070814344618057
0 0.2085033416748047 0.01699345906575521 0.011275959014892579 0.018486870659722224
0 0.3288898944854736 0.7055548773871528 0.012531852722167969 0.021707831488715277
0 0.5150851249694824 0.39970838758680555 0.010443496704101562 0.018235948350694444
0 0.16903326511383057 0.8703799777560765 0.011758756637573243 0.021316189236111113
0 0.6178184509277344 0.30438147650824654 0.011699676513671875 0.02069549560546875
0 0.09029109477996826 0.11527328491210938 0.01187136173248291 0.02011082967122396
0 0.23338656425476073 0.7697014702690973 0.01193065643310547 0.020405409071180557
0 0.10851403474807739 0.3392042371961806 0.011784195899963379 0.0171173095703125
0 0.5262326717376709 0.5290189954969619 0.012300491333007812 0.02102457682291667
0 0.018342655897140504 0.8305643717447917 0.011921447515487672 0.01960110134548611
0 0.42760295867919923 0.41236470540364584 0.012611293792724609 0.021650865342881947
0 0.3579080820083618 0.7434546576605903 0.011540508270263672 0.018815782335069444
0 0.17037858963012695 0.3379570007324219 0.012105369567871093 0.01934746636284722
0 0.1693903923034668 0.3157597859700521 0.012215518951416015 0.021073744032118057
0 0.25312812328338624 0.9265332539876302 0.011067867279052734 0.018717278374565972
0 0.35611209869384763 0.8131647745768229 0.011446952819824219 0.02019415961371528
0 0.4958831787109375 0.5478263007269966 0.011971473693847656 0.020994398328993056
0 0.9609192848205567 0.16232130262586805 0.0114227294921875 0.022965918646918403
0 0.5248414993286132 0.3111828274197049 0.013739585876464844 0.020504421657986112
0 0.48674659729003905 0.7952341715494792 0.009779739379882812 0.015315755208333334
0 0.48589515686035156 0.5529442681206598 0.010695266723632812 0.018474324544270834
0 0.437685489654541 0.48555586073133683 0.012955856323242186 0.018869018554687502
0 0.28715875148773196 0.5493484497070312 0.012849712371826172 0.022537061903211808
0 0.11282343987823443 0.3236512768476239 0.011653348554033474 0.01987146964315914
0 0.6269977168949772 0.18877896161001187 0.011177701674276955 0.019025875190258765
0 0.19387755102040813 0.7670068027210883 0.009353741496598615 0.016250944822373384
0 0.09640731292517006 0.9438775510204082 0.00999149659863945 0.016250944822373384
0 0.26137329931972786 0.9414210128495842 0.012967687074829913 0.018896447467876165
