0 0.2103621244430542 0.15817972819010417 0.011880207061767577 0.019547865125868057
0 0.04384324550628662 0.6872217814127605 0.01191672682762146 0.019709269205729168
2 0.13690683841705323 0.4502051459418403 0.02197999954223633 0.03655022515190973
0 0.27910289764404295 0.7103408813476563 0.012059593200683593 0.020158216688368057
0 0.7206809043884277 0.6722347683376736 0.012259674072265626 0.021462843153211807
0 0.2934106826782227 0.04747848510742188 0.011520099639892579 0.019901021321614584
0 0.9946563720703124 0.043816799587673615 0.010291290283203126 0.020762803819444446
0 0.9542899131774902 0.9065577189127605 0.010602569580078125 0.017257520887586805
0 0.5050379753112793 0.13229543897840712 0.010701179504394531 0.017907714843750002
0 0.9235742568969726 0.7753668891059028 0.011208915710449218 0.019504123263888888
0 0.7426587104797363 0.40789354112413195 0.01482095718383789 0.020485772026909724
0 0.3208009243011475 0.49842410617404515 0.01242828369140625 0.02043728298611111
0 0.583339786529541 0.12031084696451823 0.010260963439941406 0.016850195990668403
0 0.6723881244659424 0.7654461330837674 0.012431907653808593 0.020815700954861113
0 0.5705971659919027 0.4776953066426751 0.011808367071524965 0.02061778377567849
