2 0.43428592681884765 0.5128248426649306 0.022612762451171876 0.04891764322916667
2 0.8215124130249023 0.44760657416449656 0.022971534729003908 0.03868340386284722
2 0.666195011138916 0.5813751220703125 0.021648502349853514 0.03873087565104167
1 0.4503902435302734 0.7646792941623264 0.05205268859863281 0.09768439398871528
0 0.014993205666542053 0.802984110514323 0.012118807435035706 0.0209930419921875
0 0.24350185394287108 0.6150189717610677 0.011966991424560546 0.02041236029730903
1 0.4718449115753174 0.8504005432128906 0.017234992980957032 0.11273617214626737
0 0.4036332607269287 0.7339879353841147 0.012793636322021485 0.019520738389756945
0 0.8273727416992187 0.15909165276421441 0.012320709228515626 0.021687995062934028
0 0.4079050064086914 0.7579917907714844 0.01199188232421875 0.022114223904079862
0 0.16510021686553955 0.9570274353027344 0.013373374938964844 0.020535447862413195
0 0.9561292648315429 0.13595233493381076 0.011157989501953125 0.016934373643663195
0 0.8957018852233887 0.48878089057074653 0.013013648986816406 0.022954644097222223
0 0.2453859806060791 0.2132382286919488 0.012428617477416993 0.02262005276150174
0 0.9827093124389649 0.20096952650282118 0.014545822143554687 0.022328355577256945
0 0.6319149971008301 0.2917446560329861 0.009553050994873047 0.0174560546875
0 0.7078388214111329 0.19146542019314236 0.011347007751464844 0.01976386176215278
0 0.2741231918334961 0.7869059244791667 0.012418460845947266 0.02160746256510417
0 0.05377281904220581 0.2921235826280382 0.012285494804382324 0.019103834364149305
0 0.5681336402893067 0.24629626803927954 0.01672077178955078 0.0221099853515625
0 0.17822643518447875 0.9781705220540365 0.014531946182250977 0.023028733995225696
0 0.02170253247022629 0.6820409138997396 0.01175222098827362 0.01967502170138889
0 0.18620147705078124 0.9532555474175347 0.014330339431762694 0.020566643608940973
0 0.8730116844177246 0.22687386406792537 0.009486579895019531 0.016876051161024305
0 0.5880125045776368 0.5998350355360244 0.01273517608642578 0.022006564670138888
0 0.246823489010989 0.7014652014652014 0.011733058608058606 0.019332519332519383
0 0.24839743589743588 0.7220695970695971 0.011446886446886436 0.014753764753764801
0 0.03076350732600732 0.7004477004477004 0.010588369963369962 0.020350020350020332
0 0.29304029304029305 0.20975783475783477 0.010874542124542152 0.01882376882376883
0 0.9408684329710143 0.7669082125603864 0.011888586956521743 0.017109500805153006
