1 0.05073909908533096 0.9117329406738282 0.09172472655773163 0.05931732177734375
0 0.13146417140960692 0.8078001403808595 0.011753678321838379 0.0183758544921875
2 0.8117437601089478 0.5844965362548828 0.025070905685424805 0.0382586669921875
2 0.3368030548095703 0.10016342163085938 0.023313522338867188 0.035281372070312504
0 0.5613798141479492 0.9545352935791016 0.012503719329833985 0.017503662109375002
2 0.061684048175811766 0.6387730407714844 0.020960068702697753 0.03681106567382813
2 0.0419606477022171 0.6531089782714844 0.021427756547927855 0.0339251708984375
0 0.7333667755126954 0.7384271240234376 0.011875724792480469 0.018070983886718753
0 0.16550254821777344 0.23978656768798828 0.01164836883544922 0.016613006591796875
0 0.5433917197452229 0.25849256900212314 0.01061571125265388 0.016985138004246256
