2 0.9015904426574707 0.44350738525390626 0.02566108703613281 0.03973558213975695
0 0.20216912627220154 0.31746275160047743 0.01271277666091919 0.021643235948350697
0 0.49657449722290037 0.11606140136718751 0.012313461303710938 0.020508321126302083
0 0.16946377754211425 0.5089852227105035 0.012420845031738282 0.01980624728732639
0 0.17294039726257324 0.8471648322211371 0.014392995834350586 0.020390997992621528
0 0.9043484687805176 0.1180397457546658 0.011275100708007812 0.01879891289605035
2 0.1595149278640747 0.32104068332248265 0.026114988327026366 0.044652133517795144
0 0.9383070945739745 0.10177264743381077 0.013041496276855469 0.02322302924262153
0 0.8069038391113281 0.05702022976345486 0.012279510498046875 0.021119181315104166
0 0.5953050136566163 0.8456853230794271 0.01051645278930664 0.017680528428819446
0 0.08876025676727295 0.40026245117187503 0.011003255844116211 0.018686591254340277
0 0.43656463623046876 0.22251646253797744 0.011395263671875 0.01889071994357639
0 0.6065862655639649 0.8476664225260417 0.010561561584472657 0.01793094211154514
0 0.6161480903625488 0.8710960388183594 0.008607101440429688 0.015069240993923611
0 0.5974907875061035 0.86282958984375 0.010772514343261718 0.015943739149305556
0 0.6071948051452637 0.8862442016601563 0.010746192932128907 0.015290662977430557
0 0.6067052822273075 0.871429782184931 0.008700419527078533 0.0135604712263751
