0 0.7668972969055176 0.7687477111816406 0.011861801147460938 0.01774261474609375
1 0.29095165729522704 0.3037710952758789 0.036751604080200194 0.10122245788574219
2 0.6738529682159424 0.2236244583129883 0.024097442626953125 0.036269302368164065
0 0.2661942720413208 0.5115199279785156 0.011418628692626952 0.0163494873046875
1 0.7193903446197509 0.28836410522460937 0.03702630996704102 0.053872375488281256
0 0.5073102951049805 0.8298930358886719 0.011008453369140626 0.016869506835937503
0 0.6409006118774414 0.019181194305419924 0.013393402099609375 0.019814186096191407
0 0.04156448841094971 0.7819017028808595 0.011554431915283204 0.018235778808593752
0 0.022068801522254943 0.8414956665039063 0.011832940578460693 0.0183514404296875
0 0.3065214201877933 0.41960093896713624 0.011553697183098599 0.018192488262910776
