1 0.5095854759216308 0.17049629211425782 0.07616138458251953 0.0326611328125
2 0.254497766494751 0.4478927612304688 0.01960916519165039 0.03175506591796875
2 0.36029882431030275 0.8995590972900391 0.02535839080810547 0.035325927734375005
0 0.4394163131713867 0.5839447021484375 0.011770248413085938 0.01824127197265625
2 0.18609323501586914 0.5364427185058595 0.02481348514556885 0.03568389892578125
2 0.16765832901000977 0.5093254852294922 0.02282400131225586 0.03848968505859375
2 0.6195336818695069 0.7180862426757812 0.024542808532714844 0.039891357421875
2 0.49025797843933105 0.6574932861328125 0.020946598052978514 0.03296295166015625
2 0.48968505859375 0.7225566101074219 0.022577857971191405 0.037569885253906254
2 0.47512025833129884 0.6929566955566406 0.02309284210205078 0.03621673583984375
2 0.6103276252746582 0.7639549255371094 0.0259521484375 0.04826248168945313
0 0.431835412979126 0.231473388671875 0.009545516967773438 0.014132308959960939
2 0.4926898002624512 0.687983856201172 0.019287109375 0.0314788818359375
0 0.9272366523742676 0.5027815246582031 0.010043907165527343 0.01558807373046875
1 0.23889828778837366 0.408761680986239 0.05428059384158761 0.08087846451154046
