1 0.26533262729644774 0.7224420928955079 0.07219324111938477 0.060647277832031256
0 0.053025031089782716 0.24431236267089845 0.011195790767669678 0.017722625732421875
2 0.34064550399780275 0.10030555725097656 0.025960636138916016 0.03684188842773438
1 0.2972153663635254 0.3482267761230469 0.021279621124267577 0.10224578857421876
0 0.3690123796463013 0.3934597778320313 0.011781835556030273 0.0181573486328125
1 0.4726600646972656 0.63468994140625 0.05413227081298828 0.040484619140625004
0 0.6397076606750488 0.20187957763671877 0.010760116577148437 0.01636383056640625
0 0.515664005279541 0.7141000366210938 0.010825729370117188 0.0157574462890625
0 0.2202052593231201 0.31247314453125 0.012713479995727538 0.01935997009277344
0 0.6508989726027397 0.4516742770167428 0.009512937595129382 0.015220700152207013
