1 0.703559398651123 0.3726658630371094 0.054038619995117186 0.07607833862304687
0 0.6789185523986816 0.5295967102050781 0.01247854232788086 0.019421997070312502
1 0.20175683498382568 0.6059092712402344 0.08294892311096191 0.04687530517578125
0 0.9531122207641601 0.20471130371093751 0.01199932098388672 0.018959655761718753
0 0.8402538299560547 0.8552696990966797 0.010956192016601562 0.016971282958984375
0 0.7598615646362304 0.6513079833984375 0.011993408203125 0.017579345703125002
0 0.060475754737854 0.4922722625732422 0.012219572067260742 0.0171246337890625
0 0.6344766616821289 0.3203526306152344 0.011868667602539063 0.017836151123046876
1 0.956324577331543 0.0707595443725586 0.044684219360351565 0.08275657653808595
0 0.771545696258545 0.9610414123535157 0.012799072265625 0.01918365478515625
0 0.06231371164321899 0.47544082641601565 0.01188831329345703 0.01569366455078125
0 0.07063288688659668 0.4584500122070313 0.012565922737121581 0.018420867919921875
0 0.052860903739929195 0.4773136901855469 0.011173665523529053 0.01700958251953125
