1 0.646473741531372 0.12762298583984374 0.0656580924987793 0.12217152913411458
1 0.7084232330322265 0.9034833272298177 0.036603355407714845 0.13715718587239584
2 0.6110671043395997 0.5563700358072917 0.023802947998046876 0.04224277072482639
0 0.9039815902709961 0.291791025797526 0.012142562866210937 0.021267361111111112
0 0.37154440879821776 0.022933875189887154 0.011288738250732422 0.019201236300998265
0 0.3406266212463379 0.43753577338324656 0.00938711166381836 0.017026435004340278
0 0.7564464569091797 0.10230695936414931 0.012431144714355469 0.02202538384331597
2 0.3880059242248535 0.45632849799262154 0.029687881469726562 0.04858737521701389
0 0.8775616645812988 0.5482998318142361 0.01046161651611328 0.01886020236545139
0 0.8712577819824219 0.5298411051432292 0.011024856567382812 0.019460042317708336
0 0.2303148031234741 0.46783328586154516 0.011199665069580079 0.017462666829427084
0 0.23405838012695312 0.4881018744574653 0.011353826522827149 0.019258287217881944
0 0.05489896535873413 0.1692700703938802 0.011252427101135254 0.01948615180121528
0 0.9810473442077636 0.791055636935764 0.011386680603027343 0.019856092664930557
0 0.03325228989124298 0.8173979017469618 0.009805995225906371 0.019602118598090277
0 0.09801827669143677 0.9717732747395834 0.011223435401916504 0.018616739908854166
0 0.8014185905456542 0.6754182603624133 0.011948013305664062 0.020140245225694447
0 0.8995342254638672 0.08293249342176649 0.012218475341796875 0.020456441243489585
0 0.0515291228890419 0.8220383538140191 0.011837765574455261 0.019272020128038195
0 0.040241983532905576 0.829569583468967 0.009968185424804687 0.016380479600694445
0 0.9833163261413574 0.26549758911132815 0.008453178405761718 0.014342074924045139
0 0.5248263888888889 0.667283950617284 0.010069444444444464 0.018518518518518517
0 0.20115240863787373 0.2543681555309462 0.010209025470653395 0.01845699520118121
