2 0.534264326095581 0.5122930908203125 0.024761295318603514 0.035044555664062504
1 0.7567833423614502 0.43773712158203126 0.06900510787963868 0.15244903564453127
1 0.7932586669921875 0.5698973846435548 0.06892814636230468 0.08677764892578126
1 0.4360623836517334 0.5461883544921875 0.02882080078125 0.08362472534179688
2 0.9128927230834961 0.5564806365966797 0.023696517944335936 0.03970428466796875
2 0.19713181257247925 0.23476409912109378 0.02828834056854248 0.04443138122558594
0 0.5804454803466796 0.454228744506836 0.011134529113769531 0.018206939697265626
2 0.47063283920288085 0.5351225280761719 0.02503719329833984 0.040568847656250004
2 0.8582300186157227 0.5865002441406251 0.025902938842773438 0.03845001220703125
2 0.8471748352050781 0.5556955718994141 0.024676513671875 0.036532440185546876
2 0.48021540641784666 0.49395401000976563 0.02403745651245117 0.038598937988281255
2 0.5702237606048584 0.5119118499755859 0.021257591247558594 0.03368911743164063
2 0.9927025318145751 0.5931388854980469 0.014594936370849609 0.03307891845703125
0 0.348509693145752 0.5176123046875001 0.011970996856689453 0.018605957031250002
0 0.30740699768066404 0.20689022064208987 0.012357807159423828 0.019176712036132814
0 0.3696295738220215 0.882313690185547 0.011727380752563476 0.018006439208984377
2 0.9796947479248047 0.5719178771972656 0.022694778442382813 0.0359625244140625
2 0.03154948353767395 0.03966835021972657 0.01927257180213928 0.03370697021484375
2 0.4493712425231933 0.4841722106933594 0.019571685791015626 0.031596984863281254
0 0.5779657363891602 0.5360227203369141 0.012204360961914063 0.018012847900390625
2 0.45859422683715817 0.4986515808105469 0.01761455535888672 0.0273773193359375
2 0.046516424417495726 0.00981583595275879 0.015629851818084718 0.01963167190551758
1 0.19559197425842284 0.14679466247558595 0.05828423500061035 0.03878990173339844
