1 0.6072838783264161 0.4594517517089844 0.029259681701660156 0.10283264160156251
2 0.7412498474121094 0.4268684387207031 0.023773956298828124 0.0353302001953125
0 0.1712393879890442 0.7127133178710938 0.011693668365478516 0.017247619628906252
2 0.07735980749130249 0.13394363403320314 0.022000932693481447 0.042545166015625004
1 0.657775592803955 0.3368827819824219 0.06645870208740234 0.03621688842773438
0 0.506254768371582 0.5428913116455079 0.01145000457763672 0.0179931640625
2 0.09914301037788391 0.19378906250000003 0.02366760969161987 0.036656875610351566
2 0.05561374574899673 0.202452507019043 0.020186516642570495 0.031292572021484374
2 0.037308937311172484 0.17317592620849612 0.022554028034210204 0.03787002563476563
0 0.1289275884628296 0.968955078125 0.009429860115051269 0.0158941650390625
2 0.08809953927993774 0.2260628128051758 0.022587037086486815 0.03277786254882813
0 0.13927762508392333 0.9666758728027345 0.01056814193725586 0.015973510742187502
2 0.05136327743530273 0.14954101562500002 0.02407493591308594 0.035633392333984375
0 0.7517043113708496 0.2704787063598633 0.010461044311523438 0.017175521850585938
0 0.21084132194519042 0.7410916137695313 0.011366844177246094 0.0188275146484375
