1 0.9248199462890625 0.18164501190185547 0.049056053161621094 0.11627395629882813
1 0.45829004675286 0.5534083748734706 0.07782438574316294 0.06327457445397235
0 0.29450216293334963 0.8071870422363282 0.012827014923095703 0.020249328613281253
0 0.902830982208252 0.7177217864990235 0.012607383728027343 0.018985137939453126
0 0.8465632438659668 0.7093673706054688 0.010889625549316407 0.017132873535156252
1 0.2802541732788086 0.37239631652832034 0.027111053466796875 0.12486618041992188
2 0.6870965003967285 0.6500080871582031 0.019477081298828126 0.03479888916015625
2 0.7086544513702393 0.6533528137207032 0.021374225616455078 0.035975952148437504
0 0.034416505694389345 0.8829712677001954 0.011736643314361573 0.018235015869140628
2 0.642568302154541 0.2571484375 0.0234130859375 0.03771026611328125
0 0.6984998703002929 0.5411317443847656 0.012568092346191407 0.01943817138671875
0 0.491028881072998 0.9653929138183595 0.011641883850097656 0.018382568359375
2 0.6512290000915527 0.22409454345703125 0.0213470458984375 0.03562850952148438
0 0.4689016342163086 0.49810653686523443 0.011278915405273437 0.017640991210937502
1 0.6416316032409668 0.9800669860839845 0.020788955688476562 0.0379791259765625
2 0.7264911651611328 0.6583129119873047 0.015521430969238281 0.029615478515625
0 0.8836767196655273 0.3336153411865235 0.007625198364257812 0.011147689819335938
1 0.6256407737731934 0.9806765365600587 0.015025901794433593 0.037794265747070316
