1 0.3824984312057495 0.5375706990559896 0.028653621673583984 0.1297366672092014
0 0.8843908309936523 0.6869922214084202 0.012732315063476562 0.020953030056423613
0 0.43043088912963867 0.6892198350694445 0.012568283081054687 0.020616828070746527
0 0.7597915172576905 0.562225087483724 0.011647891998291016 0.020150926378038194
0 0.855626106262207 0.4933295355902778 0.012079429626464844 0.020198567708333334
0 0.08545592427253723 0.20828094482421874 0.012422132492065429 0.020964219835069447
0 0.20182914137840272 0.6053471883138021 0.011891663074493408 0.020410834418402777
0 0.4890614032745361 0.2723824395073785 0.011315727233886718 0.019971550835503473
0 0.8755998611450195 0.11145655314127605 0.01254730224609375 0.020264180501302083
0 0.18625524044036865 0.86728515625 0.012427425384521485 0.01857452392578125
0 0.436258602142334 0.923441653781467 0.012339591979980469 0.019961208767361113
0 0.8566746711730957 0.6321654425726997 0.012691879272460937 0.02129431830512153
0 0.5077497482299804 0.700854237874349 0.011811637878417968 0.017222934299045138
0 0.17486612796783446 0.8811604817708334 0.012950992584228516 0.020540873209635418
0 0.501399311643217 0.7179479925248932 0.012363052368164063 0.016187032063802086
0 0.5134780534351145 0.7217627933276788 0.009144402035623441 0.015196494204127792
