2 0.9335151672363281 0.8473800659179688 0.024091720581054688 0.040130276150173616
0 0.14395545721054076 0.7810177273220487 0.014208626747131347 0.02240566677517361
2 0.6277831077575684 0.8045210944281684 0.023833656311035158 0.040627712673611115
2 0.1140172243118286 0.5378488328721789 0.02192716598510742 0.04351857503255208
0 0.0898363471031189 0.44797990587022574 0.010243964195251466 0.01758694118923611
0 0.911006736755371 0.3360270182291667 0.011286544799804687 0.018772718641493057
0 0.5235156059265137 0.7463798522949219 0.012110137939453125 0.020057169596354167
0 0.7013042449951172 0.14628465440538194 0.011744022369384766 0.020636155870225697
0 0.8468221664428711 0.5678073459201389 0.013445663452148437 0.021699523925781252
0 0.9603456497192383 0.678663804796007 0.011833953857421874 0.021458943684895836
