1 0.7333169937133789 0.9072954813639323 0.046367454528808597 0.11118418375651042
0 0.22150759696960448 0.8040354410807292 0.012831497192382812 0.02063056098090278
2 0.5705577850341796 0.05661883884006077 0.026863288879394532 0.04292534722222222
0 0.3345494747161865 0.32821568383110894 0.012950277328491211 0.01964217291937934
0 0.17962707281112672 0.8681133694118924 0.01388547420501709 0.021304660373263888
0 0.5670223236083984 0.5823216756184896 0.011270999908447266 0.019060940212673613
0 0.23421020507812498 0.7964717441134983 0.011117172241210938 0.018719482421875
0 0.9675777435302734 0.42408896552191844 0.012160682678222656 0.02069854736328125
0 0.727770185470581 0.7258080376519097 0.011053466796875 0.018373955620659722
0 0.5268969058990478 0.2616853502061632 0.0114501953125 0.018926323784722223
0 0.7438394546508789 0.02813602023654514 0.010992145538330078 0.017123582628038196
0 0.33734681606292727 0.12457300821940105 0.01020660400390625 0.018395826551649307
0 0.901494026184082 0.02877934773763021 0.01264972686767578 0.021276685926649306
0 0.022584917447851887 0.48698611735964387 0.01182702045020817 0.01729261503612802
0 0.6079193115234375 0.8745262993706597 0.010591220855712891 0.018567572699652778
0 0.14018731063422293 0.16786506850405997 0.008130265358751358 0.014646135678909803
0 0.07879271507263183 0.9879425048828125 0.01479802131652832 0.023585679796006946
0 0.06846474409103394 0.9899353875054254 0.01268179416656494 0.020129224989149305
0 0.0063200779259204865 0.5102945963541667 0.010135184228420257 0.020942179361979167
0 0.13480647255039815 0.6649104437571484 0.0077222218303560465 0.01958512226907119
0 0.3470781326293945 0.3653948465983073 0.011691093444824219 0.02272593180338542
0 0.12382075471698113 0.660945143256464 0.011301100628930824 0.017907058001397625
0 0.12812008647798742 0.6810359888190076 0.012529481132075481 0.017907058001397625
0 0.023300438596491224 0.5028427550357374 0.012792397660818711 0.015229044834307965
0 0.02335754751461988 0.5183763807667316 0.008794773391812864 0.018274853801169662
0 0.013934576023391812 0.5202038661468485 0.008452119883040935 0.01746263807667316
0 0.14732735723771578 0.14530765825586545 0.012035192563080995 0.01992031872509962
