2 0.19746062755584717 0.21294990539550782 0.020618677139282227 0.034937133789062505
0 0.8560846328735351 0.2879051208496094 0.011023712158203126 0.017199172973632812
2 0.5790971755981446 0.07782325744628907 0.024119758605957033 0.040919647216796876
0 0.6929823875427246 0.32323040008544923 0.012035179138183593 0.01906951904296875
0 0.22712903022766112 0.26645362854003907 0.01140422821044922 0.016803359985351565
0 0.08423982858657837 0.8044048309326173 0.012919378280639647 0.019406738281250002
1 0.021073868870735167 0.2964264678955078 0.020678764581680296 0.12592208862304688
0 0.5725573062896728 0.9487506103515626 0.011786079406738282 0.016282348632812502
0 0.9699434280395508 0.7428784179687501 0.01208038330078125 0.019374542236328125
0 0.20770716667175293 0.98487548828125 0.010412216186523438 0.01543182373046875
0 0.3705207347869873 0.23046051025390626 0.007497215270996093 0.010458831787109376
