0 0.1431891441345215 0.7303506469726563 0.011062002182006836 0.01729156494140625
1 0.26273036003112793 0.22915050506591797 0.03189287185668945 0.12104522705078126
0 0.47284350395202634 0.9544067382812501 0.011736488342285157 0.02001983642578125
0 0.10700448751449584 0.4254141998291016 0.012757420539855957 0.01986663818359375
1 0.8741811752319336 0.14680580139160157 0.06686248779296874 0.05689407348632813
0 0.057257425785064694 0.13561706542968752 0.012758564949035643 0.019098205566406252
0 0.6283468246459961 0.8348318481445313 0.01161346435546875 0.0169854736328125
0 0.05876733064651489 0.07482620239257813 0.012628769874572754 0.019530487060546876
0 0.9954630851745605 0.8907344055175782 0.008966064453125 0.017468566894531252
0 0.8483121871948242 0.7536248779296876 0.012065505981445313 0.0180645751953125
1 0.4983973979949951 0.45573211669921876 0.04496469497680664 0.05837783813476563
0 0.45674595832824705 0.8020005035400392 0.012186336517333984 0.018384246826171877
1 0.5033477783203125 0.7062455749511719 0.06290712356567382 0.072249755859375
0 0.18587793111801149 0.348470458984375 0.010701322555541992 0.01607391357421875
0 0.20560250282287598 0.19107666015625002 0.012759876251220702 0.024873733520507812
0 0.9326178550720214 0.45207046508789067 0.01253662109375 0.017476806640625002
