2 0.37819781303405764 0.8068059285481771 0.02627768516540527 0.04151865641276042
2 0.22891247272491455 0.6628484090169271 0.02245192527770996 0.03738437228732639
2 0.45238304138183594 0.3448652479383681 0.022425079345703126 0.042569308810763894
0 0.697356128692627 0.9309760199652778 0.013242721557617188 0.02178988986545139
2 0.33666595163799473 0.10788767519811747 0.02229023660932269 0.04391216067590228
2 0.5140369415283204 0.8273744371202257 0.022393226623535156 0.03931477864583333
2 0.6435735702514649 0.016976759168836807 0.019194793701171876 0.03056462605794271
2 0.40085792541503906 0.7006240844726562 0.022905826568603516 0.03981187608506945
0 0.551547908782959 0.08734732733832466 0.012152481079101562 0.02101830376519097
2 0.3549788951873779 0.18418651156955296 0.023935794830322266 0.035597483317057296
2 0.3741708755493164 0.11028751797146268 0.018948936462402345 0.03680470784505208
2 0.21375064849853515 0.05296359592013889 0.021250534057617187 0.03703384399414063
2 0.3953088760375977 0.2140422821044922 0.02820873260498047 0.04825236002604167
2 0.869396519308607 0.9090988336656025 0.018596123944362355 0.031829699937541624
2 0.655436897277832 0.06718584696451824 0.021175575256347657 0.0312713623046875
0 0.13102495670318604 0.9403869628906251 0.01160731315612793 0.02075568305121528
2 0.36635589599609375 0.14951544867621527 0.022043132781982423 0.03793860541449653
0 0.5026628971099854 0.4982672797309028 0.010529613494873047 0.020040045844184028
0 0.6839475631713867 0.9624582926432292 0.01269550323486328 0.019240315755208334
0 0.05685504674911499 0.4522518581814236 0.011796045303344726 0.019877454969618055
0 0.6759566307067871 0.43081258138020834 0.011598777770996094 0.019059244791666666
2 0.5032006517690876 0.6797020484171322 0.022986499068901326 0.04034761018001234
2 0.39792596726190477 0.16885747354497355 0.0244140625 0.035135582010582
