0 0.6783875465393067 0.6669225056966146 0.012472915649414062 0.01985236273871528
2 0.8108305931091309 0.3031772189670139 0.023046493530273438 0.04283481174045139
1 0.07827604413032532 0.8635191175672743 0.027780187129974366 0.13437601725260417
0 0.21994342803955078 0.5118787977430556 0.01173248291015625 0.020775349934895833
0 0.2010826826095581 0.10973748101128472 0.012384891510009766 0.019857957628038197
1 0.27340025901794435 0.8184673733181423 0.020874595642089842 0.09079149034288195
0 0.18884090185165406 0.27535188462999133 0.011785149574279785 0.019670783148871527
0 0.21394000053405762 0.20875473022460939 0.007233285903930664 0.01184048122829861
0 0.15987367630004884 0.7040535820855035 0.010658788681030273 0.018138292100694446
0 0.8110286712646484 0.10456737942165799 0.010549163818359375 0.01834784613715278
0 0.4736983299255371 0.3968904283311632 0.010901451110839844 0.018084716796875
1 0.7768200874328614 0.13051266140407985 0.02922992706298828 0.10506761338975695
0 0.5444605408388521 0.8801815060093205 0.012072295805739467 0.017782683345597274
0 0.8545346467391304 0.4146537842190016 0.013020833333333334 0.02113526570048305
0 0.9438405797101448 0.47805958132045084 0.01047327898550717 0.019122383252818002
