1 0.7132667541503906 0.8667917887369792 0.046554946899414064 0.07836778428819445
1 0.28348023891448976 0.2359010484483507 0.06989026069641113 0.03333689371744792
2 0.42281551361083985 0.6152552286783854 0.027600860595703124 0.03919270833333333
2 0.6678853034973145 0.9092750549316406 0.023209667205810545 0.040557522243923616
2 0.2293772220611572 0.2864581637912326 0.023815631866455078 0.03924916585286459
2 0.44959182739257814 0.7540128072102865 0.022868824005126954 0.03189544677734375
0 0.7958930969238281 0.22248611450195313 0.012765121459960936 0.024278767903645835
0 0.013140290519877676 0.6323762600521011 0.01067150866462793 0.018971570959338584
0 0.5573104693140793 0.5227303115389758 0.010153429602888054 0.01738200294156966
0 0.7417623299319728 0.3664965986394557 0.0083971088435374 0.016817838246409693
