0 0.05859375 0.31203703703703706 0.0109375 0.016666666666666666
0 0.14817708333333332 0.5175925925925926 0.013020833333333334 0.022222222222222223
0 0.15338541666666666 0.6083333333333334 0.009895833333333333 0.020370370370370372
0 0.16171875 0.6138888888888889 0.0109375 0.018518518518518517
0 0.23541666666666666 0.9708333333333333 0.0125 0.019444444444444445
1 0.19609375 0.6125 0.03697916666666667 0.1175925925925926
0 0.5643229166666667 0.5268518518518519 0.011979166666666666 0.022222222222222223
0 0.56796875 0.5462962962962963 0.011979166666666666 0.022222222222222223
0 0.5809895833333333 0.750462962962963 0.013020833333333334 0.02314814814814815
0 0.7596354166666667 0.0925925925925926 0.009895833333333333 0.016666666666666666
0 0.7994791666666666 0.09490740740740741 0.011458333333333333 0.021296296296296296
