1 0.34793810844421386 0.2752887725830078 0.06090707778930664 0.10861968994140626
0 0.6219237804412842 0.024593048095703125 0.01340360641479492 0.020842437744140626
0 0.7058398246765136 0.5739107513427735 0.012015724182128906 0.018472900390625
1 0.9174409866333008 0.8911610412597657 0.037337112426757815 0.09391494750976563
0 0.15416259765625 0.80239013671875 0.012967348098754883 0.01941131591796875
0 0.3230795383453369 0.7252276611328126 0.011921501159667969 0.018102416992187502
1 0.7283164978027343 0.8675294494628907 0.018811798095703124 0.12624847412109375
0 0.9521306037902831 0.24125198364257813 0.012971305847167968 0.019399566650390627
0 0.31426076889038085 0.06663414001464844 0.011040878295898438 0.017115478515625
0 0.21104109287261963 0.5625508117675782 0.013086509704589843 0.018535614013671875
0 0.9243375778198242 0.3159057998657227 0.012448501586914063 0.018403167724609377
0 0.9859504699707031 0.9160094451904297 0.011869430541992188 0.019033203125000002
0 0.40990333557128905 0.7175939178466797 0.012119865417480469 0.01710357666015625
0 0.01408868283033371 0.805192108154297 0.012504783272743224 0.019467773437500002
0 0.5870845317840576 0.3710130310058594 0.012699508666992187 0.01874542236328125
0 0.8509729385375976 0.007212677001953126 0.011754226684570313 0.014425354003906252
0 0.023140418529510497 0.7701899719238282 0.010953402519226075 0.015372314453125
0 0.06295249462127686 0.5124063110351563 0.012111186981201172 0.0172869873046875
0 0.7719970703125 0.98990966796875 0.008718490600585938 0.012356567382812501
0 0.023141002655029295 0.7851765441894532 0.011621421575546265 0.01916107177734375
0 0.12663114070892334 0.8194268798828126 0.01176145076751709 0.0194305419921875
