1 0.18079054355621338 0.5325861358642578 0.05946106910705566 0.09701553344726563
0 0.10722771883010863 0.06400287628173829 0.012623119354248046 0.020628738403320315
0 0.43951849937438964 0.10692092895507813 0.0104705810546875 0.016682434082031253
0 0.03541277647018433 0.43020706176757817 0.011712098121643066 0.01772369384765625
0 0.2581930160522461 0.07010032653808594 0.011749172210693359 0.017772064208984376
0 0.12874844074249267 0.33175064086914063 0.011542844772338866 0.016727142333984375
0 0.33417282104492185 0.847489471435547 0.0090606689453125 0.014572448730468751
0 0.24107553958892822 0.2379118347167969 0.011121082305908202 0.01623779296875
0 0.009578810445964337 0.716932601928711 0.011987170949578286 0.018854827880859376
0 0.511541748046875 0.14405006408691406 0.011996173858642578 0.019181518554687502
0 0.3514439344406128 0.8486740112304688 0.010604381561279297 0.01637176513671875
0 0.5235815048217773 0.1452796173095703 0.01228647232055664 0.019058990478515628
0 0.2423570156097412 0.25586597442626957 0.012160491943359376 0.017110671997070313
0 0.25111780166625974 0.08667400360107422 0.01162261962890625 0.016064529418945313
0 0.3416764736175537 0.8360414123535157 0.009589004516601562 0.01434478759765625
0 0.3156397819519043 0.007516098022460938 0.012758493423461914 0.015032196044921876
0 0.0840093731880188 0.7230671691894531 0.009944653511047364 0.016198120117187503
0 0.2690972222222222 0.4800995024875622 0.011142205638474323 0.01741293532338309
0 0.3003213101160862 0.2796434494195688 0.010883084577114429 0.016169154228855738
