1 0.8545515060424804 0.7268972778320313 0.05528736114501953 0.11250671386718751
0 0.6041396141052247 0.14482887268066408 0.01149578094482422 0.017494049072265625
0 0.9641737937927246 0.6466571044921875 0.011922836303710938 0.01830108642578125
0 0.14492837190628052 0.3377092742919922 0.013008809089660645 0.019900970458984375
0 0.33514695167541503 0.993058319091797 0.010764884948730468 0.01388336181640625
0 0.3034092426300049 0.9926689147949219 0.011716461181640625 0.014662170410156251
0 0.3606708526611328 0.8004421997070313 0.011723947525024415 0.017755126953125002
0 0.2833545684814453 0.47957778930664063 0.012673759460449218 0.018515625
0 0.7507603645324707 0.5881111145019532 0.011974334716796875 0.01764892578125
0 0.8284926414489746 0.2622625732421875 0.011589622497558594 0.016935195922851563
1 0.08325370550155639 0.9793405914306641 0.017798614501953126 0.035204925537109376
0 0.48648948669433595 0.26783599853515627 0.011154747009277344 0.01978118896484375
