1 0.4879331588745117 0.18168739318847657 0.033487701416015626 0.1011602783203125
1 0.8875205993652343 0.2574598693847656 0.06433658599853516 0.0691851806640625
0 0.8183401107788085 0.1259264373779297 0.012042236328125 0.019071121215820313
0 0.11396186351776123 0.6473948669433595 0.011383247375488282 0.01843597412109375
1 0.7115011215209961 0.29181579589843754 0.02143573760986328 0.13947769165039064
0 0.43010902404785156 0.3674784851074219 0.010918617248535156 0.01613616943359375
0 0.21037657260894774 0.8006515502929688 0.011326742172241212 0.016720581054687503
0 0.08160314559936524 0.662447738647461 0.012752890586853027 0.018343505859375
0 0.44054718017578126 0.8210092163085938 0.012281036376953125 0.0191729736328125
0 0.4384646415710449 0.3528616333007813 0.012735939025878907 0.01762054443359375
0 0.07444105691056914 0.6768292682926829 0.009845020325203254 0.017276422764227656
