0 0.12839819192886354 0.5727276611328125 0.012946176528930663 0.020227355957031252
2 0.8452949523925781 0.7834304809570313 0.022366714477539063 0.030787506103515626
1 0.7477025508880615 0.21950473785400393 0.02458362579345703 0.143555908203125
1 0.5940810203552246 0.150955810546875 0.030336570739746094 0.08472900390625
1 0.6719928741455078 0.9071697998046876 0.07544689178466797 0.039119873046875
2 0.6967479705810546 0.037472686767578124 0.021450233459472657 0.034571990966796876
0 0.6637166023254395 0.45311660766601564 0.012091541290283203 0.018964538574218752
2 0.6750758647918701 0.046121711730957034 0.023755359649658202 0.037712783813476564
1 0.4920138359069824 0.23290901184082033 0.04005441665649414 0.08313072204589844
0 0.9951889038085937 0.31254913330078127 0.009090805053710937 0.017471466064453125
1 0.6008800506591797 0.10654876708984376 0.048147964477539065 0.0190655517578125
