1 0.7089674949645997 0.9109832763671876 0.07844038009643554 0.05350250244140625
0 0.2678865432739258 0.8690644836425782 0.012124872207641602 0.018083648681640627
1 0.6822751998901367 0.4734068298339844 0.09193782806396485 0.06359954833984376
1 0.5466971874237061 0.3729228973388672 0.0569854736328125 0.02889556884765625
1 0.41534714698791503 0.047179450988769536 0.03817005157470703 0.09435890197753907
2 0.21922001838684083 0.10402400970458985 0.023342418670654296 0.037695693969726565
0 0.10446276664733886 0.03346897125244141 0.011302995681762695 0.017885360717773437
0 0.18962981700897216 0.5143067169189454 0.011562490463256836 0.0170697021484375
1 0.45459909439086915 0.8309266662597656 0.02261638641357422 0.13798431396484376
1 0.7593655586242676 0.1824136734008789 0.06990489959716797 0.07055892944335938
1 0.20995803475379943 0.26171340942382815 0.03295143842697144 0.14080955505371096
0 0.0894129753112793 0.8224151611328125 0.011235356330871582 0.016915740966796877
2 0.19104881286621095 0.11371726989746095 0.022474050521850586 0.034570617675781255
1 0.3624281406402588 0.26959899902343754 0.039846611022949216 0.036763153076171874
0 0.20194301009178162 0.3073336791992188 0.010174477100372314 0.015311431884765626
0 0.5020833333333333 0.3602777777777778 0.011111111111111072 0.01944444444444443
0 0.5381944444444445 0.25916666666666666 0.009722222222222262 0.01722222222222219
0 0.7512152777777779 0.4525 0.012152777777777738 0.01611111111111105
