1 0.4699543476104736 0.12684799194335938 0.0637908935546875 0.09387527465820313
0 0.3070199012756348 0.8854519653320313 0.01131296157836914 0.018319244384765627
0 0.8226326942443848 0.5709243774414063 0.0112762451171875 0.01710723876953125
0 0.8813636779785156 0.15660633087158204 0.011834716796875 0.019393157958984376
0 0.10742995738983153 0.3415474700927735 0.012095069885253907 0.01904510498046875
0 0.4847989559173584 0.9111643218994141 0.011222267150878906 0.0176568603515625
0 0.7442513465881347 0.2719572448730469 0.011244392395019532 0.01641044616699219
0 0.8899629592895507 0.17673484802246095 0.01236572265625 0.018462905883789064
0 0.8931593894958496 0.15755554199218752 0.011931991577148438 0.018709564208984376
0 0.738955020904541 0.25474014282226565 0.011372947692871093 0.017686920166015627
0 0.8874599456787109 0.15773788452148438 0.010316085815429688 0.018508148193359376
1 0.018610529986053018 0.11907252440725245 0.035085425383542534 0.12308228730822872
