2 0.1708512783050537 0.749859619140625 0.024034786224365234 0.03684799194335938
2 0.8456586837768555 0.7086289978027345 0.02348670959472656 0.03532516479492188
0 0.5688177108764648 0.43279327392578126 0.012121772766113282 0.01898773193359375
2 0.8072664260864257 0.7327516174316406 0.021146392822265624 0.03704055786132813
1 0.9394353866577149 0.4964533996582032 0.07774887084960938 0.03584228515625
0 0.8072888374328613 0.610066375732422 0.012233161926269531 0.0179705810546875
2 0.8326739311218262 0.9188538360595704 0.02627315521240234 0.043672180175781256
0 0.5178726196289063 0.6096465301513673 0.010540390014648437 0.01621246337890625
2 0.8503881454467773 0.7457240295410157 0.023767471313476562 0.035802001953125
0 0.7991446495056153 0.8892632293701173 0.012100791931152344 0.018658294677734378
2 0.8277525901794434 0.7361691284179688 0.02150897979736328 0.04354736328125
