2 0.3424479166666667 0.48750000000000004 0.0234375 0.04351851851851852
1 0.6114583333333333 0.27037037037037037 0.06145833333333333 0.07592592592592592
0 0.07005208333333333 0.6324074074074074 0.009895833333333333 0.018518518518518517
0 0.11328125 0.6212962962962963 0.0109375 0.020370370370370372
0 0.17708333333333334 0.513425925925926 0.0125 0.019444444444444445
0 0.29375 0.47361111111111115 0.011458333333333333 0.021296296296296296
0 0.14765625 0.7731481481481481 0.011979166666666666 0.018518518518518517
0 0.2895833333333333 0.32546296296296295 0.010416666666666666 0.017592592592592594
0 0.5270833333333333 0.1912037037037037 0.010416666666666666 0.017592592592592594
0 0.696875 0.1527777777777778 0.013541666666666667 0.016666666666666666
