2 0.2045826196670532 0.43773941040039066 0.021816015243530273 0.03640045166015625
2 0.7211767196655273 0.8280464935302735 0.02359457015991211 0.034571533203125004
2 0.18128647804260253 0.4381075286865235 0.023114585876464845 0.03959609985351563
2 0.501375389099121 0.6973336791992188 0.02373809814453125 0.03818603515625
2 0.6135406017303466 0.3563116455078125 0.018748092651367187 0.030939025878906252
2 0.3373511791229248 0.27749168395996093 0.02086477279663086 0.035153656005859374
2 0.7498859405517578 0.7995017242431641 0.023920059204101562 0.03745697021484375
2 0.3517228841781616 0.2541334915161133 0.022846508026123046 0.03802070617675782
2 0.7770860195159912 0.8676255035400391 0.02710552215576172 0.03905349731445313
2 0.7863383293151855 0.8090428161621094 0.023672008514404298 0.038243408203125
2 0.8317672729492187 0.7726953887939454 0.024381065368652345 0.04266281127929688
0 0.7691839218139649 0.9013571929931641 0.012821388244628905 0.019481201171875
0 0.6607906341552734 0.9664984130859375 0.010726547241210938 0.0161358642578125
0 0.36478724479675295 0.6680905151367188 0.00909423828125 0.014271240234375001
2 0.5990897178649902 0.3689727783203125 0.017760276794433594 0.038530578613281255
0 0.797868013381958 0.7165228271484375 0.011657428741455079 0.01873443603515625
