1 0.2862730026245117 0.11434699164496528 0.051911640167236324 0.11544375949435765
0 0.6828077793121338 0.5595425075954862 0.01188802719116211 0.02036404079861111
1 0.3207216262817383 0.46120554606119796 0.019063758850097656 0.11131150987413195
0 0.9911941528320313 0.22988238864474828 0.0130859375 0.02174072265625
0 0.0456844300031662 0.40420447455512154 0.012163275480270385 0.020164320203993058
0 0.37183499336242676 0.4635704040527344 0.012465476989746094 0.022176106770833336
0 0.24276342391967773 0.8909081353081597 0.01153564453125 0.019990370008680557
0 0.07168425321578979 0.9747049967447917 0.012450432777404786 0.019243367513020835
0 0.7346667289733887 0.5053025987413194 0.010738372802734375 0.018473646375868055
0 0.11308047771453857 0.03369886610243056 0.010093164443969727 0.017438252766927086
0 0.3147489309310913 0.06797947353786893 0.011243247985839843 0.02040040757921007
0 0.1983856439590454 0.1758805168999566 0.010868549346923828 0.018773566351996528
0 0.3887495994567871 0.2212677001953125 0.011654376983642578 0.019088236490885417
0 0.9128877639770507 0.38235227796766497 0.009987640380859374 0.018245442708333334
0 0.7651312828063965 0.1542724609375 0.011917304992675782 0.021076287163628474
0 0.3374873481781376 0.4857549857549857 0.010332321187584328 0.018743439796071366
0 0.2523093553459119 0.902035290006988 0.009335691823899357 0.017907058001397625
0 0.5625736160188457 0.948665096191598 0.008833922261484044 0.015377568381102033
