1 0.15394916534423828 0.35796476364135743 0.02800602912902832 0.09484989166259766
0 0.5218425273895264 0.5833180236816407 0.012530326843261719 0.019021606445312502
2 0.1285248041152954 0.22496192932128908 0.027230310440063476 0.03765213012695313
1 0.8920425415039063 0.13470252990722656 0.04469871520996094 0.09345016479492188
2 0.12762830257415772 0.2911705017089844 0.026610374450683594 0.04181076049804688
1 0.2128674507141113 0.15379623413085938 0.02751307487487793 0.0986865234375
1 0.217374587059021 0.4321453094482422 0.08415274620056153 0.0344854736328125
2 0.973807144165039 0.48412536621093755 0.023659896850585938 0.03532333374023438
1 0.2359236717224121 0.6249716186523437 0.06081132888793945 0.10549591064453126
1 0.6405736446380615 0.7649668121337891 0.021305370330810546 0.09855773925781251
0 0.4931467056274414 0.03040336608886719 0.01107330322265625 0.018082885742187502
0 0.3444375514984131 0.5855549621582031 0.011671876907348633 0.017043609619140625
2 0.893548583984375 0.17985908508300782 0.022019577026367188 0.03918289184570313
2 0.34970095157623293 0.7256701660156251 0.023959875106811523 0.03678619384765625
0 0.9582125663757324 0.5124313354492188 0.012434959411621094 0.01909210205078125
0 0.9811588287353515 0.9627842712402345 0.011025619506835938 0.01761688232421875
0 0.5333044052124023 0.10975784301757813 0.012244796752929688 0.01836326599121094
2 0.3563385009765625 0.7645783233642579 0.026815271377563475 0.036999359130859374
0 0.9672070503234863 0.36042068481445316 0.0122283935546875 0.018092041015625
1 0.014256958663463591 0.9347119140625001 0.028504297137260437 0.038564453125
0 0.23352539539337158 0.41317199707031255 0.01114206314086914 0.012307128906250001
2 0.33445379734039304 0.7450277709960939 0.01728219985961914 0.027772216796875002
0 0.8789196014404297 0.2524762725830078 0.008105087280273437 0.013055419921875
0 0.6734429359436035 0.12144989013671875 0.010917472839355468 0.018907470703125002
1 0.008910259604454041 0.33473274230957034 0.01764153242111206 0.03154037475585938
