1 0.6847124099731445 0.7405558776855469 0.07563438415527343 0.08051025390625001
1 0.5390449047088623 0.08460304260253906 0.09070024490356446 0.029702301025390627
2 0.6386985778808594 0.4439707946777344 0.022303104400634766 0.039997406005859375
0 0.7836223602294922 0.9353836059570313 0.012415885925292969 0.01904296875
0 0.2418658494949341 0.5157944488525391 0.011182117462158202 0.017705688476562502
1 0.05860396772623062 0.8793157196044923 0.0644255131483078 0.03811431884765625
0 0.4510332107543945 0.04673557281494141 0.011680412292480468 0.017382354736328126
0 0.6650942802429199 0.787666015625 0.010722732543945313 0.01791015625
0 0.14244379997253417 0.4551354217529297 0.012723016738891601 0.0188641357421875
0 0.35407090187072754 0.07459053039550782 0.008209896087646485 0.01322723388671875
0 0.1418527603149414 0.43445877075195316 0.011229372024536133 0.01735198974609375
0 0.13156685829162598 0.42731140136718754 0.010403633117675781 0.014574279785156252
0 0.1896829128265381 0.3344553375244141 0.010730838775634766 0.0176348876953125
0 0.44272379875183104 0.06276187896728516 0.011052417755126952 0.01701377868652344
0 0.6735479354858398 0.4463192749023438 0.012723350524902343 0.018655395507812502
0 0.12014358043670655 0.4303630828857422 0.010929584503173828 0.016239471435546875
0 0.3094002723693848 0.5515011596679688 0.010334634780883789 0.015375366210937502
0 0.26415328979492186 0.42476211547851567 0.010291957855224609 0.016374206542968752
0 0.1204444169998169 0.44531806945800784 0.010080099105834961 0.014708099365234376
0 0.28581929206848145 0.21882110595703128 0.012284088134765624 0.0188787841796875
2 0.6563565731048584 0.4460494995117188 0.012870883941650391 0.019434661865234376
0 0.12841190099716188 0.45374755859375004 0.011924076080322265 0.021091918945312503
0 0.8677209854125977 0.687774658203125 0.012383651733398438 0.0190570068359375
1 0.23062094155844157 0.34983766233766234 0.04734848484848486 0.06980519480519481
