2 0.8711747169494629 0.7726379394531251 0.023347091674804688 0.040048828125000005
1 0.5870598793029785 0.9131345367431641 0.043711280822753905 0.08442245483398438
0 0.7786328315734863 0.9259347534179688 0.012588119506835938 0.019486999511718752
0 0.8904306411743164 0.7125601196289063 0.01246795654296875 0.0197479248046875
2 0.9392370223999024 0.5549882507324219 0.02366485595703125 0.03806060791015625
0 0.8103675842285156 0.7331036376953125 0.013216400146484375 0.0185113525390625
0 0.27823634147644044 0.2311071014404297 0.01199960708618164 0.0187750244140625
0 0.7972820281982422 0.8546604919433595 0.012027359008789063 0.01867706298828125
0 0.46576337814331054 0.24484409332275392 0.010871315002441406 0.016677398681640625
0 0.24178757667541503 0.9907769012451173 0.013308858871459961 0.018446197509765627
2 0.9587005615234375 0.38967987060546877 0.023996734619140626 0.03834625244140625
0 0.3618288040161133 0.04552421569824219 0.012714862823486328 0.018793411254882812
0 0.8318235397338867 0.6626598358154298 0.011941146850585938 0.017873229980468752
0 0.8296638488769531 0.9881190490722657 0.010996627807617187 0.015450439453125001
0 0.9761985778808594 0.4890458679199219 0.012389373779296876 0.019459533691406253
0 0.43907718658447265 0.5437482452392578 0.011269760131835938 0.017592315673828126
0 0.13782985210418702 0.6486087036132813 0.01307990550994873 0.019910278320312502
0 0.4843864440917969 0.4317162322998047 0.009622669219970703 0.014704589843750001
2 0.8292985916137695 0.4953990173339844 0.025362014770507812 0.034830932617187504
0 0.1788716197013855 0.8472525024414063 0.011331129074096679 0.017178344726562503
0 0.870507526397705 0.24962337493896486 0.010857391357421874 0.015540237426757813
0 0.7716960906982422 0.3181201934814453 0.01172943115234375 0.017344818115234376
0 0.18978160619735718 0.84635009765625 0.01136925220489502 0.016199798583984376
0 0.19050252437591553 0.8630230712890625 0.011259317398071289 0.016094818115234374
0 0.17961630821228028 0.8700213623046875 0.011116600036621094 0.01714752197265625
0 0.8524782180786132 0.775727767944336 0.011122512817382812 0.017795257568359375
0 0.8491161616161615 0.4823232323232323 0.008838383838383852 0.016161616161616148
