1 0.8426286697387695 0.22403709411621095 0.03734111785888672 0.11587921142578125
1 0.46168699264526364 0.8372702026367188 0.0558145523071289 0.0777545166015625
2 0.5527935028076172 0.4737713623046875 0.02170562744140625 0.03493408203125
1 0.517518424987793 0.0534762191772461 0.09048099517822265 0.03463546752929688
0 0.9403175354003906 0.5559473419189453 0.011625099182128906 0.018630523681640625
1 0.7832848072052002 0.5824284362792969 0.07752084732055664 0.07805389404296875
2 0.7181979179382324 0.08587604522705079 0.021111679077148438 0.03847908020019532
1 0.8730239543785042 0.4128042779001249 0.07835350036621094 0.04805633544921875
1 0.7983819961547851 0.4336046600341797 0.023035812377929687 0.14552642822265627
1 0.8601190476190476 0.38673469387755105 0.05909863945578237 0.063265306122449
