0 0.7973397254943848 0.3047456529405382 0.013088226318359375 0.022174241807725696
2 0.5329015731811524 0.5291468302408855 0.023363876342773437 0.03761427137586806
2 0.6294342994689941 0.6481068081325955 0.023118972778320312 0.03882615831163195
2 0.5428525447845459 0.5994715372721354 0.022540569305419922 0.04239841037326389
2 0.08379772305488586 0.9458072238498264 0.02388101816177368 0.04849480523003472
2 0.19757169485092163 0.8749226040310331 0.023936200141906738 0.041535610622829865
2 0.25473766326904296 0.7756174723307292 0.02267303466796875 0.04598863389756944
2 0.22695477008819578 0.7204196506076389 0.028327369689941404 0.045089043511284725
0 0.3171390533447266 0.604953342013889 0.011209201812744141 0.019439697265625
2 0.5624957084655762 0.6276101854112414 0.024612617492675782 0.03886566162109375
2 0.12125524282455444 0.09441460503472222 0.024898624420166014 0.04157706366644966
2 0.36299896240234375 0.6583123948838976 0.022403907775878907 0.03486972384982639
2 0.021222443878650667 0.9442960103352865 0.021864292025566102 0.03693966335720486
2 0.0252592571079731 0.8830540974934896 0.023213516175746917 0.039031982421875
2 0.6276764392852783 0.5520178900824653 0.02385683059692383 0.03501942952473958
2 0.3784162521362305 0.6890694512261285 0.02354722023010254 0.04615478515625
2 0.02874433696269989 0.8406165228949654 0.026237672567367552 0.04318406846788195
2 0.22256608009338377 0.7682649400499132 0.020754528045654298 0.036495802137586804
2 0.5932106494903564 0.5712720235188802 0.023128986358642578 0.03808746337890625
2 0.6321583747863769 0.5132664150661893 0.021737289428710938 0.038387891981336804
2 0.566832447052002 0.47578345404730904 0.020660400390625 0.03285013834635417
0 0.9639273643493652 0.1762975056966146 0.011501121520996093 0.019631279839409724
0 0.03297870755195618 0.21458765665690105 0.0117378830909729 0.01917453342013889
2 0.00773678719997406 0.8832388983832465 0.01498575210571289 0.043068779839409724
0 0.0413519412279129 0.20552859836154513 0.011821621656417846 0.02100830078125
2 0.5454563140869141 0.4921357048882379 0.02065582275390625 0.038668992784288196
2 0.6119918346405029 0.5000896877712674 0.019759464263916015 0.03309088812934028
2 0.5573268890380859 0.5344462076822917 0.020827770233154297 0.039933268229166666
2 0.23635516166687012 0.8052754720052083 0.02164468765258789 0.03703545464409722
2 0.5913721561431885 0.47932959662543406 0.02148094177246094 0.032256401909722225
2 0.5714860916137695 0.5693851047092015 0.020026016235351562 0.04424930148654514
2 0.21655573844909667 0.8114395141601562 0.016283416748046876 0.04265780978732639
0 0.9144078254699707 0.39693569607204865 0.010634613037109376 0.017450968424479168
2 0.10403643846511841 0.09140718248155383 0.013763880729675293 0.035447947184244794
2 0.6109775641025641 0.5433634992458523 0.01861802413272997 0.04608681079269317
0 0.6939338235294118 0.4792609351432881 0.011547888386123735 0.01927266633148982
