1 0.6853741645812989 0.5915585327148438 0.06854991912841797 0.057671508789062506
2 0.9377711296081542 0.1570049285888672 0.02185535430908203 0.036490478515625
0 0.05131708234548569 0.289039306640625 0.012084868550300599 0.019360427856445313
0 0.3449731349945068 0.8055197143554688 0.012838077545166015 0.018746490478515627
0 0.2210517168045044 0.9102865600585938 0.011534643173217774 0.016752471923828127
0 0.4556693077087402 0.09734054565429688 0.010770416259765625 0.017185211181640625
0 0.28255715370178225 0.4751658630371094 0.011644744873046875 0.017255249023437502
0 0.7810527801513671 0.20999076843261721 0.0111572265625 0.017297821044921877
0 0.13787469863891602 0.1667866897583008 0.012171220779418946 0.018842468261718752
0 0.006221432238817215 0.3649635314941406 0.012126855552196503 0.019206390380859376
0 0.6211050987243653 0.7831912231445313 0.011016273498535156 0.0175347900390625
0 0.42853484153747556 0.7542434692382813 0.010149860382080078 0.0150506591796875
0 0.7707598209381104 0.20318489074707033 0.010789966583251953 0.01656280517578125
0 0.7073379516601562 0.06310966491699219 0.011524391174316407 0.018368377685546874
0 0.5953049659729004 0.8970127105712892 0.011260890960693359 0.016956024169921875
0 0.23908650875091553 0.5046865844726562 0.010571098327636719 0.014839782714843751
0 0.4254919052124023 0.44243736267089845 0.012111473083496093 0.01820648193359375
0 0.42954441391941384 0.7696886446886447 0.009729853479853468 0.014652014652014602
0 0.7714596518987342 0.22072784810126583 0.01153744725738394 0.01740506329113925
