1 0.4667355060577392 0.7238108825683595 0.05156488418579101 0.10373413085937501
2 0.20006916522979737 0.13865921020507813 0.02346668243408203 0.03741676330566406
0 0.9668536186218262 0.8645729064941406 0.0117095947265625 0.018573455810546875
1 0.21138091087341307 0.3506210517883301 0.030756855010986326 0.11700283050537111
0 0.7189524173736572 0.24822463989257815 0.011468505859375 0.018207244873046875
0 0.9627888679504394 0.9241936492919922 0.011299514770507812 0.01760833740234375
0 0.6384519577026367 0.3146123504638672 0.011558914184570312 0.01707489013671875
0 0.043463483452796936 0.3656303405761719 0.011371463537216187 0.01565032958984375
0 0.006018369644880295 0.8090855407714844 0.010548903048038483 0.01591461181640625
0 0.87960205078125 0.6328716278076172 0.009778213500976563 0.014741668701171875
0 0.4565112113952637 0.647579574584961 0.010912513732910157 0.016143646240234375
0 0.5854266166687012 0.6162963867187501 0.011446952819824219 0.0171722412109375
0 0.6894237041473389 0.8950245666503907 0.01063709259033203 0.0158697509765625
0 0.23183803558349608 0.37018875122070316 0.010133886337280273 0.017190856933593752
0 0.6889968872070312 0.6447380065917969 0.01094207763671875 0.01644134521484375
0 0.8967355728149414 0.5566663360595704 0.010823822021484375 0.016662445068359375
0 0.15365586280822754 0.30350708007812505 0.01123967170715332 0.01738006591796875
0 0.24044461250305174 0.355987777709961 0.011628484725952149 0.014978942871093751
0 0.5376394746082076 0.553428878367273 0.012221527099609376 0.017912750244140626
0 0.051421618852459036 0.35280054644808745 0.00981898907103825 0.01639344262295083
0 0.5381019467213115 0.44501366120218583 0.011526639344262317 0.015710382513661237
0 0.4196337090163934 0.2991803278688525 0.011953551912568312 0.01571038251366119
