2 0.32794671058654784 0.8989734225802952 0.026236343383789062 0.04394192165798611
0 0.04354984164237976 0.025154028998480904 0.012369608879089356 0.02025239732530382
2 0.42905178070068356 0.8676651000976563 0.024981117248535155 0.04719373914930556
2 0.3583667755126953 0.5566297743055556 0.02409496307373047 0.041697862413194446
2 0.32894206047058105 0.4476949903700087 0.02209787368774414 0.041333177354600695
2 0.3722458124160767 0.6337954203287761 0.023894023895263673 0.04125044080946181
2 0.2577657699584961 0.3548350016276042 0.0231964111328125 0.036879814995659725
2 0.23266756534576416 0.4222508748372396 0.021611881256103516 0.04026980929904514
2 0.42702112197875974 0.683902316623264 0.021770286560058593 0.04234127468532986
2 0.39501912593841554 0.6687932332356771 0.023023080825805665 0.044390869140625004
2 0.44878139495849606 0.6764617072211372 0.02247304916381836 0.03438195122612847
0 0.37763638496398927 0.10150519476996528 0.012042713165283204 0.021197170681423613
2 0.2762804746627808 0.43850750393337673 0.02038116455078125 0.03573404947916667
2 0.31110129356384275 0.4960314432779948 0.01807575225830078 0.03129781087239583
2 0.3084068298339844 0.45408020019531253 0.019054937362670898 0.03338792588975695
2 0.39568629264831545 0.6250488281250001 0.023642826080322265 0.040791151258680554
2 0.24048113822937012 0.3823289659288195 0.019312095642089844 0.03702901204427084
2 0.3302726745605469 0.485947502983941 0.01983022689819336 0.031344604492187504
2 0.2762796878814697 0.3835825602213542 0.01955690383911133 0.03803304036458333
2 0.2538007259368896 0.43819224039713545 0.02303323745727539 0.03128323025173611
2 0.2925692081451416 0.4060084872775608 0.01794567108154297 0.03472696940104167
2 0.44679713249206543 0.7093149820963542 0.021970653533935548 0.03433057996961806
0 0.3774887110016421 0.6675332968436416 0.011032430213464709 0.0196132092683816
