0 0.828425407409668 0.18402069091796877 0.013002395629882812 0.019777374267578127
0 0.9151590347290038 0.4848045349121094 0.011326980590820313 0.017102050781250003
0 0.5816491127014161 0.38346199035644535 0.013287925720214843 0.019545745849609376
2 0.3566253185272217 0.6832617187500001 0.0247896671295166 0.037125244140625
0 0.2563314437866211 0.5813348388671875 0.01250314712524414 0.019676513671875
1 0.7680795669555665 0.3515689086914063 0.04208221435546875 0.08517074584960938
0 0.5684656143188477 0.4412550354003906 0.012346553802490234 0.019212341308593752
0 0.2859395265579224 0.45719299316406253 0.0113525390625 0.01657806396484375
0 0.17863714694976807 0.2915721130371094 0.011942195892333984 0.016501235961914065
0 0.448578929901123 0.18123603820800782 0.012145519256591797 0.019187774658203125
0 0.7045786857604981 0.6253305816650391 0.008097267150878907 0.012400970458984376
0 0.7836885452270508 0.28366764068603517 0.010691070556640625 0.017167663574218752
0 0.9647047042846679 0.8902677917480469 0.01277313232421875 0.020694732666015625
0 0.1760240912437439 0.27578071594238285 0.011818170547485352 0.016927490234375002
1 0.5391229629516602 0.7556742858886719 0.08346948623657227 0.041715087890625
