1 0.4129311561584473 0.9029041290283204 0.06165037155151367 0.07702789306640626
0 0.10480596721172332 0.7976699829101563 0.011417490243911744 0.01871429443359375
1 0.21182079315185545 0.22093856811523438 0.03837003707885742 0.046709594726562505
2 0.4371621608734131 0.8903826141357423 0.02242279052734375 0.0373687744140625
2 0.4265745639801025 0.8546675109863282 0.023063182830810547 0.04200592041015625
0 0.45937442779541016 0.48404304504394535 0.011267662048339844 0.0166937255859375
0 0.47926845550537106 0.4713566589355469 0.013012504577636719 0.021155548095703126
0 0.4858990559777939 0.51344770688358 0.012994956970214843 0.018140563964843752
0 0.4691038131713867 0.4729684448242188 0.010612678527832032 0.017716064453125
0 0.4818718433380127 0.49228050231933596 0.012502479553222656 0.016561279296875002
0 0.4642041212675587 0.499718426331779 0.011871719360351562 0.018465728759765626
0 0.36889262199401857 0.7687821960449219 0.008031940460205078 0.01146881103515625
0 0.4709057671081678 0.5183498896247241 0.01086506622516558 0.01738410596026493
