1 0.6430837631225585 0.06950389862060548 0.08737545013427735 0.07598159790039063
1 0.3989908218383789 0.6372093200683594 0.04181203842163086 0.1148028564453125
1 0.3188628196716309 0.17576465606689454 0.04151344299316406 0.11162559509277345
0 0.7843358993530274 0.9435914611816407 0.012073707580566407 0.0188775634765625
1 0.6588793277740479 0.923092041015625 0.042684078216552734 0.06720489501953125
0 0.2583667278289795 0.6550712585449219 0.012360668182373047 0.0177593994140625
1 0.6850754737854003 0.7156235504150391 0.05269412994384765 0.038347778320312505
0 0.053963208198547365 0.7025032043457031 0.011956655979156494 0.01831390380859375
1 0.538998031616211 0.32882156372070315 0.024802303314208983 0.060115051269531254
0 0.7007087230682373 0.7737933349609375 0.011801052093505859 0.0187908935546875
