1 0.2310352087020874 0.23211746215820314 0.06432580947875977 0.0327227783203125
0 0.3185941457748413 0.025820093154907228 0.011578893661499024 0.0178693962097168
0 0.15710384845733644 0.40501358032226564 0.011479854583740234 0.01754974365234375
2 0.0583030566573143 0.7854395294189453 0.02559554874897003 0.03340057373046875
2 0.020065005123615264 0.8466209411621094 0.024730291962623597 0.03781753540039063
2 0.029145878553390504 0.8147904968261719 0.020891630649566652 0.036318664550781254
0 0.28541362285614014 0.49252090454101566 0.011115264892578126 0.01676788330078125
2 0.04812701940536499 0.8264414978027345 0.021279299259185792 0.03433624267578125
1 0.7304386138916016 0.5044697570800781 0.01812734603881836 0.1253533935546875
0 0.8539760589599609 0.2830439758300781 0.009845733642578125 0.015308990478515626
0 0.5946572303771973 0.2794557189941406 0.012569999694824219 0.019707794189453127
