1 0.2662342548370361 0.1449991014268663 0.038490009307861325 0.1408206515842014
1 0.27981607913970946 0.8945119222005209 0.0379702091217041 0.11480441623263889
1 0.6191242218017579 0.6070682101779514 0.04739933013916016 0.09555833604600694
2 0.8713130950927734 0.36182234022352433 0.02369842529296875 0.041493394639756945
2 0.3584251403808594 0.2555931939019097 0.024855995178222658 0.04903666178385417
0 0.2723824501037598 0.3388453165690104 0.012115478515625 0.021199544270833336
0 0.5899449348449707 0.8889772203233507 0.01218719482421875 0.02091064453125
0 0.2786709308624268 0.5498908148871527 0.011053371429443359 0.018804253472222223
1 0.9459918975830078 0.34528675079345705 0.017723846435546874 0.11797142028808594
0 0.14072266362450858 0.8168004427665785 0.010705837759527714 0.020386435120830403
0 0.6295499801635742 0.8479622734917535 0.012375831604003906 0.018593682183159724
0 0.6423940181732177 0.6866626315646701 0.011980819702148437 0.02078043619791667
1 0.06054729223251343 0.5863656785753039 0.03607562780380249 0.0705842759874132
0 0.5815938949584961 0.8709905836317274 0.010493087768554687 0.015230984157986112
0 0.5959316253662109 0.06121563381618924 0.011594581604003906 0.01984320746527778
0 0.15185387134552003 0.8037105984157986 0.011633992195129395 0.017319742838541666
0 0.48938913345336915 0.23901956346299913 0.010795879364013671 0.01915096706814236
0 0.5686944961547852 0.20021722581651477 0.008964347839355468 0.01574681599934896
1 0.45483508110046383 0.19853312174479168 0.042099380493164064 0.04461856418185764
0 0.13433064200856665 0.7914922928706702 0.008647274541425266 0.014279344855923646
0 0.5775370597839355 0.18422605726453994 0.00989227294921875 0.016853162977430555
0 0.2888174533843994 0.2014084710015191 0.012294197082519531 0.018608262803819445
0 0.9913339614868164 0.8377749972873264 0.0104461669921875 0.016456095377604167
1 0.9464828491210937 0.37572852240668403 0.015193176269531249 0.05898810492621528
2 0.9888666152954101 0.7406751844618056 0.020429229736328124 0.028005303276909723
0 0.29736768018018017 0.21450617283950627 0.009618993993993996 0.017100433767100437
0 0.3010041291291291 0.23285785785785793 0.009853603603603567 0.017100433767100385
