1 0.22969717591758668 0.6163617886178862 0.04596701443679931 0.1148373983739838
0 0.1530292272567749 0.07613357543945314 0.013701319694519043 0.021130447387695313
1 0.5567065238952636 0.5320268249511719 0.05726222991943359 0.06918823242187501
0 0.11899415254592895 0.8774588012695314 0.012099170684814453 0.018929290771484378
1 0.24690053462982178 0.78602294921875 0.07116055488586426 0.04687225341796875
1 0.9681610107421875 0.9675993347167969 0.06342124938964844 0.06480133056640626
0 0.6936976909637451 0.9833418273925781 0.01281909942626953 0.019249572753906253
1 0.44948267936706543 0.29449234008789066 0.045032501220703125 0.11223388671875001
1 0.029399007558822632 0.6574762725830079 0.058798015117645264 0.06331832885742188
0 0.5367990970611572 0.318942985534668 0.0124176025390625 0.01905303955078125
0 0.9883373260498046 0.8777959442138672 0.012189674377441406 0.01757415771484375
2 0.5837053298950196 0.8580710601806641 0.01890249252319336 0.031937255859375
1 0.21925813008130082 0.6288109756097561 0.04604928861788616 0.10111788617886172
