1 0.524449634552002 0.7530401611328126 0.05810623168945312 0.09679153442382814
0 0.8402271270751953 0.14551826477050783 0.013070297241210936 0.01948936462402344
0 0.22851161956787108 0.9523297119140626 0.011823940277099609 0.018416748046875
0 0.05706521272659302 0.43678970336914064 0.01199486255645752 0.01798858642578125
0 0.05791475772857666 0.6145133209228516 0.011634922027587891 0.017272491455078125
0 0.7228232860565186 0.330506706237793 0.012038612365722656 0.017637176513671877
0 0.13498833179473876 0.9417561340332032 0.011327219009399415 0.01875518798828125
0 0.6511883735656738 0.2648707580566406 0.011452674865722656 0.017894287109375
0 0.8806303977966309 0.23622833251953126 0.010816001892089843 0.01557525634765625
0 0.8571041107177734 0.6372373962402345 0.0123016357421875 0.01750518798828125
0 0.882626724243164 0.25293472290039065 0.011048126220703124 0.015596313476562502
0 0.8524792671203613 0.6544313049316407 0.011363792419433593 0.01702545166015625
