1 0.8916016578674316 0.6124169158935547 0.07540130615234375 0.05572677612304688
1 0.4389784336090088 0.8543791198730469 0.08404998779296875 0.0312542724609375
1 0.8601884841918945 0.6770967102050782 0.09389533996582031 0.04511993408203125
0 0.04631617069244385 0.7022291564941406 0.011955654621124268 0.018995361328125
0 0.18045966625213622 0.6338433837890626 0.01193394660949707 0.017647705078125003
0 0.32665750980377195 0.43360290527343753 0.01140899658203125 0.018653564453125
0 0.5454420566558837 0.15181339263916016 0.013046073913574218 0.01947013854980469
0 0.8508718490600585 0.9326341247558594 0.012694168090820312 0.018701171875000002
0 0.047129273414611816 0.2118130111694336 0.013507580757141114 0.02167594909667969
0 0.6412200927734375 0.4607736968994141 0.012675952911376952 0.019799804687500002
0 0.2823920726776123 0.079727783203125 0.011653804779052734 0.020860748291015627
0 0.9091629028320313 0.593790740966797 0.017755126953125 0.01730743408203125
1 0.8563611984252929 0.6453897857666016 0.08780975341796875 0.08242645263671876
0 0.10065944194793701 0.27587280273437503 0.0120072603225708 0.017821502685546876
0 0.3186769962310791 0.23613426208496097 0.009006071090698241 0.013964538574218751
0 0.5704562883435583 0.9386503067484664 0.008627300613496895 0.014314928425357988
0 0.07486579754601233 0.8744887525562373 0.011183537832310837 0.01687116564417181
