1 0.04520118832588196 0.1682830810546875 0.028182601928710936 0.107174072265625
0 0.8565485000610351 0.8304463958740235 0.010962677001953126 0.016806640625
0 0.6769879341125489 0.6551266479492188 0.01256732940673828 0.020280609130859377
1 0.7400094032287597 0.1052263641357422 0.017801856994628905 0.10873703002929688
0 0.9442850112915039 0.1888344955444336 0.011254119873046874 0.015848770141601562
2 0.6150314331054687 0.28037605285644535 0.01510639190673828 0.0248602294921875
0 0.059925079345703125 0.46217620849609375 0.01106107234954834 0.016790161132812502
0 0.24579718112945556 0.7844787597656251 0.011628961563110352 0.01737060546875
0 0.18467767238616944 0.8058513641357422 0.011424875259399414 0.016725158691406252
0 0.9921575546264648 0.8731633758544922 0.012280654907226563 0.017312011718750003
0 0.645543098449707 0.7070484161376953 0.010420417785644532 0.01584503173828125
0 0.2879858657243817 0.25530035335689044 0.009938162544169652 0.016489988221437008
0 0.19739082532051286 0.8153044871794871 0.011268028846153832 0.016826923076923114
0 0.19839242788461545 0.7954727564102564 0.013271233974358972 0.018830128205128176
0 0.44553786057692313 0.7493990384615385 0.011268028846153832 0.018830128205128274
0 0.9497040282902829 0.20172201722017222 0.010954797047970526 0.017220172201722003
0 0.9718058118081181 0.6509840098400984 0.01172355473554738 0.016605166051660472
0 0.9809348093480935 0.6383763837638377 0.011146986469864591 0.016605166051660472
