1 0.8961491584777832 0.42381057739257816 0.05322132110595703 0.04884933471679688
0 0.2539031744003296 0.4512295532226563 0.011499309539794922 0.01824005126953125
0 0.10411962270736694 0.5964907836914063 0.011163997650146484 0.01847381591796875
0 0.34439194202423096 0.08948871612548828 0.011658859252929688 0.01766288757324219
0 0.15340120792388917 0.5339649963378906 0.012302732467651368 0.0195947265625
0 0.1431512713432312 0.5076728820800781 0.011424112319946288 0.017868957519531253
0 0.5759964942932129 0.024438161849975586 0.011900901794433594 0.018683032989501955
0 0.08693214058876038 0.24464797973632815 0.011212813854217529 0.017389221191406252
0 0.13273478746414186 0.5301741027832032 0.011431670188903809 0.018425598144531253
0 0.29311342239379884 0.5474731445312501 0.009948062896728515 0.014452819824218751
0 0.7259767532348633 0.7680546569824219 0.01185779571533203 0.018692626953125003
0 0.30373473167419435 0.7342721557617188 0.011633682250976562 0.0158612060546875
0 0.3082465171813965 0.40012115478515625 0.011812114715576172 0.018122711181640626
0 0.1543266534805298 0.5175840759277344 0.012341880798339843 0.01974761962890625
0 0.49170408248901365 0.7549737548828126 0.011616706848144531 0.01589447021484375
0 0.29913598191214463 0.40665374677002586 0.008074935400516795 0.01485788113695089
0 0.08046925468346255 0.2606185400516796 0.011632953811369499 0.016069121447028465
0 0.42470122739018085 0.8585271317829457 0.009689922480620143 0.015503875968992135
0 0.7141876614987079 0.5794573643410852 0.010497416020671816 0.01937984496124036
0 0.14207848837209305 0.5205910852713178 0.011052567829457368 0.012596899224806274
0 0.15532642926356588 0.5002422480620156 0.011506782945736423 0.015988372093023315
0 0.2955274951550388 0.5618943798449613 0.009084302325581342 0.013323643410852716
