1 0.35909533500671387 0.04670433044433594 0.04212369918823242 0.09340866088867188
1 0.8298141479492187 0.7702365112304688 0.05781707763671875 0.054896087646484376
2 0.4344616889953613 0.833088836669922 0.024032020568847658 0.044643249511718754
1 0.8908367156982422 0.399846420288086 0.06986503601074219 0.03413299560546875
1 0.06904433369636535 0.13077770233154298 0.0718432068824768 0.030704803466796878
1 0.6971077442169189 0.6233685302734375 0.022607135772705077 0.1349627685546875
1 0.04964008033275604 0.27990116119384767 0.08884137272834777 0.029463958740234376
0 0.7091087818145752 0.75784912109375 0.013490009307861327 0.020379180908203127
0 0.11390855312347412 0.06726081848144531 0.011589860916137696 0.018624725341796877
0 0.36776587963104246 0.5262599182128906 0.009359645843505859 0.013798522949218751
0 0.08450913429260254 0.5218241119384766 0.011081337928771973 0.016267547607421877
0 0.23305044174194336 0.15414314270019533 0.011133575439453125 0.01615203857421875
1 0.7939547538757324 0.5899010467529298 0.060705375671386716 0.050234222412109376
0 0.07570043103448279 0.5340038314176245 0.009578544061302688 0.01724137931034477
0 0.26218271072796934 0.8987068965517241 0.01077586206896548 0.01580459770114942
