1 0.38034896850585936 0.3998454284667969 0.07146320343017579 0.107862548828125
1 0.7327575206756591 0.5593075561523437 0.03353052139282227 0.09179412841796876
1 0.6249380111694336 0.6160354614257812 0.046077728271484375 0.1152734375
1 0.3695960998535156 0.115628662109375 0.03165616989135742 0.13157440185546876
0 0.1345178723335266 0.7349925231933594 0.010976624488830567 0.016502227783203125
1 0.11982253789901733 0.5438319396972656 0.08087823390960694 0.02714508056640625
0 0.04212191104888916 0.27256538391113283 0.011333179473876954 0.0169317626953125
0 0.8053436279296875 0.269253044128418 0.011069679260253906 0.01608360290527344
1 0.4242549896240234 0.8980148315429688 0.08144941329956054 0.027601470947265627
0 0.34870181083679197 0.6145971679687501 0.011391448974609374 0.01742095947265625
0 0.896702766418457 0.010950756072998048 0.008303642272949219 0.013151473999023439
0 0.796625804901123 0.25825321197509765 0.010689544677734374 0.01804740905761719
2 0.337706995010376 0.9901681518554688 0.019495773315429687 0.0196636962890625
