1 0.37857718467712403 0.8249324798583985 0.058426952362060545 0.027062683105468752
0 0.9854096412658692 0.8453996276855469 0.010963058471679688 0.01771453857421875
0 0.007847587764263152 0.13644134521484375 0.012737902998924255 0.019830627441406252
2 0.9135478069067364 0.6197521909948899 0.022647536871458603 0.04207857082604998
0 0.7064054489135743 0.5139865112304688 0.011853981018066406 0.01772705078125
1 0.09355974124809743 0.14878234398782345 0.08442732115677322 0.054794520547945216
0 0.7625570776255708 0.7585616438356165 0.010226407914764006 0.018645357686453586
1 0.8406820776255708 0.9105783866057838 0.057553272450532704 0.10350076103500765
0 0.5302035768645358 0.23458904109589043 0.009275114155251056 0.014840182648401833
0 0.5463755707762556 0.19596651445966515 0.00879946727549464 0.014459665144596652
