1 0.6943439483642578 0.7146018134223091 0.032954978942871097 0.10061306423611112
0 0.47879838943481445 0.4455683390299479 0.012185287475585938 0.020150756835937502
0 0.7333148956298828 0.22748675876193578 0.011748313903808594 0.01959686279296875
0 0.40630302429199217 0.07032483418782552 0.010876274108886719 0.018234676784939237
2 0.6355897903442382 0.1893662346733941 0.023112678527832033 0.037411838107638894
1 0.18453218936920165 0.8610483805338542 0.07911653518676758 0.11457248263888889
0 0.579982328414917 0.6948876274956598 0.011981487274169922 0.02073737250434028
0 0.5667044639587402 0.2902357313368056 0.010934734344482422 0.017351277669270835
0 0.4194505214691162 0.32630530463324653 0.011423015594482422 0.019694688585069446
0 0.6344073295593262 0.2975828806559245 0.011480045318603516 0.017229800754123264
0 0.4297062873840332 0.2746529473198785 0.01168060302734375 0.018956163194444445
0 0.4490498542785644 0.7678126017252604 0.012922859191894532 0.021476915147569445
0 0.433040714263916 0.2942242940266927 0.012630844116210937 0.019657219780815974
0 0.4222752571105957 0.2928395165337457 0.010855960845947265 0.018579610188802085
0 0.5613149642944336 0.30775426228841146 0.01158437728881836 0.017901780870225696
0 0.5578530470530192 0.06796209464145901 0.011539427439371745 0.01391983198444309
0 0.5527982026143791 0.05482933914306463 0.010416666666666666 0.020334059549745827
0 0.5608660130718952 0.05446623093681917 0.008986928104575161 0.015250544662309361
0 0.5461601307189542 0.030319535221496004 0.01062091503267979 0.01706608569353667
0 0.5568831699346404 0.03322440087145969 0.009191176470588284 0.018518518518518517
