1 0.2267040729522705 0.7365756988525392 0.034765195846557614 0.11484527587890626
2 0.593233585357666 0.7050451660156251 0.024170494079589842 0.03937286376953125
0 0.34510891437530516 0.273714828491211 0.011780738830566406 0.018876495361328127
1 0.8393941879272461 0.936631088256836 0.039324951171875 0.11737930297851563
1 0.7909520149230957 0.826994857788086 0.0765838623046875 0.06564468383789063
2 0.36803154945373534 0.491697006225586 0.023082542419433593 0.03639785766601563
1 0.7552658081054687 0.9003570556640625 0.054803466796875 0.10817779541015626
2 0.4608048915863037 0.8182604980468751 0.0216522216796875 0.032777709960937505
2 0.20223867893218994 0.8068408203125 0.02192578315734863 0.035913391113281255
2 0.45202207565307617 0.9650521850585938 0.022009849548339844 0.037743835449218756
0 0.12372411489486694 0.7057563781738282 0.011302566528320313 0.018105773925781252
0 0.2964982032775879 0.7538026428222657 0.01051797866821289 0.0162725830078125
0 0.7840581417083741 0.9079092407226563 0.012244892120361329 0.0188946533203125
0 0.2570277214050293 0.7847465515136719 0.012197303771972656 0.016165618896484376
0 0.30495223999023435 0.7752560424804688 0.011269569396972656 0.01677581787109375
0 0.20672082901000977 0.25983238220214844 0.013100528717041015 0.020886383056640628
0 0.5147435188293457 0.8359214782714844 0.010469341278076172 0.016137084960937503
0 0.7834728240966797 0.8831378173828126 0.011275100708007812 0.017731933593750002
0 0.3432315826416016 0.7967333221435547 0.012926101684570312 0.018684234619140625
0 0.7944185256958007 0.8840988159179688 0.011542320251464844 0.01823822021484375
0 0.7895940780639649 0.8677388000488282 0.010929298400878907 0.0142718505859375
0 0.3482887983322144 0.7770596313476563 0.012954616546630859 0.01826751708984375
0 0.28565640449523927 0.7525656127929689 0.01007547378540039 0.016050109863281252
0 0.24679560661315916 0.8152586364746094 0.011051273345947266 0.015620574951171876
0 0.7995023727416992 0.343119125366211 0.012118911743164063 0.018262939453125
0 0.3577272891998291 0.7740679931640625 0.009233474731445312 0.01694427490234375
0 0.23683719635009765 0.7994330596923829 0.012195587158203125 0.017670135498046875
0 0.25329506802721086 0.8003401360544218 0.010416666666666666 0.01292517006802721
0 0.5239682855626328 0.8402335456475584 0.009952229299363088 0.014861995753715482
0 0.8037312825520834 0.8789062500000001 0.0079345703125 0.015625
0 0.8000691731770834 0.8634440104166667 0.009562174479166666 0.0126953125
