0 0.7539120674133301 0.9068635559082032 0.012433624267578125 0.018052062988281253
1 0.9010739326477051 0.17127296447753906 0.07285480499267578 0.058054351806640626
1 0.1885325312614441 0.5735657501220703 0.07560417652130128 0.060351562500000004
0 0.24350991249084472 0.6107749938964844 0.011520862579345703 0.0177899169921875
0 0.796396541595459 0.6967308807373047 0.010869598388671875 0.016805267333984377
0 0.4176706314086914 0.5523129272460938 0.011502647399902343 0.01609375
1 0.25454823970794677 0.9425703430175781 0.08421778678894043 0.02627410888671875
0 0.42174062728881834 0.568327865600586 0.011327362060546875 0.016499938964843752
0 0.7939135074615479 0.3064940643310547 0.010626888275146485 0.01614044189453125
0 0.3689406394958496 0.45395629882812505 0.011293649673461914 0.016782226562500002
0 0.3590367078781128 0.4623867797851563 0.010791683197021484 0.01665313720703125
