1 0.48374290466308595 0.4757927703857422 0.06393203735351563 0.08660568237304687
1 0.784882926940918 0.030115108489990237 0.055622863769531246 0.060230216979980475
0 0.4396820068359375 0.8818983459472657 0.012543582916259765 0.019055175781250003
1 0.06689672321081161 0.5913742065429688 0.07390837967395783 0.06764266967773438
0 0.8826834678649902 0.7060218048095703 0.013359832763671874 0.020231475830078127
1 0.19194060564041138 0.8593714904785157 0.02278459072113037 0.09729309082031251
1 0.5225326538085937 0.78215576171875 0.0716547966003418 0.064027099609375
0 0.5076436996459961 0.3569780731201172 0.011574172973632812 0.0181451416015625
1 0.6392749102781135 0.5642505085435987 0.015313434600830077 0.09522674560546876
1 0.7544884823848238 0.8810509167389495 0.06351626016260153 0.0454862424028598
0 0.5513099670410156 0.07636619567871095 0.010916614532470703 0.01764610290527344
0 0.5953343391418457 0.2457859802246094 0.011051368713378907 0.01804931640625
0 0.573338508605957 0.7747600555419922 0.010107421875 0.016185150146484376
0 0.6663710117340088 0.4645561218261719 0.008414268493652344 0.01258575439453125
0 0.6064485549926758 0.24535434722900393 0.011882781982421875 0.018686218261718752
0 0.27568902969360354 0.7162105560302735 0.012172126770019531 0.018635559082031253
0 0.6573970794677735 0.992538299560547 0.012411689758300782 0.014923400878906251
1 0.7771426151761517 0.8790650406504067 0.05631775067750671 0.09146341463414634
0 0.5498826291079812 0.22990023474178406 0.009719776995305077 0.016138497652582184
