1 0.4199814796447754 0.48703994750976565 0.0517120361328125 0.06584274291992188
2 0.44505977630615234 0.24903892517089846 0.023989200592041016 0.03733154296875
2 0.34638893604278564 0.05243221282958985 0.02003612518310547 0.03205421447753906
2 0.6516176223754883 0.24881988525390628 0.02184581756591797 0.0323944091796875
2 0.650806999206543 0.11289146423339845 0.023346900939941406 0.03883079528808594
1 0.718017578125 0.056438293457031254 0.07708930969238281 0.04397384643554688
2 0.5071718215942382 0.13606834411621094 0.027224159240722655 0.0405926513671875
1 0.613382625579834 0.44024444580078126 0.06982040405273438 0.03354782104492188
2 0.5344674110412597 0.1331048583984375 0.024278831481933594 0.03413330078125
1 0.9842174530029296 0.9658331298828126 0.02886829376220703 0.06833374023437501
2 0.012753495201468467 0.4058612060546875 0.022030074149370193 0.0359649658203125
2 0.6276469707489014 0.2566942596435547 0.020863819122314452 0.03638992309570313
2 0.6245315551757813 0.12106361389160157 0.02419891357421875 0.03876510620117188
2 0.47621812820434567 0.05161285400390625 0.025110816955566405 0.03573806762695313
0 0.4788851737976074 0.7650569152832032 0.011305809020996094 0.01708282470703125
2 0.004931879043579101 0.3746202087402344 0.009828251600265504 0.029915466308593753
1 0.570894718170166 0.08545085906982422 0.06517372131347657 0.042742919921875004
0 0.1325302839279175 0.44365127563476564 0.01278219223022461 0.018994903564453127
2 0.6065306663513184 0.03536277770996094 0.020935821533203124 0.030049743652343752
2 0.5978480815887451 0.06703178405761719 0.0223785400390625 0.03434524536132813
0 0.1417140007019043 0.48187133789062503 0.011894416809082032 0.015745849609375
0 0.7678386688232421 0.6325254821777344 0.010703754425048829 0.016927032470703127
