0 0.6349003791809082 0.9319187164306642 0.012539577484130858 0.0194244384765625
1 0.24028854370117186 0.7851452636718751 0.06706423759460449 0.03192596435546875
1 0.5251314163208007 0.17911521911621095 0.06873950958251954 0.048681869506835944
0 0.6824126243591309 0.6969333648681642 0.011790084838867187 0.01862548828125
0 0.007822450995445252 0.37038467407226566 0.013195648789405823 0.01947296142578125
1 0.2927518129348755 0.21507354736328127 0.028646230697631836 0.051280364990234376
0 0.67746000289917 0.34424369812011724 0.009255123138427735 0.013983612060546876
0 0.48446226119995117 0.957052459716797 0.008624076843261719 0.01421142578125
0 0.3371230544747082 0.10700389105058367 0.009119649805447475 0.01491569390402076
0 0.5742339494163424 0.9011024643320364 0.009524967574578488 0.018158236057068584
