0 0.954107666015625 0.135269775390625 0.012715911865234375 0.02081565856933594
1 0.8050014495849609 0.8345385742187501 0.032202720642089844 0.12902053833007812
0 0.0670509934425354 0.32414573669433594 0.011538195610046386 0.01800018310546875
0 0.6323160171508789 0.09113510131835938 0.012098026275634766 0.01812286376953125
0 0.3949404001235962 0.7235031890869141 0.013029050827026366 0.019428863525390628
0 0.365906286239624 0.841919403076172 0.012380695343017578 0.018724212646484377
0 0.3673400402069092 0.5772315979003907 0.011465024948120118 0.01755523681640625
0 0.07629462480545043 0.9461594390869141 0.011610054969787597 0.018516998291015625
0 0.6641248226165771 0.16839340209960937 0.011201953887939453 0.017381439208984377
0 0.19126241207122802 0.9899691772460938 0.01208038330078125 0.016755371093750002
0 0.7154808044433594 0.8484321594238282 0.010445594787597656 0.01732208251953125
0 0.7239699363708496 0.7764906311035157 0.012521171569824218 0.01795928955078125
0 0.9019359588623047 0.25461753845214846 0.011820220947265625 0.018182373046875002
0 0.7268081665039062 0.8573493194580079 0.014102172851562499 0.020933990478515626
0 0.6110834121704102 0.9190235900878907 0.011482810974121094 0.017774353027343752
0 0.9011510848999024 0.27276885986328125 0.012340545654296875 0.017349700927734375
0 0.366864013671875 0.8127423095703126 0.012462425231933593 0.0185955810546875
0 0.2121275186538696 0.046203384399414064 0.011938142776489257 0.019000701904296875
0 0.20278565883636473 0.9125962829589844 0.011514568328857422 0.0182879638671875
0 0.21872329711914062 0.888652801513672 0.011588478088378906 0.0172119140625
0 0.38689627647399905 0.8016841125488282 0.012611675262451171 0.018426513671875002
0 0.37752633094787597 0.7877635192871094 0.012980461120605469 0.019319458007812502
0 0.7039961814880371 0.16309844970703127 0.010770225524902343 0.016382904052734376
0 0.5025411605834961 0.9742834472656251 0.0089019775390625 0.013403320312500001
0 0.21494019031524658 0.9050753784179688 0.011518430709838868 0.01830291748046875
0 0.36776008605957033 0.7686388397216798 0.011646270751953125 0.01607025146484375
0 0.3447105407714844 0.753229217529297 0.011436271667480468 0.01601318359375
0 0.3345352649688721 0.746201171875 0.009852743148803711 0.01417724609375
0 0.35392422676086427 0.7862001037597657 0.012564468383789062 0.018392791748046877
0 0.3422597646713257 0.7369174957275391 0.011585807800292969 0.018726959228515628
0 0.7253086419753086 0.38950617283950617 0.01080246913580242 0.020987654320987637
0 0.6554783950617282 0.6006172839506172 0.012345679012345675 0.016049382716049367
0 0.3352864583333333 0.7636217948717949 0.00984909188034185 0.01602564102564107
0 0.3413795405982906 0.7799145299145299 0.009014423076923054 0.011217948717948711
0 0.3544838408119658 0.7633547008547009 0.008513621794871777 0.01549145299145304
