0 0.05417734235525131 0.5704611206054688 0.011859014630317688 0.01706298828125
1 0.9038646697998046 0.46126464843750004 0.06958351135253907 0.02583282470703125
0 0.41625022888183594 0.2059962844848633 0.011886501312255859 0.018953323364257812
0 0.40210137367248533 0.9642005920410157 0.010895156860351562 0.016625671386718752
1 0.33316378593444823 0.6432493591308595 0.022699928283691405 0.1384562683105469
0 0.6899010181427002 0.8430213928222656 0.011999797821044923 0.019088134765625
2 0.8742613792419434 0.7294224548339844 0.012432861328125 0.02155975341796875
0 0.04753851890563965 0.5861961364746094 0.012213683128356934 0.01700531005859375
2 0.7643324851989746 0.3202066802978516 0.022158336639404298 0.030686187744140628
0 0.46514482498168946 0.7998074340820313 0.01120147705078125 0.016614379882812502
0 0.9349184036254883 0.3816490936279297 0.012454986572265625 0.018722686767578125
0 0.7783812046051025 0.29358848571777346 0.012393856048583984 0.018625640869140626
0 0.8990775108337402 0.4137133026123047 0.012609672546386718 0.019136810302734376
0 0.09364007115364074 0.9423806762695313 0.011643004417419434 0.01800750732421875
0 0.1956204891204834 0.5825558471679688 0.01103067398071289 0.01644195556640625
0 0.1883791208267212 0.6984323120117188 0.01180253028869629 0.01813934326171875
