0 0.09127765297889709 0.3504837036132813 0.012136745452880859 0.018151550292968752
1 0.7976871490478515 0.10627719879150391 0.06051521301269531 0.05091606140136719
1 0.8364731788635253 0.7248396301269532 0.08287372589111328 0.05709838867187501
1 0.6911797046661377 0.5431981658935547 0.08078718185424805 0.04095550537109375
2 0.12513244152069092 0.6874275207519531 0.023131299018859863 0.0340692138671875
1 0.24107131958007813 0.6447284698486329 0.0556671142578125 0.10065887451171876
2 0.765575361251831 0.4865528869628907 0.022765922546386718 0.03797103881835938
2 0.7421398639678956 0.4854600524902344 0.022012615203857423 0.035234375000000005
2 0.8946086883544921 0.495712890625 0.02448692321777344 0.03862716674804688
0 0.03536432385444641 0.9622235107421876 0.01279984712600708 0.018799743652343753
2 0.9736856460571289 0.9413404846191407 0.020699691772460938 0.0400323486328125
0 0.7756147384643555 0.7377799987792969 0.012505531311035156 0.019913635253906253
2 0.7434862136840821 0.5244331359863281 0.02113971710205078 0.036884155273437504
1 0.42605981826782224 0.5666069030761719 0.0874964714050293 0.02902236938476563
2 0.9868507385253906 0.9335569763183594 0.01843414306640625 0.042022705078125
2 0.22190961837768555 0.7691313171386719 0.022415018081665038 0.025585327148437503
1 0.6468904972076416 0.4321772003173828 0.021947669982910156 0.13150558471679688
2 0.7232466697692871 0.5111882019042969 0.019270896911621094 0.033021545410156256
