1 0.8229215621948242 0.7075052642822266 0.05488605499267578 0.06149887084960938
1 0.9011199951171874 0.8363696289062501 0.03521652221679687 0.11982666015625001
1 0.41779170036315916 0.1130908203125 0.03807554244995117 0.07961441040039063
0 0.708622932434082 0.16821346282958985 0.012027263641357422 0.016980819702148438
1 0.17591887712478638 0.6133862304687501 0.027346348762512206 0.0730609130859375
1 0.12362773716449738 0.05170299530029297 0.07861031889915467 0.03311721801757813
0 0.2741801977157593 0.10511245727539063 0.012623405456542969 0.020173034667968753
0 0.703763771057129 0.32791675567626954 0.01213665008544922 0.01848876953125
0 0.6666409969329834 0.7308192443847656 0.010142230987548828 0.01673492431640625
0 0.44481430053710935 0.5242615509033204 0.012835693359374999 0.01967864990234375
0 0.6835651874542237 0.7156553649902344 0.011599063873291016 0.01665924072265625
0 0.8600625991821289 0.6815745544433595 0.0121795654296875 0.018537292480468752
0 0.9518278121948242 0.566458740234375 0.011197090148925781 0.017742767333984374
2 0.4636850357055664 0.9737879943847657 0.019011878967285158 0.029737548828125
0 0.8788700103759766 0.345299072265625 0.01034393310546875 0.017296295166015625
0 0.4039618968963623 0.8850506591796875 0.01108865737915039 0.01695098876953125
0 0.3880199432373047 0.7199137878417969 0.010971927642822265 0.016954345703125002
0 0.8729001998901367 0.8222886657714844 0.010923385620117188 0.01761688232421875
0 0.3467764616012573 0.9161066436767579 0.012141275405883788 0.017397613525390626
0 0.06173544526100159 0.7038352966308594 0.0114449143409729 0.01639190673828125
0 0.8388776632864937 0.2449829747454059 0.012867355346679687 0.020480499267578126
0 0.6602815550906556 0.10163877266387727 0.010024407252440781 0.01778242677824268
0 0.5752920153417016 0.040969316596931656 0.01176778242677834 0.018479776847977684
0 0.3362416362530414 0.909823600973236 0.010264598540146016 0.01672749391727488
0 0.33614659367396593 0.9282238442822384 0.010834854014598546 0.018248175182481723
