0 0.1935330867767334 0.6328936767578125 0.011641597747802735 0.018159790039062502
1 0.5677971839904785 0.6325254058837891 0.0550210952758789 0.026294403076171875
2 0.7803818702697753 0.8015963745117188 0.023134994506835937 0.037973022460937506
2 0.5579471588134766 0.8876387023925781 0.02305755615234375 0.033146514892578124
1 0.11364318132400512 0.3757611083984375 0.041985058784484865 0.04742401123046875
2 0.5705056190490723 0.9521106719970703 0.02508373260498047 0.03600906372070313
2 0.5892513275146485 0.8741726684570313 0.022271728515625 0.032808532714843755
2 0.5446672439575195 0.917678680419922 0.023316192626953124 0.034396362304687504
2 0.5450681686401367 0.9528252410888672 0.025207138061523436 0.0363226318359375
2 0.5742488861083984 0.9186897277832032 0.022873306274414064 0.031358947753906255
0 0.1620720624923706 0.6070562744140625 0.012556362152099609 0.01898162841796875
0 0.3492431163787842 0.509266357421875 0.01200103759765625 0.018654785156250003
0 0.7050061225891113 0.7386138916015625 0.011181259155273437 0.018281555175781252
1 0.01447654664516449 0.4802500915527344 0.028650856018066405 0.04349990844726563
0 0.4358689308166504 0.24273147583007815 0.013782310485839843 0.019303283691406253
0 0.6533408164978027 0.37423187255859375 0.013739681243896485 0.0218914794921875
0 0.3176349765258216 0.620011737089202 0.011003521126760537 0.01701877934272299
