0 0.4806058883666992 0.3128257751464844 0.012793540954589844 0.021545071072048613
0 0.6164734840393067 0.801200188530816 0.011749649047851562 0.02018093532986111
0 0.4522045135498047 0.4450410630967882 0.013064575195312499 0.0207550048828125
2 0.9578027725219727 0.40742696126302086 0.023706436157226562 0.03930901421440972
0 0.11103109121322631 0.6669837951660157 0.012122774124145507 0.022007242838541666
0 0.4901057243347168 0.5043475680881077 0.013355350494384766 0.02257470024956597
0 0.3286347150802612 0.5981277465820313 0.01181650161743164 0.020495266384548613
0 0.5028009414672852 0.47598656548394097 0.012021446228027343 0.020945570203993055
0 0.5769442558288574 0.8823606703016493 0.012422466278076172 0.02071295844184028
2 0.8809056282043457 0.18994352552625868 0.021831703186035157 0.04865629408094618
0 0.2147449731826782 0.20695745680067276 0.011596012115478515 0.01921174791124132
0 0.4630984306335449 0.4650148179796007 0.012692642211914061 0.02199367947048611
2 0.16893415451049804 0.8418394300672744 0.022319698333740236 0.03788350423177084
0 0.8656620025634766 0.20742458767361113 0.011600494384765625 0.019194539388020834
0 0.22587990760803223 0.197727542453342 0.01188344955444336 0.020197719997829863
0 0.7872596153846153 0.6762820512820513 0.01030219780219781 0.018823768823768804
