1 0.3237259864807129 0.46475838555230037 0.060029125213623045 0.08795928955078125
0 0.8797832489013672 0.8463863796657987 0.010364723205566407 0.017986043294270834
0 0.5285896301269531 0.7051664564344619 0.012146949768066406 0.019872029622395836
0 0.17926785945892335 0.1937203301323785 0.0121429443359375 0.01925014919704861
0 0.27126526832580566 0.10945103963216146 0.011641120910644532 0.019004652235243055
0 0.8204288482666016 0.15311304728190106 0.0099700927734375 0.01806064181857639
0 0.3839766502380371 0.24957093132866753 0.01251063346862793 0.019602288140190972
0 0.14047203063964844 0.37212677001953126 0.010978984832763671 0.018633015950520835
0 0.6887075424194335 0.14686364067925348 0.01367502212524414 0.024287584092881946
0 0.2382871150970459 0.4197703043619792 0.012508869171142578 0.020427449544270834
0 0.2912597179412842 0.16985181172688804 0.01175384521484375 0.0187042236328125
0 0.5260604858398438 0.5690008375379775 0.013268375396728515 0.021815321180555555
0 0.8474656105041504 0.37085520426432295 0.0122772216796875 0.02014092339409722
0 0.826407241821289 0.4370938618977865 0.011798477172851563 0.022705247667100695
0 0.014963242411613464 0.5864034016927083 0.01088331937789917 0.019387139214409724
0 0.06149138212203979 0.3488833957248264 0.011540651321411133 0.019306437174479166
0 0.8416428542357347 0.40402741594561026 0.010321812585659392 0.01655567282003995
0 0.9964457511901855 0.22785975138346354 0.007108497619628906 0.019990370008680557
0 0.8329621511182296 0.39008512891087366 0.013636016845703125 0.01875339084201389
0 0.7583781242370605 0.9168931749131944 0.010766983032226562 0.018312072753906252
0 0.8376768533368755 0.41749193302029625 0.010729416751941537 0.016214939818163
0 0.828676007556675 0.4105560220169792 0.01167611251049531 0.01889168765743071
0 0.7096846137699412 0.09942625244892252 0.009577036104114237 0.01842522623379046
