1 0.6632755279541016 0.4834495544433594 0.06041145324707031 0.10086425781250001
0 0.6525111198425293 0.20926559448242188 0.01254892349243164 0.019540557861328127
0 0.69284987449646 0.6251300811767578 0.011877822875976562 0.017506713867187502
2 0.13968360424041748 0.46018035888671877 0.021385002136230468 0.037052001953125004
1 0.20978846549987792 0.8549967193603516 0.06907110214233399 0.077359619140625
2 0.8093523979187012 0.46678779602050785 0.023805809020996094 0.037979736328125
0 0.40176882743835446 0.5747044372558594 0.01105947494506836 0.017286529541015627
0 0.3941373825073242 0.8183166503906251 0.01216421127319336 0.0195294189453125
1 0.18806504011154174 0.8774217224121095 0.026896071434020997 0.11448577880859376
0 0.9324778556823731 0.28649063110351564 0.012410545349121093 0.01958183288574219
0 0.20272855162620543 0.7329243469238281 0.012712490558624267 0.019476318359375
0 0.6817736625671387 0.24879405975341798 0.010759735107421875 0.016346435546875
0 0.6800936698913574 0.26633907318115235 0.01048583984375 0.015008926391601564
0 0.6710595607757568 0.2549563217163086 0.01094512939453125 0.017469863891601562
0 0.08043780326843261 0.8335433959960938 0.015097284317016601 0.022210998535156252
0 0.36467676162719725 0.559452133178711 0.009678077697753907 0.014356536865234375
0 0.9762346267700195 0.3608128356933594 0.011902999877929688 0.019425659179687502
