1 0.646077823638916 0.6627939860026042 0.030016613006591798 0.1314968532986111
2 0.6047241687774658 0.2460852728949653 0.02333965301513672 0.042546590169270836
2 0.48538637161254883 0.5260625203450521 0.02771797180175781 0.04202541775173611
0 0.9076263427734375 0.4452338324652778 0.01265411376953125 0.021520317925347223
0 0.1536553668217044 0.13710673964269862 0.012660398635033557 0.01891884902281044
0 0.48067350387573243 0.7981413947211372 0.010535240173339844 0.019665696885850695
0 0.44099464416503903 0.3575571695963542 0.01166534423828125 0.01990390353732639
0 0.6165919303894043 0.4524056328667535 0.01243419647216797 0.019317626953125
0 0.7907659530639648 0.7638922797309028 0.011778831481933594 0.019195726182725695
0 0.2960909128189087 0.9261032104492188 0.011251401901245118 0.018028767903645833
0 0.7304094314575196 0.27228402031792537 0.01069183349609375 0.01896387736002604
0 0.686074686050415 0.42927161322699653 0.011182212829589843 0.020365397135416668
0 0.48734402656555176 0.205887688530816 0.010461235046386718 0.01789584689670139
0 0.16254056051148844 0.0971139334176875 0.010539663736544616 0.024458155870748243
0 0.08389317017903482 0.017729317505178165 0.00975660836476974 0.018514936551154937
0 0.5433907508850098 0.16430638631184896 0.010317420959472657 0.019969601101345488
0 0.07378036013400335 0.022566536385631865 0.009422110552763815 0.018146286990508093
0 0.7201354679802956 0.27846195949644226 0.009749589490968802 0.01687648239372379
0 0.17877668308702793 0.7019704433497537 0.011288998357963879 0.018244845831052695
