0 0.8212579727172852 0.49301706949869795 0.012395858764648438 0.02035556369357639
0 0.904271125793457 0.5295750935872396 0.01337127685546875 0.022365654839409724
0 0.8337820053100585 0.24654104444715713 0.012380599975585938 0.01976962619357639
0 0.7684778213500977 0.4452696058485243 0.0118255615234375 0.020293850368923613
0 0.37019684314727785 0.5055438571506077 0.011686134338378906 0.019697401258680556
0 0.09146885871887207 0.3931502448187934 0.012614202499389647 0.021514892578125
0 0.0647185742855072 0.5912830776638455 0.013112497329711913 0.023050944010416668
2 0.6957493782043457 0.42919158935546875 0.022607803344726562 0.03821377224392361
0 0.7091245174407959 0.0848464118109809 0.010654544830322266 0.017478434244791667
0 0.1841806173324585 0.2369426727294922 0.011367416381835938 0.01979158189561632
0 0.7759020805358887 0.08492584228515625 0.012792015075683593 0.020487128363715277
0 0.30446901321411135 0.5725775824652778 0.010610580444335938 0.018913777669270833
0 0.6101260185241699 0.9426008436414931 0.01228485107421875 0.019938829210069446
0 0.7491791725158692 0.4141330295138889 0.013622856140136719 0.021000840928819445
0 0.19961390495300294 0.9378685845269098 0.012782478332519531 0.019794548882378474
0 0.8862220764160156 0.8140767415364584 0.011407470703125 0.01941714816623264
0 0.31494884490966796 0.5694861518012153 0.012101173400878906 0.019160122341579863
0 0.46157407760620117 0.3226732889811198 0.012917423248291015 0.022506374782986113
0 0.5793414115905762 0.2564734564887153 0.011651420593261718 0.021624077690972222
0 0.3127346096096096 0.5890473807140474 0.010792042042042028 0.01793460126793468
0 0.8520079495614034 0.3202972709551657 0.009251644736842124 0.01705653021442491
0 0.8725671600877193 0.03429580896686157 0.012678179824561415 0.02010233918128655
0 0.9258497807017543 0.5883284600389863 0.01096491228070171 0.01827485380116956
