1 0.6393900871276855 0.8918935987684462 0.06130924224853516 0.08640882703993055
0 0.35786848068237304 0.9380625406901042 0.011784839630126952 0.01932339138454861
0 0.8940408706665038 0.2919592963324653 0.01363067626953125 0.02151590983072917
2 0.9362327575683593 0.09755520290798611 0.02580299377441406 0.04814130995008681
2 0.9305672645568848 0.05054516262478299 0.02247772216796875 0.03710674709743924
0 0.28983569145202637 0.1802231682671441 0.011795282363891602 0.019208611382378473
0 0.7420865535736084 0.20227979024251302 0.010542678833007812 0.017960103352864583
0 0.28472533226013186 0.15724444919162328 0.010915613174438477 0.01789372762044271
0 0.007571780681610107 0.35167355007595485 0.012402641773223876 0.02118750678168403
0 0.3646531105041504 0.41779649522569445 0.010662460327148437 0.018193223741319445
0 0.6640812873840332 0.3958536783854167 0.011439323425292969 0.017103746202256943
0 0.6540122032165527 0.40572187635633683 0.0102203369140625 0.02123752170138889
0 0.15496542453765869 0.4618596394856771 0.011623001098632813 0.020945570203993055
0 0.9521290779113769 0.3522028605143229 0.010115814208984376 0.018731011284722224
0 0.9087453842163086 0.3094288296169705 0.009709548950195313 0.017619832356770834
0 0.35875883102416994 0.4378123813205295 0.009708213806152343 0.016923522949218752
0 0.9520463943481445 0.07295956081814237 0.012472152709960938 0.020601569281684027
0 0.687354564666748 0.253753662109375 0.008293724060058594 0.014673699273003472
0 0.16070253849029542 0.4754247029622396 0.0070326805114746095 0.012470160590277779
0 0.5892901696606787 0.1889554224883566 0.010291916167664656 0.01996007984031936
