1 0.12349907159805297 0.8384371439615885 0.05346705913543701 0.09146728515625001
1 0.5954103469848633 0.30292629665798615 0.0289677619934082 0.14664171006944446
0 0.37260749340057375 0.01876996358235677 0.012795495986938476 0.02116300794813368
0 0.20741455554962157 0.04416631062825521 0.012272453308105469 0.02047661675347222
0 0.1333802819252014 0.13312038845486113 0.011654019355773926 0.019251505533854168
0 0.1279815435409546 0.4200926038953993 0.012206816673278808 0.01981268988715278
0 0.48865351676940916 0.416230943467882 0.011971569061279297 0.020811971028645834
0 0.8151691436767577 0.16417020161946616 0.011658477783203124 0.02028537326388889
0 0.9953529357910156 0.3357693142361111 0.009038925170898438 0.01844855414496528
0 0.15095059871673583 0.05844285753038195 0.012086296081542968 0.02083197699652778
0 0.8210330963134765 0.20439317491319445 0.011968231201171875 0.020464579264322918
0 0.906313133239746 0.4135510762532552 0.012961959838867188 0.020468648274739584
0 0.6838972568511963 0.3651104397243924 0.01186990737915039 0.020137532552083334
0 0.7956187185929647 0.8724176437744279 0.01203936348408708 0.020472734040573242
