1 0.8771719932556152 0.5122367011176215 0.033111190795898436 0.11958584255642361
1 0.19042556285858153 0.11356459723578559 0.030689001083374023 0.11533287896050348
1 0.37058453559875487 0.12427601284450955 0.023667287826538087 0.16533160739474828
2 0.3838103532791138 0.4470706515842014 0.026414203643798827 0.03744642469618056
2 0.5092771053314209 0.4093416002061632 0.030432891845703126 0.04670511881510417
0 0.4276073455810547 0.714106920030382 0.012595176696777344 0.01914130316840278
0 0.40308413505554197 0.9794057210286459 0.01217947006225586 0.020551893446180556
0 0.5774641990661621 0.849566141764323 0.011394596099853516 0.018879869249131945
0 0.13177247047424318 0.7102021959092882 0.01191883087158203 0.0216552734375
0 0.06974167864030927 0.4832146259635142 0.01105508723842444 0.018099580703070026
0 0.032716548442840575 0.42324617173936635 0.01152346134185791 0.02033877902560764
0 0.892482978326303 0.7491959978687093 0.009015524828875479 0.014639554331168475
0 0.08403019309043884 0.9518988715277779 0.012815749645233155 0.021466064453125
0 0.9084827423095703 0.4858117845323351 0.01301422119140625 0.020559861924913197
0 0.798371696472168 0.7325572543674045 0.012425613403320313 0.02274390326605903
0 0.5212712287902832 0.7954801771375868 0.011045074462890625 0.018886820475260416
0 0.8211029052734374 0.3477088080512153 0.011444854736328124 0.021293131510416667
0 0.42227678298950194 0.7329236348470053 0.010487174987792969 0.018102010091145836
0 0.5807332992553711 0.870108625623915 0.011680221557617188 0.01727413601345486
0 0.6527983665466308 0.43091956244574653 0.011607551574707031 0.023197767469618057
0 0.022145584225654602 0.42853342692057295 0.01314130425453186 0.02249213324652778
0 0.25303330421447756 0.8218504163953994 0.010743999481201172 0.019183010525173613
0 0.028633686900138854 0.6015170627170139 0.012138527631759644 0.02153388129340278
0 0.9448542853932321 0.752323992065932 0.010368589707362711 0.022100987061551475
0 0.9400171279907227 0.10542318556043838 0.011684417724609375 0.01741697523328993
0 0.03588959192424887 0.4525316455696202 0.010597749249341619 0.01711204875761841
0 0.2639317512512207 0.8222374810112848 0.012655353546142578 0.020640733506944446
0 0.8820249557495117 0.7415593465169271 0.011901473999023438 0.020567830403645834
0 0.9061898231506348 0.3685481601291233 0.01168212890625 0.020501030815972224
0 0.09618483781814575 0.9472646077473958 0.01292736530303955 0.02112460666232639
0 0.6628941059112549 0.43284132215711807 0.011484527587890625 0.019962056477864584
2 0.15899964570999145 0.1859383477105035 0.014851045608520507 0.02325998942057292
0 0.41423873901367186 0.7171271430121529 0.011923789978027344 0.018897501627604167
0 0.23754987716674805 0.03420007493760851 0.012345981597900391 0.01929940117730035
0 0.8428058624267578 0.27587017483181425 0.011838150024414063 0.02041812472873264
0 0.4033520698547363 0.09584053887261285 0.01024169921875 0.01740875244140625
0 0.4066200256347656 0.11500600179036459 0.01172332763671875 0.018501790364583333
0 0.8103351593017578 0.3460535685221354 0.012628173828125 0.021641370985243057
0 0.029272151898734177 0.4404594467885607 0.010548523206751056 0.015471167369901511
0 0.44823168682795705 0.027628434886499405 0.010710685483870996 0.018667861409796895
0 0.3962533602150538 0.10976702508960574 0.00966061827956987 0.018667861409796892
0 0.38711777553763443 0.12171445639187574 0.010290658602150534 0.01792114695340501
0 0.917920524691358 0.7218792866941015 0.010223765432098849 0.018518518518518517
