1 0.24054911136627197 0.45241665310329865 0.059193086624145505 0.06559651692708333
2 0.596803092956543 0.783819071451823 0.025937652587890624 0.040191650390625
2 0.544562816619873 0.6612209743923612 0.031299686431884764 0.05063323974609375
2 0.8615642547607422 0.5864749484592015 0.024848175048828126 0.04797125922309028
0 0.18149405717849731 0.5078518337673611 0.011313843727111816 0.019084676106770834
0 0.9159681320190429 0.9560748630099827 0.011142349243164063 0.02077975802951389
0 0.37659440040588377 0.9526011149088542 0.011222267150878906 0.020472208658854168
0 0.30582065490868904 0.6642057606375806 0.007904815673828124 0.013164435492621529
0 0.617012357711792 0.8074106852213542 0.014197731018066406 0.020239427354600697
0 0.4126407146453857 0.12644538879394532 0.010184764862060547 0.017658827039930557
0 0.30383777618408203 0.6482787238226997 0.00973663330078125 0.017764790852864584
0 0.2618299961090088 0.02227817111545139 0.01696491241455078 0.02918819851345486
0 0.31415491104125975 0.6286873711480035 0.01277303695678711 0.021336534288194445
0 0.18059916496276857 0.007633293999565973 0.01133124828338623 0.015266587999131945
0 0.3347909450531006 0.6168921576605904 0.013205528259277344 0.018619961208767362
0 0.3185368776321411 0.6709362453884549 0.010129928588867188 0.016169230143229168
0 0.31621072949946755 0.6530292273103774 0.009484824281150198 0.015678617915039623
0 0.3266939563365282 0.6561353685954324 0.009817625133120345 0.015382794935510553
0 0.32927316293929715 0.6411963081292156 0.009318423855165096 0.013903680037865301
