2 0.61796875 0.7361111111111112 0.0234375 0.040740740740740744
2 0.6169270833333333 0.7740740740740741 0.024479166666666666 0.040740740740740744
2 0.63359375 0.8958333333333334 0.021354166666666667 0.04166666666666667
2 0.628125 0.937962962962963 0.020833333333333332 0.04259259259259259
2 0.4552083333333333 0.9157407407407407 0.020833333333333332 0.03333333333333333
2 0.82578125 0.15972222222222224 0.021354166666666667 0.04537037037037037
2 0.8195312499999999 0.20185185185185187 0.025520833333333333 0.04259259259259259
2 0.8265625 0.24861111111111112 0.020833333333333332 0.04166666666666667
1 0.65390625 0.42638888888888893 0.06510416666666667 0.05092592592592593
0 0.11354166666666667 0.022685185185185187 0.010416666666666666 0.017592592592592594
0 0.1109375 0.19074074074074074 0.014583333333333334 0.020370370370370372
0 0.24166666666666667 0.40231481481481485 0.0125 0.021296296296296296
0 0.2716145833333333 0.3560185185185185 0.011979166666666666 0.019444444444444445
0 0.3385416666666667 0.44351851851851853 0.011458333333333333 0.022222222222222223
0 0.13880208333333333 0.5212962962962964 0.011979166666666666 0.018518518518518517
0 0.14947916666666666 0.5300925925925926 0.011458333333333333 0.017592592592592594
0 0.12942708333333333 0.5375 0.013020833333333334 0.017592592592592594
0 0.13958333333333334 0.5546296296296297 0.0125 0.018518518518518517
0 0.34765625 0.712962962962963 0.011979166666666666 0.020370370370370372
0 0.2916666666666667 0.9060185185185186 0.010416666666666666 0.015740740740740743
0 0.015364583333333333 0.8726851851851852 0.011979166666666666 0.019444444444444445
0 0.675 0.9666666666666667 0.014583333333333334 0.018518518518518517
