1 0.15610251426696778 0.6724994659423829 0.06828112602233886 0.07639266967773438
1 0.306198787689209 0.5817818450927734 0.06114668846130371 0.06022552490234375
1 0.6042324542999268 0.9609068298339845 0.08339252471923828 0.052315673828125006
1 0.3815383672714233 0.669291229248047 0.04923901557922363 0.0660968017578125
1 0.039468929171562195 0.08099258422851563 0.06850332617759705 0.0542889404296875
0 0.3646823883056641 0.3256442260742188 0.012502193450927734 0.01895721435546875
0 0.11008949279785156 0.9860372543334962 0.012403225898742676 0.018991775512695312
1 0.42002307176589965 0.5955966949462891 0.05729920864105224 0.04529296875
1 0.946124267578125 0.44460113525390627 0.023343658447265624 0.15093734741210937
1 0.6515081405639649 0.1791485595703125 0.07928857803344727 0.041034393310546875
2 0.9404695510864257 0.8765318298339845 0.025713539123535155 0.0342840576171875
0 0.8035055160522461 0.6363831329345704 0.011051559448242187 0.017599945068359376
0 0.49579200744628904 0.06286521911621094 0.010735130310058594 0.017572326660156252
1 0.012938370928168297 0.025589752197265628 0.02447172477841377 0.03742355346679688
