1 0.24158797264099122 0.6071644253200955 0.015181684494018554 0.10448269314236111
2 0.4976527690887451 0.9253757052951389 0.023635482788085936 0.04062228732638889
1 0.513676929473877 0.8626936170789931 0.042948341369628905 0.11765916612413195
2 0.7455265998840332 0.9696870591905382 0.0214599609375 0.047036404079861115
0 0.7765202522277832 0.5554745144314236 0.011284446716308594 0.018771023220486113
0 0.14796738624572753 0.8840128580729167 0.011524152755737305 0.017866346571180556
0 0.8798432350158691 0.08577262030707465 0.012724685668945312 0.021658833821614584
0 0.6390847206115723 0.14286456637912326 0.011817359924316406 0.02193450927734375
0 0.4717128243512974 0.4794854734974496 0.010915668662674646 0.01774229319139501
0 0.22864856020942406 0.6168314911770408 0.00845331588132634 0.016967229009113828
