1 0.9260310173034668 0.9149478149414063 0.04896869659423828 0.10330444335937501
2 0.41284966468811035 0.40705657958984376 0.025082206726074217 0.0414556884765625
0 0.18709983825683593 0.8854575347900391 0.012035846710205078 0.01881805419921875
1 0.007983836531639098 0.919495086669922 0.01594294309616089 0.1184173583984375
0 0.27247045040130613 0.22282531738281253 0.011286544799804687 0.016607818603515626
0 0.20882816314697264 0.36124588012695313 0.011718845367431641 0.018341979980468753
0 0.1291433811187744 0.8852439117431641 0.011283683776855468 0.017372894287109378
0 0.6602043628692627 0.36341941833496094 0.011292457580566406 0.0175042724609375
0 0.6831130504608154 0.6077207946777344 0.011242866516113281 0.0183148193359375
0 0.6717211723327636 0.6020539855957031 0.012416839599609375 0.018483581542968752
0 0.8460384368896484 0.2333852767944336 0.011781692504882812 0.017542724609375
0 0.2803098917007446 0.8275818634033204 0.010626459121704101 0.016983642578125
0 0.9608123779296874 0.32551528930664064 0.010118484497070312 0.014280548095703127
2 0.4422567844390869 0.3451473999023438 0.014627647399902343 0.02108673095703125
0 0.4885712623596191 0.08998592376708985 0.011479377746582031 0.017830276489257814
0 0.5013106822967529 0.45460586547851567 0.010423851013183594 0.015640411376953125
2 0.9613656997680664 0.3259210205078125 0.009627151489257812 0.014676666259765625
2 0.04930555555555556 0.17083333333333334 0.022916666666666665 0.04388888888888891
