1 0.21216814517974852 0.18293136596679688 0.0724977970123291 0.06624557495117188
0 0.17081520557403565 0.4141777038574219 0.011640477180480956 0.018330841064453127
0 0.8151695251464843 0.4501139068603516 0.010929679870605469 0.017818756103515625
0 0.20327296257019042 0.43603736877441407 0.011969280242919923 0.018212432861328127
0 0.6698894023895263 0.6481029510498048 0.01027975082397461 0.015820922851562502
0 0.40720252990722655 0.11005558013916017 0.010457420349121093 0.014959182739257813
0 0.01466900110244751 0.3905101776123047 0.013184860348701477 0.01889434814453125
0 0.46685142517089845 0.43273635864257814 0.009303760528564454 0.015228881835937501
0 0.658113670349121 0.6511247253417969 0.011261177062988282 0.017262268066406253
0 0.5046998977661132 0.11655258178710938 0.011915206909179688 0.018351593017578126
0 0.39797296524047854 0.545600814819336 0.009619998931884765 0.014510955810546875
0 0.22052948474884032 0.5710505676269532 0.01216263771057129 0.02013214111328125
0 0.3487908363342285 0.9456550598144532 0.011088085174560548 0.01747467041015625
0 0.6646797180175781 0.6653858947753907 0.009960174560546875 0.01466888427734375
0 0.40244456529617306 0.09490886688232422 0.010507559776306153 0.015451965332031251
0 0.4767871856689453 0.4338681030273438 0.011256217956542969 0.020048675537109376
0 0.004541165381669998 0.40102188110351566 0.008715282380580901 0.020661926269531252
0 0.006460754759609699 0.5689231872558594 0.010207843407988549 0.016031494140625
0 0.41426682472229004 0.09460617065429688 0.009963512420654297 0.014765167236328126
1 0.7322401523590087 0.9109893798828126 0.05715961456298828 0.09314392089843751
0 0.011168871633708477 0.5468524169921876 0.01083296574652195 0.016808319091796878
0 0.014047491177916526 0.3978269958496094 0.012657321244478225 0.020577392578125003
0 0.013789361715316773 0.4076115417480469 0.013126644492149352 0.018609313964843752
0 0.47482638888888884 0.42052469135802467 0.009837962962962975 0.017592592592592573
