1 0.4953909873962402 0.786845932006836 0.04737720489501953 0.07859039306640625
2 0.2530428647994995 0.8704749298095704 0.02565207481384277 0.03836746215820313
0 0.7810717105865479 0.4092092895507813 0.011672210693359376 0.018327789306640627
1 0.259012508392334 0.3441744232177735 0.035015010833740236 0.1013763427734375
2 0.8076566934585571 0.05824302673339844 0.02326312065124512 0.03556182861328125
0 0.507234001159668 0.30729438781738283 0.011160469055175782 0.01743316650390625
2 0.7623494148254395 0.03784744262695313 0.025838661193847656 0.03369888305664063
2 0.7838552951812744 0.07195594787597656 0.023640537261962892 0.03954940795898438
2 0.7603834629058838 0.07144569396972657 0.024233436584472655 0.03778915405273438
0 0.4358231544494629 0.8518635559082032 0.012139129638671874 0.018467712402343753
2 0.5754196643829346 0.17594623565673828 0.017303848266601564 0.025849304199218753
0 0.023985199630260468 0.6465695190429688 0.011856523156166077 0.01793548583984375
0 0.9851621627807617 0.2682994842529297 0.012766838073730469 0.018063659667968752
0 0.9896892547607422 0.2845696258544922 0.010816192626953125 0.016262359619140625
0 0.041564223170280454 0.020638198852539064 0.012544411420822143 0.019768142700195314
2 0.7822582721710205 0.017254104614257814 0.021305084228515625 0.03435287475585938
0 0.5247118794326242 0.5047281323877069 0.009973404255319155 0.01654846335697395
