2 0.46169338226318357 0.5732077789306641 0.020075511932373048 0.02909469604492188
1 0.5120366096496582 0.2032683563232422 0.050941085815429686 0.053576202392578126
0 0.8192148208618164 0.1826004409790039 0.012259292602539062 0.019644088745117187
2 0.40584149360656735 0.9455847167968751 0.020564937591552736 0.03213653564453125
2 0.4216499328613281 0.8308843994140626 0.01965045928955078 0.03014984130859375
2 0.38155479431152345 0.8405105590820313 0.023250579833984375 0.03572662353515625
2 0.38094310760498046 0.7967169189453126 0.018598079681396484 0.03380340576171875
2 0.4154328346252441 0.8024104309082032 0.017013168334960936 0.024891662597656253
2 0.38218610286712645 0.9416120910644532 0.02569293975830078 0.039395294189453124
2 0.4020698070526123 0.860382080078125 0.024046707153320312 0.0423876953125
0 0.8186820983886719 0.33001663208007814 0.009784317016601563 0.015535888671875001
0 0.8082298278808594 0.33376960754394536 0.010919952392578125 0.017560577392578127
2 0.40262775421142577 0.9801570129394532 0.021143054962158202 0.030113525390625003
0 0.4927979469299316 0.7108444213867188 0.010288429260253907 0.015494079589843751
2 0.3987987995147705 0.915283660888672 0.018991851806640626 0.02829254150390625
2 0.08355158567428589 0.836512908935547 0.011251211166381836 0.017949523925781252
2 0.40130087276836773 0.8204884246734527 0.01736106872558594 0.030694274902343752
0 0.481109619140625 0.7275860595703125 0.010665512084960938 0.01798583984375
0 0.0835287868976593 0.8364628601074219 0.011650657653808594 0.01835662841796875
0 0.4845372200012207 0.6983424377441406 0.011469459533691407 0.01850738525390625
0 0.4918139293139293 0.7278239778239778 0.009095634095634075 0.013167013167013126
0 0.4833679833679833 0.7152633402633403 0.009961884961884947 0.012647262647262684
0 0.6284108627858627 0.8186936936936936 0.011152979902979965 0.01784476784476785
