1 0.8789690971374512 0.08186973571777344 0.08256893157958985 0.05973411560058594
1 0.12217631340026855 0.10513626098632813 0.043231964111328125 0.11468627929687501
0 0.5067184448242188 0.7282598876953126 0.012453842163085937 0.018742370605468753
2 0.08129671216011047 0.7410874938964844 0.024406743049621583 0.0347796630859375
0 0.5645456314086914 0.3564632415771485 0.011295700073242187 0.01760406494140625
1 0.716214370727539 0.2385219192504883 0.023616218566894533 0.14915260314941406
0 0.2542215347290039 0.6096395874023438 0.012426471710205078 0.018543853759765628
0 0.2719005584716797 0.5913526916503906 0.011383342742919921 0.017737884521484375
0 0.26516079902648926 0.6341581726074219 0.011378002166748048 0.017247161865234378
0 0.6409723281860351 0.14651321411132814 0.012305641174316406 0.019911956787109376
0 0.19743933436846492 0.57029014934193 0.007899109040847918 0.01598535788179646
0 0.7621527777777776 0.8169191919191919 0.011047979797979815 0.01565656565656563
