0 0.6465995788574219 0.7083670043945313 0.0122528076171875 0.019319610595703127
0 0.6767003059387207 0.6868453216552735 0.011858749389648437 0.0178936767578125
0 0.4312709808349609 0.14491809844970704 0.011552238464355468 0.017533569335937502
0 0.6569397926330567 0.169664306640625 0.012459564208984374 0.019148178100585937
1 0.6511301040649414 0.8242353820800782 0.05850849151611328 0.10946807861328126
2 0.20356278419494628 0.31102920532226563 0.022295188903808594 0.03835235595703125
0 0.11010876893997192 0.6651258850097657 0.011736130714416504 0.016580963134765626
0 0.7270926475524903 0.18706199645996094 0.0119293212890625 0.0180950927734375
2 0.24846296310424804 0.3746157836914063 0.023283004760742188 0.04120574951171875
1 0.10987049341201782 0.13832099914550783 0.040479063987731934 0.11284179687500001
0 0.9737599372863769 0.6948606872558594 0.01239185333251953 0.0182806396484375
0 0.9946622848510742 0.67274169921875 0.010228347778320313 0.018380432128906252
0 0.48281054496765136 0.6022534942626954 0.012227344512939452 0.019022979736328126
0 0.6785133361816407 0.6213899993896485 0.012430763244628907 0.019141998291015625
0 0.9624756813049317 0.4738523864746094 0.012404251098632812 0.019502258300781252
0 0.46983838081359863 0.06519283294677734 0.009764003753662109 0.015450286865234376
0 0.7897071838378906 0.6252174377441406 0.010467338562011718 0.017255249023437502
1 0.9886234283447265 0.39672302246093755 0.02271270751953125 0.10171173095703126
0 0.4874577522277832 0.8712686157226563 0.011837196350097657 0.01938140869140625
0 0.04918971955776215 0.7435232543945313 0.011721688508987426 0.01797393798828125
0 0.9109321594238281 0.2732099533081055 0.01006622314453125 0.016541671752929688
0 0.0882379412651062 0.09368804931640626 0.011979460716247559 0.020001525878906252
0 0.3510237068965517 0.24080459770114943 0.01131465517241382 0.017241379310344817
0 0.9115481321839081 0.3045977011494253 0.010596264367816133 0.015517241379310369
