1 0.68160400390625 0.3572380065917969 0.06599864959716797 0.06944444444444445
0 0.169130539894104 0.9545360989040799 0.012500667572021484 0.020781453450520834
0 0.5914152145385743 0.8825238545735677 0.011577033996582031 0.01985931396484375
0 0.8022111892700196 0.48436533610026045 0.012642478942871094 0.02045932345920139
0 0.1893746256828308 0.20813462999131946 0.012987256050109863 0.021191067165798612
0 0.8679531097412109 0.26728591918945316 0.009998321533203125 0.017892625596788194
0 0.8240922927856446 0.13665974934895833 0.01195831298828125 0.019314405653211807
0 0.5740156173706055 0.23677618238661025 0.012073135375976563 0.021139441596137152
0 0.28806889057159424 0.9381673177083334 0.012921380996704101 0.022401597764756944
0 0.673580551147461 0.33956824408637154 0.01261920928955078 0.021092054578993057
