1 0.7085314750671386 0.24712329440646702 0.05862874984741211 0.10894410875108507
1 0.5439884662628174 0.6374028523763021 0.07735013961791992 0.035595703125
1 0.4598475933074951 0.11863772074381511 0.05408487319946289 0.12069456312391494
2 0.6318883895874023 0.6824047512478298 0.02133312225341797 0.04104275173611111
0 0.8926694869995117 0.9503811306423612 0.0124481201171875 0.020905388726128474
0 0.9712551116943359 0.4717036777072483 0.011767196655273437 0.020835367838541667
0 0.5014710426330566 0.8796195983886719 0.01345844268798828 0.0223052978515625
0 0.812162971496582 0.9276387532552084 0.01097412109375 0.018574693467881945
0 0.12987064123153685 0.9402416653103299 0.012772393226623534 0.01912570529513889
0 0.353845477104187 0.8310374789767796 0.011567115783691406 0.020886060926649307
0 0.04760751128196716 0.5703202989366319 0.011089205741882324 0.01854587131076389
0 0.44292850494384767 0.3211512671576606 0.011874008178710937 0.022188907199435764
0 0.03204371929168701 0.12355965508355035 0.01252511739730835 0.021843380398220487
1 0.8229201316833495 0.42528389824761287 0.033502197265625 0.15295104980468752
0 0.07553521394729615 0.35435875786675347 0.01240396499633789 0.020689561631944447
0 0.5332494258880616 0.9603402031792535 0.01051778793334961 0.020708380805121527
0 0.19026467800140381 0.8060697767469618 0.010569477081298828 0.0168182373046875
0 0.1556617498397827 0.018886311848958334 0.016071557998657227 0.024539438883463542
0 0.20431695688225535 0.8088723051409619 0.009069237147595346 0.01750506725631106
0 0.7818978026533995 0.1932006633499171 0.008550995024875618 0.016123088262391755
0 0.779177031509121 0.21254836926478718 0.011401326699834157 0.019808365579509855
0 0.7885053897180762 0.20702045328911 0.009846600331674912 0.017044407591671275
0 0.8010727611940297 0.21185737976782754 0.011142205638474323 0.021190344573429134
