1 0.32170910835266114 0.8281489562988282 0.07393817901611328 0.07388656616210938
1 0.4107043743133545 0.3229131317138672 0.0596064567565918 0.07374282836914063
0 0.34067325592041015 0.4100047302246094 0.011798763275146484 0.018140563964843752
2 0.1728449583053589 0.3182051467895508 0.02466616630554199 0.039288482666015624
0 0.09771104454994202 0.5747322845458984 0.011860597133636474 0.017468109130859374
2 0.14210686683654786 0.3419584465026856 0.024805593490600585 0.041818275451660156
2 0.9361001014709472 0.7160396575927734 0.02432403564453125 0.03739364624023438
1 0.11432706117630005 0.1726538848876953 0.04055759906768799 0.10494232177734375
2 0.633890438079834 0.08673370361328125 0.022991752624511717 0.03647750854492188
2 0.07705380320549012 0.1634343719482422 0.026257216930389404 0.04117851257324219
2 0.053677882254123684 0.18989784240722657 0.023374459147453307 0.04252616882324219
2 0.9524541854858398 0.7462297058105469 0.021870231628417967 0.041119384765625
2 0.6014862060546875 0.09284626007080078 0.021449565887451172 0.03567771911621094
1 0.3539122581481934 0.11228370666503908 0.08643865585327148 0.044597625732421875
2 0.6272274017333984 0.12495342254638672 0.024900245666503906 0.03597862243652344
0 0.6183352947235108 0.5572357177734375 0.011542701721191406 0.01880157470703125
0 0.13129948377609252 0.2093359375 0.010863590240478515 0.018227691650390627
2 0.6275752067565918 0.16373607635498047 0.02660713195800781 0.03646682739257813
2 0.6924898147583007 0.011627178192138673 0.022076797485351563 0.023254356384277346
0 0.5317983627319336 0.2690306091308594 0.012314224243164062 0.018498382568359378
0 0.3732398748397827 0.7275807189941407 0.010050773620605469 0.016106109619140625
0 0.4689946174621582 0.7125737762451172 0.01016082763671875 0.015692901611328126
0 0.37312679290771483 0.7169576263427735 0.010089397430419922 0.015609130859375
2 0.3834883213043213 0.026508789062500003 0.012369346618652344 0.021889801025390627
0 0.3726851851851851 0.08425925925925927 0.010030864197530853 0.0154320987654321
