1 0.0826273187994957 0.3483940124511719 0.07345409691333771 0.07111846923828126
1 0.4109052181243896 0.4756236267089844 0.06731901168823243 0.07755523681640626
1 0.5137168884277343 0.7539499664306641 0.07303466796875 0.06999633789062501
0 0.5154789924621582 0.9418563079833985 0.012298393249511718 0.018876647949218752
1 0.3283879041671753 0.07616172790527344 0.04438042640686035 0.10027084350585938
2 0.22549588680267332 0.26896072387695313 0.03129262924194336 0.040309295654296876
0 0.5213864326477051 0.29307739257812504 0.010997962951660157 0.0171722412109375
0 0.6791620254516602 0.38390899658203126 0.01168994903564453 0.01784454345703125
2 0.39551916122436526 0.5248667907714845 0.024556732177734374 0.031047668457031254
1 0.69552640914917 0.2896760177612305 0.08078365325927735 0.031097183227539064
2 0.36828911304473877 0.7212062072753906 0.026110410690307617 0.03778900146484375
2 0.2321253776550293 0.3044374465942383 0.02259960174560547 0.03522727966308594
1 0.4529747486114502 0.6166233825683595 0.030069828033447266 0.13074584960937502
2 0.011195996403694152 0.3036498260498047 0.02222074270248413 0.03761451721191406
1 0.9494106292724609 0.10397861480712892 0.07013702392578125 0.05943794250488282
0 0.3713714122772217 0.37263427734375004 0.011653423309326172 0.018590698242187502
2 0.4187872274422351 0.6945176230536567 0.029998847584665533 0.034575865003797716
2 0.4137677192687988 0.5544170379638672 0.021424293518066406 0.03283035278320313
2 0.4275006294250488 0.6079155731201172 0.023662281036376954 0.035952301025390626
2 0.3509305477142334 0.6695447540283204 0.024833202362060547 0.047213439941406254
2 0.4431721210479736 0.5756816864013672 0.017334938049316406 0.03512771606445313
2 0.4307129383087158 0.6554927062988282 0.024712276458740235 0.04260101318359375
2 0.3817864418029785 0.5536860656738282 0.017520761489868163 0.03235748291015625
0 0.2321826934814453 0.1075421142578125 0.013055038452148436 0.019140472412109377
2 0.6379334449768066 0.2356387710571289 0.011939048767089844 0.025833740234375003
2 0.39417691230773927 0.7104135131835938 0.02203235626220703 0.0357904052734375
2 0.00905732586979866 0.2636423492431641 0.01811465173959732 0.04553817749023438
1 0.3661506558641975 0.5513117283950617 0.07643711419753085 0.04552469135802464
