1 0.7194652557373047 0.6156180487738716 0.021967315673828126 0.092388916015625
2 0.8201525688171386 0.7976871066623265 0.022839164733886717 0.0436859130859375
2 0.7630829811096191 0.84090330335829 0.025173377990722657 0.038971964518229166
2 0.7019725799560547 0.8029553731282553 0.022703075408935548 0.038834804958767365
0 0.09066916704177856 0.18098509046766495 0.011300504207611084 0.019848802354600695
2 0.8370247840881347 0.8940024481879341 0.023113059997558593 0.046786329481336805
2 0.8498135566711426 0.558141581217448 0.02692165374755859 0.040522596571180555
1 0.8583649635314942 0.8647938198513455 0.022980499267578124 0.12416822645399306
2 0.7986990928649902 0.5899900648328993 0.023857307434082032 0.03895229763454861
2 0.2963292598724365 0.028617519802517363 0.02067718505859375 0.039295196533203125
2 0.8404213905334472 0.6687386406792535 0.025504493713378904 0.03309699164496528
2 0.6313388824462891 0.8805585225423177 0.024951744079589843 0.04201575385199653
2 0.27217366695404055 0.05479693942599827 0.021003103256225585 0.040959337022569445
2 0.8703285217285156 0.6801280551486545 0.02415008544921875 0.04021063910590278
2 0.7116975784301758 0.9097854614257813 0.023501873016357422 0.03855116102430556
2 0.8225699424743652 0.5591086493598091 0.02311553955078125 0.03963046603732639
2 0.7311117649078369 0.8852817111545139 0.01948680877685547 0.03299018012152778
2 0.7112387657165528 0.8720298767089844 0.020920944213867188 0.03471255832248264
2 0.8608190536499023 0.7537888420952691 0.02501392364501953 0.043995836046006945
2 0.763191032409668 0.9555753919813369 0.025011444091796873 0.044638739691840276
2 0.29207768440246584 0.06491478814019097 0.021980762481689453 0.03388705783420139
2 0.8433792114257812 0.7906483968098958 0.02028656005859375 0.037237548828125
2 0.85226411819458 0.5953776041666667 0.027735137939453123 0.035816786024305554
2 0.8258004188537598 0.5997734917534723 0.021761131286621094 0.040570407443576394
0 0.46553735733032225 0.022511037190755208 0.008874988555908203 0.01382480197482639
2 0.8389760017395019 0.749625481499566 0.020700645446777344 0.038399590386284724
2 0.8425726890563965 0.7044826931423611 0.02934894561767578 0.044022623697916666
2 0.8091646194458008 0.6215799967447917 0.020418357849121094 0.030366685655381944
2 0.6833509922027587 0.9049874199761285 0.026282691955566404 0.04253048366970486
2 0.6638879299163818 0.8752629597981771 0.020841503143310548 0.033793470594618055
0 0.7181060791015625 0.6969080607096354 0.011528205871582032 0.018109809027777778
2 0.6422863006591797 0.892154778374566 0.016708755493164064 0.046727159288194445
2 0.27854175567626954 0.022761450873480905 0.02106161117553711 0.039912584092881946
