1 0.1905827283859253 0.27703834533691407 0.025812482833862303 0.12208953857421875
1 0.2411773920059204 0.7562689208984376 0.02710251808166504 0.10916900634765626
1 0.5844897270202637 0.7258021545410157 0.029593849182128904 0.13200775146484375
0 0.6711374282836914 0.04177886962890625 0.012744140624999999 0.019261779785156252
0 0.4962745189666748 0.5351750946044922 0.01233501434326172 0.017473297119140627
0 0.4290933609008789 0.7175028991699219 0.012837982177734375 0.01871002197265625
2 0.2976546287536621 0.7710986328125 0.021593570709228516 0.041652984619140625
2 0.3238800287246704 0.7709426879882812 0.026145172119140626 0.039412841796875
0 0.08515305519104004 0.831961898803711 0.011901640892028808 0.018959197998046875
0 0.6346943378448486 0.8512721252441406 0.012486076354980469 0.018846435546875002
0 0.7382765769958496 0.0464697265625 0.012198829650878906 0.01894195556640625
0 0.29495887756347655 0.6720672607421876 0.007594394683837891 0.012328948974609375
