1 0.5353256702423096 0.22302993774414065 0.06624860763549804 0.07881561279296875
0 0.39034113883972166 0.7145098876953125 0.01157069206237793 0.01854583740234375
0 0.8611492156982422 0.8166729736328125 0.01265869140625 0.01969573974609375
2 0.46466197967529294 0.7644100952148438 0.025398445129394532 0.04006072998046875
0 0.5186567783355713 0.9573054504394531 0.011426353454589843 0.017730865478515625
0 0.4525783538818359 0.7023925018310547 0.012704277038574218 0.018369293212890627
0 0.4079679489135742 0.027085418701171877 0.011757373809814453 0.017417678833007814
2 0.5976583957672119 0.6909906005859375 0.024234199523925783 0.03945831298828125
1 0.6030860900878906 0.22266517639160158 0.08572578430175781 0.035887451171875
1 0.14529554843902587 0.07884761810302734 0.03487095832824707 0.10406089782714845
1 0.8739198684692383 0.11808746337890626 0.02441062927246094 0.14811058044433595
0 0.46135106086730954 0.5569898223876953 0.011056137084960938 0.016977081298828127
0 0.8559115409851074 0.32544010162353515 0.009000015258789063 0.014389190673828127
0 0.7282065391540528 0.6994520568847656 0.012501716613769531 0.01959808349609375
