1 0.5995636940002441 0.12105361090766059 0.059571266174316406 0.06341061062282986
0 0.693347692489624 0.43781772189670143 0.01178569793701172 0.019244045681423613
2 0.5653182983398437 0.32350268893771705 0.02291450500488281 0.03699917263454861
0 0.10798959732055664 0.17293387518988715 0.01207871437072754 0.02136255900065104
2 0.37766637802124026 0.5348337809244792 0.028276824951171873 0.03903469509548611
0 0.013572977483272552 0.977903069390191 0.011862939596176148 0.019194539388020834
0 0.410492467880249 0.7308576795789931 0.012215709686279297 0.02145317925347222
0 0.3143854379653931 0.255206298828125 0.007833290100097656 0.013997734917534723
0 0.8288124084472656 0.0989824930826823 0.012728118896484375 0.022597757975260417
0 0.24610283374786376 0.10222574869791667 0.012489557266235352 0.02139095730251736
0 0.7938377019130822 0.48148697875565555 0.010809444658683987 0.02019102565367211
0 0.06131620407104492 0.29337404039171006 0.009928703308105469 0.017437574598524307
0 0.8356199264526367 0.34302334255642364 0.009391021728515626 0.016515435112847223
0 0.8437129974365234 0.34105402628580733 0.009224319458007812 0.01861453586154514
0 0.3800166606903076 0.3965915256076389 0.012039089202880859 0.021206325954861112
0 0.8001104797979797 0.49424803591470257 0.009311868686868625 0.017115600448933795
