1 0.15199606418609618 0.89 0.08073065280914307 0.06982925415039062
1 0.2318876266479492 0.7270948791503907 0.07063689231872558 0.08153350830078125
1 0.1341853618621826 0.6072502136230469 0.05542144775390625 0.14892852783203125
2 0.8155781745910644 0.27739028930664067 0.025328826904296876 0.03742935180664063
0 0.778239393234253 0.13348209381103515 0.013346385955810546 0.019538650512695314
2 0.4893176555633545 0.52220703125 0.021751022338867186 0.03760589599609375
0 0.17999941110610962 0.7632011413574219 0.011514973640441895 0.018479919433593752
2 0.5245908737182617 0.5647860717773437 0.02198934555053711 0.041336669921875
2 0.5020533084869385 0.5726702117919922 0.02385578155517578 0.0386651611328125
0 0.08897707462310792 0.6975788879394532 0.01183164119720459 0.019243011474609377
2 0.5104971885681152 0.5290336608886719 0.022161483764648438 0.041338958740234376
0 0.3098172187805176 0.40659057617187505 0.011565113067626953 0.01611328125
0 0.23366971015930174 0.5818675231933594 0.01070556640625 0.018290557861328126
0 0.15048620700836182 0.8275559997558595 0.012437200546264649 0.018743133544921877
0 0.15044852330766872 0.8543867387442754 0.013268446922302246 0.0179620361328125
0 0.3172712564468384 0.4222474670410157 0.010334587097167969 0.01692138671875
0 0.223565673828125 0.5764517211914063 0.010603046417236328 0.017978515625
0 0.3309326171875 0.158203125 0.011800130208333334 0.018229166666666668
0 0.14435165229885058 0.8406968390804599 0.01212284482758621 0.015445402298850582
0 0.13873922413793105 0.8552442528735632 0.013020833333333334 0.01580459770114942
