1 0.11510735750198364 0.48575149536132817 0.06485607624053955 0.0727508544921875
1 0.34081339836120605 0.09610115051269531 0.08391437530517579 0.06132339477539063
1 0.8792747497558594 0.4624945068359375 0.06341629028320313 0.0557080078125
0 0.8448505401611328 0.08650501251220703 0.012589263916015624 0.01914642333984375
2 0.45082907676696776 0.6464427947998047 0.024343395233154298 0.039874114990234376
0 0.3457781791687012 0.3552684783935547 0.012033843994140625 0.01782073974609375
1 0.8345647811889648 0.2875627136230469 0.043801498413085935 0.09834777832031251
2 0.9027029991149902 0.1473763656616211 0.025185966491699217 0.043192749023437504
2 0.9017366409301758 0.08864700317382813 0.02383270263671875 0.040478668212890624
0 0.4987618446350098 0.386296615600586 0.011495590209960938 0.018505706787109378
0 0.5206933975219726 0.01758148193359375 0.011768627166748046 0.01804779052734375
2 0.9257463455200196 0.11898086547851563 0.024723052978515625 0.038775482177734376
0 0.492186164855957 0.12280200958251954 0.010945701599121093 0.01744499206542969
0 0.5082108497619628 0.11238056182861329 0.008492851257324218 0.011578826904296876
0 0.61947601010101 0.8404040404040405 0.010416666666666666 0.016161616161616148
