0 0.047453703703703706 0.057716049382716045 0.00848765432098765 0.017901234567901242
0 0.10841049382716049 0.05339506172839507 0.013117283950617287 0.020370370370370372
0 0.21855709876543208 0.1441358024691358 0.010416666666666666 0.019135802469135803
0 0.1087962962962963 0.3388888888888889 0.009259259259259255 0.016049382716049367
0 0.12789351851851852 0.3962962962962963 0.011959876543209876 0.01728395061728392
0 0.15933641975308638 0.5391975308641975 0.011574074074074077 0.016666666666666666
0 0.4438657407407407 0.7962962962962963 0.011188271604938294 0.018518518518518573
0 0.45486111111111105 0.7975308641975308 0.010030864197530853 0.01728395061728397
0 0.8065200617283949 0.9030864197530862 0.011188271604938294 0.01604938271604946
0 0.8159722222222221 0.9027777777777778 0.01080246913580242 0.017901234567901082
1 0.847608024691358 0.6746913580246914 0.06481481481481488 0.10123456790123461
1 0.732253086419753 0.2518518518518518 0.02391975308641972 0.12469135802469136
1 0.9429012345679011 0.35524691358024696 0.06790123456790127 0.07222222222222224
1 0.9853395061728394 0.33425925925925926 0.0262345679012346 0.08209876543209874
2 0.677469135802469 0.07716049382716049 0.020061728395061824 0.040740740740740744
2 0.7185570987654321 0.08981481481481482 0.02353395061728397 0.03395061728395062
2 0.7212577160493827 0.05061728395061728 0.02353395061728397 0.03333333333333333
0 0.4479166666666667 0.08333333333333334 0.011574074074074106 0.017283950617283956
