1 0.2591543197631836 0.3535638236999512 0.09418325424194336 0.038537940979003905
1 0.966325569152832 0.6958059692382813 0.06686458587646485 0.05206817626953125
0 0.1273992896080017 0.5548181915283203 0.011575722694396972 0.018019561767578126
1 0.5666742324829102 0.1264287567138672 0.0876460075378418 0.034931488037109375
1 0.1913951277732849 0.7087755584716797 0.021303296089172363 0.11958145141601563
0 0.569777250289917 0.3455606842041016 0.010450649261474609 0.016688995361328125
1 0.8758237838745117 0.10829624176025392 0.03105926513671875 0.08456329345703126
1 0.9102909088134765 0.26493370056152343 0.08677711486816406 0.027018585205078126
0 0.7380073547363282 0.2058213043212891 0.012139129638671874 0.019282684326171876
2 0.6979416847229004 0.4390585327148438 0.023884010314941407 0.03710128784179688
1 0.9051203727722168 0.859298553466797 0.031386184692382815 0.03792678833007813
2 0.5169253349304199 0.4295591735839844 0.018558692932128907 0.029822235107421876
0 0.26444668769836427 0.5364029693603516 0.010776519775390625 0.01834381103515625
