0 0.7433568954467773 0.35012847900390626 0.012375450134277344 0.019345397949218752
0 0.6093000888824462 0.07040233612060548 0.01118154525756836 0.017269744873046874
2 0.34144606590271 0.06203262329101563 0.02412557601928711 0.03723907470703125
0 0.4647001266479492 0.7898005676269532 0.011037063598632813 0.01751220703125
1 0.032637229561805724 0.9046553802490235 0.06527445912361145 0.0310235595703125
0 0.7585148334503173 0.17746788024902344 0.010855960845947265 0.017940673828125
0 0.3361958026885986 0.28946296691894535 0.011768484115600586 0.017053985595703126
0 0.6762895584106445 0.5575019836425782 0.014089393615722656 0.021263427734375
1 0.5160938262939453 0.7969163513183595 0.019750213623046874 0.1362005615234375
0 0.6609705924987793 0.7605177307128906 0.010902023315429688 0.016611328125
