1 0.5964075088500976 0.6701239013671876 0.0634878158569336 0.08589263916015626
1 0.4247779846191406 0.2628553009033203 0.07530622482299805 0.058368072509765626
1 0.28723528385162356 0.48226715087890626 0.036849594116210936 0.13405242919921875
1 0.7541289806365967 0.45438201904296877 0.06882686614990234 0.04671615600585938
1 0.8706258773803711 0.19529170989990235 0.08314628601074218 0.03430839538574219
0 0.3472956657409668 0.06705039978027344 0.010346412658691406 0.016494293212890625
0 0.528697395324707 0.032854042053222655 0.011502456665039063 0.016896209716796878
0 0.9475725173950195 0.9428672790527345 0.011529159545898438 0.018345184326171875
0 0.8028484344482422 0.08374588012695314 0.011192512512207032 0.0172418212890625
0 0.3715808391571045 0.3865484619140625 0.009479427337646484 0.014040832519531251
0 0.9097122192382813 0.983480224609375 0.011548614501953125 0.0160028076171875
0 0.751679801940918 0.0232794189453125 0.012291908264160156 0.01671844482421875
0 0.6929450988769531 0.5173489379882813 0.011009788513183594 0.017156066894531252
0 0.8889379501342773 0.13196155548095703 0.010840225219726562 0.016873703002929688
0 0.9596214294433594 0.21336502075195313 0.010100555419921876 0.015570068359375001
0 0.8783486366271972 0.12591842651367188 0.008736038208007812 0.013394699096679688
0 0.06024564676616915 0.46517412935323377 0.012178689883913766 0.018242122719734653
0 0.5481706053067993 0.7570480928689883 0.011142205638474323 0.014925373134328292
0 0.6606291459369816 0.2234660033167496 0.008550995024875618 0.01492537313432834
0 0.7452321724709783 0.03980099502487562 0.0103648424543947 0.01824212271973466
