1 0.20356042385101317 0.6491860198974609 0.07868480682373047 0.05171340942382813
0 0.07265735864639282 0.9872378540039063 0.012272953987121582 0.018452453613281253
1 0.38767430782318113 0.46266693115234375 0.021465063095092773 0.12872528076171877
1 0.14062167406082154 0.21855422973632813 0.08768219947814941 0.03128875732421875
0 0.23664116859436035 0.6348497009277344 0.012679290771484374 0.01831634521484375
1 0.10924433469772339 0.05883286476135254 0.037115073204040526 0.08842283248901368
0 0.6369208335876465 0.6911239624023438 0.012409591674804687 0.01851593017578125
1 0.43517322540283204 0.8338023376464845 0.01776714324951172 0.12573944091796876
0 0.9771856307983399 0.006861133575439453 0.011190414428710938 0.013722267150878906
0 0.03314462900161743 0.9806282043457032 0.012239444255828857 0.01991546630859375
