1 0.7636720657348632 0.7544520568847657 0.06807031631469726 0.10533279418945313
1 0.7046405792236328 0.817465057373047 0.06945734024047852 0.07923538208007813
1 0.14722641706466674 0.8426606750488281 0.07751743793487549 0.09094726562500001
0 0.16880768537521362 0.7063816833496094 0.011089229583740234 0.01692108154296875
0 0.8821241378784179 0.43400459289550786 0.012403106689453125 0.019153594970703125
0 0.826007080078125 0.1056578826904297 0.012567520141601562 0.019432830810546878
0 0.6124713897705079 0.11786285400390625 0.012454795837402343 0.01913536071777344
0 0.9817699432373047 0.7069079589843751 0.011282730102539062 0.017297821044921877
0 0.3162091732025146 0.08422149658203125 0.01147613525390625 0.017835845947265627
1 0.9704696655273437 0.59919189453125 0.058745956420898436 0.04487457275390625
0 0.24176995754241942 0.023946723937988284 0.012020540237426759 0.01729118347167969
1 0.5220390319824219 0.90116455078125 0.06771478652954102 0.03045196533203125
1 0.9815674781799316 0.9159138488769532 0.03686504364013672 0.057229309082031256
1 0.13131009615384615 0.04278846153846154 0.03024839743589743 0.08237179487179487
