2 0.5201455116271972 0.9655894470214844 0.02592029571533203 0.035783386230468756
2 0.5873058319091797 0.7901020812988282 0.02489299774169922 0.03611740112304688
2 0.2598737239837646 0.5960499572753907 0.02378988265991211 0.03443191528320313
2 0.6453415870666503 0.9292301177978516 0.02610321044921875 0.03316619873046875
0 0.6324498176574707 0.2559494781494141 0.011200714111328124 0.016863861083984376
0 0.6699533462524414 0.2973652267456055 0.01153736114501953 0.018330078125
2 0.025713557004928587 0.7888088989257813 0.02661023139953613 0.03632965087890625
2 0.2611385822296143 0.5128828430175781 0.024007701873779298 0.038782043457031255
1 0.21354808211326598 0.5302780151367188 0.09496375322341918 0.036875152587890626
2 0.6158591270446777 0.8560261535644532 0.02211933135986328 0.034345703125
2 0.005636563897132874 0.7885224914550781 0.011256259679794312 0.03579345703125
0 0.4549057960510254 0.8258055114746095 0.011108970642089844 0.01749420166015625
2 0.610651683807373 0.8917176818847656 0.024165534973144533 0.03503952026367188
0 0.461361026763916 0.835862274169922 0.0098236083984375 0.012827758789062501
2 0.5898420810699463 0.8628874969482423 0.027356624603271484 0.031674346923828124
