0 0.12184081077575683 0.737061767578125 0.011439275741577149 0.017847900390625
0 0.3053426265716553 0.7837825012207031 0.011558294296264648 0.0178515625
0 0.8573673248291015 0.955287322998047 0.01099853515625 0.0166534423828125
2 0.9475530624389649 0.9080654907226563 0.02332611083984375 0.03359344482421875
1 0.22869453430175782 0.8033830261230469 0.036019515991210935 0.12105010986328125
0 0.20138687491416932 0.23272186279296878 0.011930477619171143 0.018054580688476565
2 0.9475613594055176 0.870941619873047 0.024345779418945314 0.03708694458007813
2 0.9367511749267577 0.8371600341796875 0.023349571228027343 0.03352081298828125
0 0.5613522529602051 0.43377517700195317 0.0113616943359375 0.0169671630859375
0 0.20051944255828857 0.25094821929931643 0.012515974044799804 0.01884735107421875
0 0.6241679191589355 0.6509022521972657 0.011362838745117187 0.016777496337890625
1 0.9063371658325196 0.05968559265136719 0.06046981811523437 0.06282623291015625
2 0.9660260200500488 0.8997163391113282 0.019560623168945312 0.039943237304687504
