1 0.9570522308349609 0.43062202453613285 0.07084293365478515 0.06321548461914063
1 0.3043874740600586 0.9098719024658204 0.05719213485717773 0.05965377807617188
1 0.688210916519165 0.19083007812500002 0.0449676513671875 0.11554885864257813
2 0.22006733417510985 0.3863610076904297 0.026038169860839844 0.03922698974609375
1 0.27428138256073 0.25293678283691406 0.0585383415222168 0.11902938842773439
0 0.8041413307189941 0.8257443237304688 0.01162109375 0.01801971435546875
0 0.15393897294998168 0.81213623046875 0.01120305061340332 0.01838287353515625
0 0.18136683702468873 0.9536449432373048 0.010285639762878418 0.015894927978515626
0 0.9478865623474121 0.9784149169921875 0.012558364868164062 0.018966064453125
0 0.9464969635009766 0.11005218505859375 0.008151626586914063 0.01132781982421875
0 0.5768298149108887 0.04674583435058594 0.01045684814453125 0.01574951171875
