2 0.7950321674346924 0.8156709459092882 0.023724079132080078 0.04169820149739584
2 0.13757200241088868 0.5311721801757813 0.02268381118774414 0.03727010091145833
2 0.6843567848205566 0.9030092875162761 0.02463836669921875 0.039441087510850695
2 0.4292039394378662 0.6475735134548611 0.02215890884399414 0.04422403971354167
2 0.8084381103515624 0.4759487575954861 0.02365875244140625 0.037164306640625
2 0.662990665435791 0.8543278164333767 0.025580787658691404 0.038885498046875
2 0.4898938179016113 0.8481346130371094 0.024798774719238283 0.039910549587673615
2 0.6961666107177734 0.8644847446017796 0.021571922302246093 0.03575405544704861
0 0.41357817649841305 0.11287095811631945 0.012204551696777343 0.02061394585503472
0 0.3411413192749023 0.842852528889974 0.013050270080566405 0.020228915744357638
0 0.30540554523468016 0.5954764472113715 0.011932992935180664 0.016871812608506946
0 0.31835949420928955 0.6020406087239584 0.012354898452758788 0.018864610460069445
2 0.328248405456543 0.8853905571831597 0.024127197265625 0.04276123046875
0 0.7848378181457519 0.21146117316351998 0.012115001678466797 0.019384765625
2 0.3102183103561401 0.9127950032552083 0.023577356338500978 0.04376797146267361
0 0.3182509899139404 0.5818676418728299 0.012633132934570312 0.02203216552734375
0 0.3075996398925781 0.5782090928819444 0.012160205841064453 0.019165886773003474
0 0.8600917816162109 0.9716110229492188 0.012676620483398437 0.02150522867838542
0 0.9006562232971191 0.8064237806532119 0.012202644348144531 0.02027587890625
0 0.8487592697143554 0.9728023105197483 0.011954498291015626 0.02104882134331597
0 0.08142344951629639 0.38720618353949654 0.0131974458694458 0.01940273708767361
0 0.5035608291625977 0.6784225463867187 0.012918376922607422 0.02227054172092014
0 0.3696401596069336 0.012035115559895834 0.01218242645263672 0.021604749891493056
