2 0.17074294090270997 0.6835618760850695 0.026552248001098632 0.04998440212673611
2 0.6239627838134766 0.7006637573242188 0.029510688781738282 0.04844445122612848
2 0.5105778694152832 0.8666497124565973 0.023648166656494142 0.03911946614583334
2 0.6726812362670899 0.6817648993598091 0.024832534790039062 0.04219224717881945
0 0.47987027168273927 0.7170579698350694 0.011060619354248047 0.019740464952256946
0 0.7454927444458008 0.251822747124566 0.01190185546875 0.020821465386284724
0 0.2197652816772461 0.21558333502875435 0.013191795349121094 0.02139172024197049
0 0.7845088005065918 0.8792861938476563 0.01275787353515625 0.02171054416232639
0 0.7363316535949707 0.6531493292914496 0.011917304992675782 0.018714565700954863
0 0.25573298931121824 0.9634382459852431 0.012085866928100587 0.01974605984157986
0 0.25696377754211425 0.9850449456108942 0.013633537292480468 0.019807603624131944
0 0.4855324074074074 0.37089840924298323 0.010416666666666666 0.017462440773292825
0 0.48456790123456783 0.38820301783264743 0.01195987654320986 0.018518518518518517
0 0.5466403903903903 0.878294961628295 0.009384384384384365 0.015849182515849183
