1 0.4123812198638916 0.40361755371093755 0.07775745391845704 0.078699951171875
0 0.7335600852966309 0.4960684967041016 0.012580108642578124 0.019534759521484375
1 0.9118936538696288 0.23264514923095705 0.05773429870605468 0.07572242736816406
2 0.012872368097305298 0.5598063659667969 0.024351024627685548 0.0381475830078125
1 0.557929801940918 0.29286643981933597 0.030508041381835938 0.14402191162109376
1 0.5787674903869628 0.8801633453369141 0.08683433532714843 0.030340423583984377
1 0.3538133859634399 0.5260755157470703 0.07441601753234864 0.03114303588867188
0 0.9577044486999512 0.3493746948242188 0.010156631469726562 0.016225280761718752
0 0.7766550064086915 0.8755647277832032 0.0106536865234375 0.017827606201171877
1 0.3573040008544922 0.6256430053710937 0.027597713470458984 0.11993255615234376
1 0.8018930435180663 0.9314556884765626 0.07064647674560547 0.036997833251953126
0 0.8554710388183594 0.8745965576171876 0.012586212158203125 0.01680999755859375
0 0.4414928913116455 0.4820439910888672 0.010231113433837891 0.014947662353515625
0 0.9425415992736816 0.24389347076416018 0.010680961608886718 0.016270980834960938
1 0.037861061096191403 0.634471435546875 0.013746678829193115 0.078597412109375
0 0.8543658256530762 0.9151144409179688 0.013445472717285157 0.0172711181640625
0 0.9768714904785156 0.2756417846679688 0.012003707885742187 0.018784942626953127
2 0.3434658765792847 0.6632316589355469 0.022047138214111327 0.0407916259765625
0 0.850306604422775 0.8899188292260264 0.01047747742895974 0.0155054788028491
0 0.5210248161764706 0.2588848039215686 0.008808210784313708 0.017769607843137247
0 0.9650735294117646 0.258578431372549 0.011488970588235265 0.01715686274509802
0 0.9520526960784312 0.2579656862745098 0.009191176470588166 0.018382352941176475
