2 0.5888388633728028 0.29263670179578993 0.025173473358154296 0.047780185275607644
2 0.7596177101135254 0.8243443806966146 0.024831390380859374 0.04195353190104167
2 0.8017204523086547 0.8678254021538628 0.026543378829956055 0.04516788058810764
0 0.5353500843048096 0.3508001539442274 0.01215667724609375 0.01953158908420139
0 0.7913216590881348 0.9361058553059897 0.012518787384033203 0.019956122504340278
0 0.5891277313232421 0.7132641262478299 0.012695121765136718 0.019299146864149307
0 0.7970858573913574 0.9530064900716146 0.013292312622070312 0.020366075303819446
0 0.7844841003417968 0.9534389071994358 0.011285209655761718 0.01937137179904514
0 0.23337726158042668 0.6263946991362163 0.011554804685511576 0.019120371579724085
0 0.595533800125122 0.7285541110568576 0.01426839828491211 0.02019195556640625
0 0.5868184089660644 0.7307378133138022 0.012331962585449219 0.018159993489583335
0 0.22543724279835395 0.6409083981100442 0.00943072702331961 0.01905197378448404
