1 0.7534736633300781 0.8945075988769532 0.055206298828125 0.09060821533203126
1 0.5513267993927002 0.6249198150634766 0.07234601974487305 0.05465469360351563
0 0.810052490234375 0.5445159912109375 0.012168121337890626 0.017800598144531252
2 0.4734459400177002 0.2507857513427735 0.022872066497802733 0.0403143310546875
1 0.13200661838054656 0.6551477813720703 0.09003215432167053 0.03942962646484375
2 0.04346670508384705 0.44670158386230474 0.02576829195022583 0.03879302978515625
0 0.3519021511077881 0.6869527435302735 0.011749696731567384 0.01861572265625
0 0.3838170051574707 0.11446640014648438 0.010544776916503906 0.016433563232421875
0 0.19771239757537842 0.9553762817382813 0.011591482162475585 0.0175921630859375
0 0.8986139297485352 0.3053842926025391 0.01154327392578125 0.017135772705078125
0 0.0062773279845714566 0.42112258911132816 0.012288616597652435 0.020965728759765625
0 0.23880176544189452 0.8410575866699219 0.012021827697753906 0.01945098876953125
0 0.11222167015075683 0.110242919921875 0.012680149078369141 0.01911956787109375
2 0.7296261787414551 0.5646563720703125 0.021666908264160158 0.029034423828125003
