1 0.8388315200805664 0.07370662689208984 0.06331214904785157 0.06897560119628907
1 0.27599377632141114 0.21354156494140628 0.022624969482421875 0.12622314453125
2 0.3919363260269165 0.32629425048828126 0.023265790939331055 0.04205368041992188
2 0.3514826774597168 0.5377070617675782 0.022687149047851563 0.03683349609375
2 0.6905124187469482 0.4624645233154297 0.024646949768066407 0.038745880126953125
1 0.753228759765625 0.7780140686035156 0.023218536376953126 0.094063720703125
0 0.8366548538208007 0.17852573394775392 0.01343536376953125 0.021287384033203127
2 0.708695936203003 0.46894790649414064 0.012150001525878907 0.01939361572265625
1 0.007576166093349456 0.08854248046875 0.014973023533821106 0.07842361450195313
0 0.05733596086502075 0.26890289306640625 0.011417603492736817 0.018143920898437502
0 0.6393455982208252 0.509665756225586 0.010518169403076172 0.0163909912109375
0 0.6978853225708008 0.16949005126953126 0.012011051177978516 0.017508392333984376
0 0.4326026916503906 0.7923350524902344 0.01148395538330078 0.01674591064453125
2 0.4268067323548679 0.6519485903814262 0.01962451207301701 0.030265339966832512
2 0.4168239116668701 0.011584091186523439 0.010350513458251952 0.01723541259765625
0 0.9716049194335937 0.8038650512695313 0.01119537353515625 0.0178057861328125
2 0.15927189588546753 0.03868705749511719 0.012868666648864746 0.021214752197265627
0 0.5493604660034179 0.9627981567382813 0.013217735290527343 0.018113403320312502
0 0.6436887264251709 0.7338298034667969 0.010921096801757813 0.017953948974609377
0 0.9238120079040527 0.6918344879150391 0.011323165893554688 0.019393157958984376
0 0.644144344329834 0.751440658569336 0.012467384338378906 0.018019256591796876
0 0.9462587356567382 0.4120005798339844 0.012757110595703124 0.021225433349609378
0 0.11177716255187987 0.04245983123779297 0.011937856674194336 0.01717033386230469
0 0.06323940753936767 0.7897228240966797 0.012286663055419922 0.016757049560546876
0 0.6334214344941955 0.7423300165837479 0.009587479270315077 0.019485903814262052
1 0.3920501658374792 0.6080016583747927 0.021766169154228857 0.09660033167495859
