1 0.3388045310974121 0.5391364288330078 0.027441692352294923 0.11422775268554688
0 0.04534217119216919 0.8355826568603516 0.011613047122955323 0.018337860107421874
1 0.2670877933502197 0.034886741638183595 0.020126724243164064 0.06977348327636719
0 0.5135775566101074 0.015268898010253907 0.012283134460449218 0.01944976806640625
0 0.36229634284973145 0.39474441528320314 0.013885021209716797 0.022405090332031252
0 0.7823843002319336 0.7521520233154297 0.010633087158203125 0.016497802734375
0 0.7722027778625489 0.7493377685546876 0.010854339599609375 0.01749267578125
0 0.2882028579711914 0.6891828918457031 0.012730836868286133 0.01962646484375
2 0.8755365371704101 0.6729429626464845 0.022857093811035158 0.037743835449218756
1 0.9919031143188476 0.9594551086425782 0.01619377136230469 0.08108978271484375
