0 0.1799353241920471 0.5858784484863282 0.01264519691467285 0.01953521728515625
0 0.17774970531463624 0.3091191101074219 0.012052106857299804 0.018257598876953125
0 0.3927823781967163 0.32422004699707035 0.01215348243713379 0.019372406005859377
0 0.6054491996765137 0.7865876770019532 0.012612247467041015 0.020439453125
0 0.16478099822998046 0.1455865478515625 0.012965869903564452 0.021036834716796876
0 0.7331236362457275 0.20416946411132814 0.01178913116455078 0.018136444091796877
0 0.29429500102996825 0.10368415832519531 0.01274728775024414 0.019652557373046876
0 0.8146585464477539 0.38680046081542974 0.011418533325195313 0.01770050048828125
0 0.2466825008392334 0.34293962478637696 0.011985588073730468 0.019040489196777345
1 0.6989964485168457 0.47179946899414066 0.021942901611328124 0.11351150512695313
0 0.8379265785217285 0.640699691772461 0.011941146850585938 0.01782867431640625
0 0.7276446342468261 0.5437281799316407 0.011841392517089844 0.017584228515625
0 0.7168130874633789 0.5569975280761719 0.011878395080566406 0.018472290039062502
0 0.6130473613739014 0.7260444641113282 0.012948894500732422 0.020519866943359378
0 0.3837240695953369 0.6437913513183594 0.011606502532958984 0.01668914794921875
0 0.05907544493675232 0.21101718902587893 0.011302483081817628 0.018219451904296875
0 0.7993784427642823 0.9583917236328126 0.01335439682006836 0.02052581787109375
0 0.4012739300727844 0.8758469390869141 0.01105649471282959 0.017368621826171875
1 0.7534317016601563 0.8433447265625 0.040350341796875 0.03404327392578125
0 0.8404889264264263 0.8614864864864865 0.009149774774774855 0.015765765765765802
