1 0.47894802093505856 0.16489723205566406 0.06760616302490234 0.07660202026367188
1 0.30953073501586914 0.27640403747558595 0.04786062240600586 0.10548164367675782
2 0.4453080654144287 0.29002506256103516 0.023286819458007812 0.03783348083496094
1 0.7394112586975098 0.7026189422607423 0.07165679931640626 0.06246932983398438
1 0.6582747459411621 0.8747397613525392 0.0860076904296875 0.047830810546875005
2 0.3642894268035889 0.3998171997070313 0.02375493049621582 0.0361004638671875
1 0.3426581859588623 0.45513725280761724 0.08525295257568359 0.03415756225585938
0 0.4582483768463135 0.6143540954589845 0.01097259521484375 0.017592926025390625
1 0.3917963981628418 0.9239520263671875 0.07828722000122071 0.046001281738281254
0 0.8772068023681641 0.7874349975585938 0.011413955688476562 0.017911071777343752
0 0.22176222801208495 0.6048056030273438 0.01110982894897461 0.017317657470703126
0 0.8462518692016602 0.1817437744140625 0.01194915771484375 0.019685668945312502
1 0.08846435695886612 0.788258514404297 0.0911767452955246 0.0274609375
0 0.03162283897399902 0.012158946990966797 0.011470258235931396 0.01783031463623047
1 0.5636137962341309 0.020137596130371097 0.054440879821777345 0.04027519226074219
2 0.503058671951294 0.055624618530273444 0.025025463104248045 0.029348602294921877
0 0.1590062141418457 0.3191758346557617 0.012179803848266602 0.021416320800781253
