1 0.35428197383880616 0.9142356872558595 0.04345922470092774 0.10543670654296876
1 0.15256280899047853 0.07022941589355469 0.08114056587219239 0.05771270751953125
0 0.22676222324371337 0.8664489746093751 0.011772441864013671 0.018526000976562502
1 0.45784320831298825 0.6597729492187501 0.08216934204101563 0.047813720703125
0 0.29321846961975095 0.6556433105468751 0.010925674438476562 0.015716094970703125
0 0.7040543556213379 0.3248541641235352 0.012309932708740234 0.017475662231445314
1 0.4280430793762207 0.26723182678222657 0.04427261352539062 0.08822662353515626
2 0.2510851860046387 0.7002771759033204 0.01989154815673828 0.036753082275390626
1 0.42238507270812986 0.2090616226196289 0.08464622497558594 0.04501998901367188
1 0.2864553213119507 0.49634346008300784 0.021175146102905273 0.13984283447265625
0 0.5627809524536133 0.3234576797485352 0.012234115600585937 0.018516082763671875
2 0.9861948013305664 0.09739250183105469 0.02570648193359375 0.03890625
2 0.7380573272705078 0.5866661071777344 0.022207260131835938 0.03171646118164063
0 0.09461753964424133 0.4056805419921875 0.01198354959487915 0.018132629394531252
1 0.35863237380981444 0.40748611450195316 0.04535465240478516 0.053231506347656256
2 0.7219949722290039 0.6118534851074219 0.01981801986694336 0.033305664062500004
2 0.7431497573852539 0.6214501953125 0.022205352783203125 0.038464202880859374
0 0.1067130446434021 0.4015798950195313 0.013649916648864746 0.020127563476562502
