1 0.9649257659912109 0.316155030992296 0.031072616577148438 0.10019963582356771
2 0.16811037063598633 0.25898191663953996 0.022445869445800782 0.04334852430555556
2 0.11725702285766601 0.21901431613498265 0.022676467895507812 0.04077368842230903
0 0.5042625427246094 0.7113716973198785 0.012076759338378906 0.019962565104166666
2 0.6694159030914306 0.5489691840277778 0.02270994186401367 0.04049123128255208
0 0.8154749870300293 0.5812718709309896 0.010482597351074218 0.018596055772569446
0 0.1479097366333008 0.4124025132921007 0.013145685195922852 0.0215972900390625
0 0.13113741874694823 0.8097240871853298 0.013228511810302735 0.02177225748697917
2 0.5892999649047852 0.43371946546766493 0.02402667999267578 0.04041561550564236
0 0.46087074279785156 0.23003802829318576 0.012595748901367188 0.025432586669921875
0 0.4687040328979492 0.23146548800998265 0.012541389465332032 0.026612684461805557
2 0.5755684852600098 0.4781963772243924 0.026545333862304687 0.04750467936197917
2 0.6701008319854737 0.5167945014105902 0.01773233413696289 0.030924818250868055
2 0.6635980129241943 0.480765618218316 0.02105712890625 0.033345201280381945
