1 0.5437422752380371 0.34917549133300785 0.026341056823730467 0.13223831176757814
1 0.6582484722137452 0.9443202209472656 0.03192281723022461 0.11132934570312501
0 0.39717857837677 0.0626324462890625 0.012011575698852538 0.019034423828125
0 0.45524048805236816 0.6712950134277345 0.010783672332763672 0.01723114013671875
0 0.5800775051116943 0.3347166442871094 0.010810279846191406 0.015516815185546876
0 0.8457494735717773 0.976019744873047 0.01126708984375 0.0167694091796875
0 0.8173398971557617 0.9067237854003907 0.011494064331054687 0.017061004638671877
0 0.48169922828674316 0.6152761840820313 0.012057685852050781 0.01883636474609375
0 0.6132928371429444 0.24265777587890627 0.011478424072265625 0.01744415283203125
0 0.49760866165161133 0.8526051330566407 0.01220703125 0.019787902832031252
0 0.09904133081436158 0.63274658203125 0.012338399887084961 0.018493499755859375
0 0.3600826978683472 0.33315223693847656 0.011645269393920899 0.0172454833984375
0 0.2693785667419434 0.12648788452148438 0.011876964569091797 0.018424453735351565
0 0.5147414207458496 0.8397204589843751 0.011645984649658204 0.016412658691406252
0 0.21738100051879883 0.8962450408935547 0.011982583999633789 0.019052581787109377
0 0.1304590106010437 0.9562127685546875 0.011919665336608886 0.017279052734375
0 0.5978519439697265 0.12395240783691407 0.009408187866210938 0.015231475830078126
0 0.5701865196228028 0.3447218132019043 0.011414527893066406 0.016532020568847658
0 0.5195954322814942 0.7368259429931641 0.01230010986328125 0.019502563476562502
0 0.8706466674804687 0.0982054901123047 0.012295913696289063 0.01840576171875
0 0.5953873634338379 0.7833169555664063 0.009739494323730469 0.01483642578125
0 0.35188519954681396 0.3182029724121094 0.012115383148193359 0.01823638916015625
0 0.6215221881866455 0.6167880249023437 0.011825180053710938 0.01646636962890625
1 0.9411575317382812 0.7103161621093751 0.05063934326171875 0.05458038330078125
0 0.18245971202850342 0.5585475158691406 0.01285400390625 0.019941558837890627
0 0.4087636947631836 0.7199832153320312 0.011305427551269532 0.01772979736328125
0 0.677080488204956 0.9522494506835938 0.009776115417480469 0.018357543945312502
0 0.6509644508361816 0.36095947265625 0.0130157470703125 0.0189251708984375
0 0.8203929901123047 0.922505340576172 0.010971450805664062 0.01776397705078125
0 0.52204270362854 0.8193006896972657 0.012412261962890626 0.019917297363281253
0 0.7547619819641114 0.6220561218261719 0.01058502197265625 0.017144775390625002
1 0.5349220275878906 0.47905456542968755 0.036712646484375 0.1278167724609375
0 0.412087912087912 0.05517399267399268 0.01201923076923072 0.01877289377289378
0 0.5696256868131868 0.0711996336996337 0.013450091575091605 0.021520146520146523
0 0.9243360805860805 0.16643772893772893 0.01030219780219781 0.015109890109890122
0 0.9446543040293038 0.2992216117216117 0.012019230769230779 0.018772893772893772
0 0.9353537087912087 0.3102106227106227 0.012877747252747204 0.020604395604395573
0 0.6221382783882783 0.6002747252747253 0.012019230769230779 0.016483516483516498
