2 0.22682291666666665 0.44027777777777777 0.0234375 0.04166666666666667
0 0.0125 0.5995370370370371 0.011458333333333333 0.021296296296296296
0 0.1109375 0.7828703703703704 0.010416666666666666 0.015740740740740743
0 0.121875 0.7768518518518519 0.0125 0.018518518518518517
0 0.30572916666666666 0.26712962962962966 0.0125 0.02314814814814815
0 0.31536458333333334 0.26157407407407407 0.0109375 0.017592592592592594
0 0.5322916666666666 0.19814814814814816 0.0125 0.020370370370370372
0 0.6541666666666667 0.055092592592592596 0.014583333333333334 0.02314814814814815
0 0.58046875 0.5810185185185185 0.0109375 0.021296296296296296
0 0.57421875 0.8837962962962963 0.0140625 0.021296296296296296
0 0.3885416666666667 0.7736111111111111 0.011458333333333333 0.019444444444444445
0 0.7377604166666667 0.9120370370370371 0.0109375 0.018518518518518517
0 0.87265625 0.9222222222222223 0.011979166666666666 0.018518518518518517
0 0.8734375 0.9421296296296297 0.013541666666666667 0.02314814814814815
0 0.9356770833333333 0.9027777777777778 0.011979166666666666 0.016666666666666666
0 0.9484374999999999 0.6976851851851852 0.0125 0.021296296296296296
0 0.8273437499999999 0.2986111111111111 0.009895833333333333 0.017592592592592594
0 0.8372395833333334 0.3050925925925926 0.0109375 0.017592592592592594
0 0.8296875 0.3175925925925926 0.0125 0.018518518518518517
