0 0.12914488315582276 0.05033218383789063 0.01263279914855957 0.020784301757812502
1 0.1276289701461792 0.8065449523925782 0.06718599796295166 0.03110321044921875
1 0.08613194227218628 0.05047771453857422 0.04826400279998779 0.03306686401367188
1 0.641054344177246 0.5636683654785156 0.06787948608398438 0.07112640380859375
1 0.18530762195587158 0.9761624145507813 0.05661306381225586 0.0315447998046875
1 0.33042612075805666 0.4397856140136719 0.08227920532226562 0.0696502685546875
1 0.9676277160644531 0.2346044921875 0.06027984619140625 0.10290557861328126
1 0.673140001296997 0.3399068832397461 0.05959892272949219 0.09581764221191406
1 0.8111613988876343 0.04498252868652344 0.02588315010070801 0.0896208953857422
0 0.8898078918457031 0.5141342163085938 0.011218643188476563 0.0175244140625
1 0.8392402648925781 0.8533394622802735 0.0251495361328125 0.13851882934570314
0 0.42736387252807617 0.2308904266357422 0.011348438262939454 0.019236907958984376
1 0.8512598037719726 0.10373855590820313 0.08407478332519532 0.029142913818359376
2 0.5127571105957032 0.8847490692138672 0.025008010864257812 0.03104019165039063
1 0.5286067373612348 0.07141840859955433 0.027345348806942126 0.1169671043695188
0 0.15830857753753663 0.8774141693115235 0.011885976791381836 0.019308319091796877
0 0.14784438610076905 0.5320082092285157 0.012565994262695312 0.01738555908203125
2 0.5145199775695801 0.9146659851074219 0.024562644958496093 0.030431213378906252
0 0.738660478591919 0.26138031005859375 0.011689186096191406 0.019298553466796875
1 0.66500825881958 0.38106315612792974 0.055097198486328124 0.17972991943359376
0 0.03680979311466217 0.03993331909179688 0.01207418441772461 0.017649993896484376
0 0.16959095001220703 0.8738661193847657 0.011555957794189452 0.017987976074218752
0 0.20601539611816405 0.259053955078125 0.011684799194335937 0.019248809814453125
0 0.15085384845733643 0.5152168273925781 0.012540912628173828 0.017081298828125
0 0.15100328922271727 0.844018783569336 0.012079477310180664 0.015902252197265626
0 0.9287441253662109 0.2541208648681641 0.008273506164550781 0.01296905517578125
0 0.5214077818627451 0.2218137254901961 0.010340073529411775 0.019607843137254905
0 0.715954350490196 0.41881127450980393 0.011106004901960868 0.017769607843137296
