1 0.7746769905090332 0.05533519744873047 0.06050815582275391 0.08551269531250001
0 0.04349991083145142 0.48614685058593754 0.011657965183258057 0.018173675537109375
2 0.22365741729736327 0.6652291870117188 0.023066043853759766 0.03801162719726563
0 0.579765510559082 0.20787261962890627 0.011629867553710937 0.018345947265625002
2 0.7843235969543457 0.6134677124023438 0.021557044982910157 0.038621520996093756
2 0.21714439392089843 0.7010408782958985 0.023427248001098633 0.03614654541015625
0 0.7680600166320801 0.6565794372558594 0.012556838989257812 0.019584808349609375
0 0.08870575428009034 0.6630453491210938 0.011147093772888184 0.01685150146484375
0 0.4497072219848633 0.7137887573242188 0.012510108947753906 0.01924530029296875
2 0.8020496368408203 0.6257958221435548 0.01588897705078125 0.026981048583984375
