1 0.092513108253479 0.9599891662597657 0.06466941833496094 0.0791571044921875
1 0.18793431520462037 0.1793039703369141 0.06230514049530029 0.10032012939453126
0 0.4788658142089844 0.7457477569580079 0.013227462768554688 0.019860229492187503
0 0.9264726638793945 0.6501591491699219 0.011889076232910157 0.018697357177734377
0 0.6838572978973388 0.8430078125 0.0115814208984375 0.018044738769531252
1 0.9630849838256835 0.9634300231933595 0.0248199462890625 0.07313995361328125
0 0.4342496395111084 0.19711738586425784 0.011944103240966796 0.017967300415039064
0 0.46865105628967285 0.6290326690673829 0.011404323577880859 0.017209930419921877
0 0.9742843627929687 0.9342683410644532 0.012781906127929687 0.018641815185546876
0 0.8834775924682617 0.11992065429687501 0.011614990234375 0.016484222412109378
0 0.8713041305541992 0.9788896179199219 0.011741256713867188 0.01856231689453125
0 0.8751563390096029 0.1448108239821446 0.009911087412893002 0.01747711746780958
0 0.2889872074127197 0.38123680114746095 0.011372852325439452 0.018429107666015625
0 0.8738160133361816 0.12685531616210938 0.01075897216796875 0.015775451660156252
0 0.0035736363381147383 0.6343371582031251 0.007147272676229477 0.026047210693359378
