1 0.47835397720336914 0.482441880967882 0.06742382049560547 0.08929850260416668
2 0.24728765487670898 0.27287686665852867 0.026879596710205077 0.039929707845052086
0 0.2415907621383667 0.6836874220106337 0.013065814971923828 0.020773145887586806
0 0.4204496383666992 0.2841326395670573 0.0130889892578125 0.020954386393229166
2 0.8756397247314452 0.23235710991753472 0.027542877197265624 0.04270375569661459
0 0.9918588638305664 0.6702263726128472 0.011542892456054688 0.01953125
1 0.9139932632446289 0.1563404507107205 0.02353324890136719 0.1305238511827257
0 0.7415397644042969 0.5024374220106337 0.012245559692382812 0.021001349555121528
0 0.3054074764251709 0.5135314093695746 0.011793899536132812 0.020129055447048613
2 0.9017003059387206 0.24487067328559028 0.023532676696777343 0.04515058729383681
2 0.5054384708404541 0.4527740478515625 0.022460460662841797 0.0427154541015625
0 0.4673499584197998 0.40344458685980905 0.007863903045654297 0.012784491644965278
0 0.27300824175824173 0.12199837199837202 0.008585164835164841 0.016280016280016275
