1 0.9507900238037109 0.4084662543402778 0.038193130493164064 0.11980116102430556
1 0.5365069389343262 0.7120055304633247 0.03014202117919922 0.15758277045355903
1 0.23640785217285157 0.6155702379014757 0.020510768890380858 0.10802307128906251
2 0.6678766250610352 0.3620761447482639 0.024059581756591796 0.045094129774305554
1 0.7965948104858398 0.11150826348198785 0.0915536880493164 0.03317989773220486
0 0.5436797142028809 0.4487572564019097 0.011991310119628906 0.02089301215277778
2 0.6922701358795166 0.39651099310980903 0.023735904693603517 0.04441494411892361
2 0.5672197341918945 0.667822265625 0.022578620910644533 0.04137200249565973
0 0.1262194871902466 0.6822526719835069 0.013312554359436036 0.022250874837239584
0 0.05595196485519409 0.051679780748155386 0.01123950481414795 0.018455081515842013
0 0.34511609077453614 0.5273671468098958 0.011342096328735351 0.01870846218532986
0 0.8966385841369628 0.28341801961263025 0.011855697631835938 0.020885976155598958
0 0.27026996612548826 0.670005120171441 0.012139606475830077 0.01988254123263889
0 0.40995898246765133 0.9099789089626736 0.012229442596435547 0.021917046440972223
0 0.951537036895752 0.5988698323567708 0.011462974548339843 0.01959160698784722
0 0.33250746726989744 0.6881029764811198 0.011490440368652344 0.021095445421006945
0 0.14243874549865723 0.5259674919976128 0.010452008247375489 0.019835069444444447
0 0.23111357688903808 0.04356981913248698 0.011931562423706054 0.020013258192274307
0 0.04480634927749634 0.863386705186632 0.010140520334243775 0.01740875244140625
0 0.1267518162727356 0.29726108974880644 0.011902689933776855 0.021212090386284722
0 0.41675243377685545 0.9351075914171008 0.01582927703857422 0.028100416395399307
0 0.11234643459320068 0.9305705600314671 0.011297512054443359 0.019220140245225694
0 0.4966175079345703 0.16740341186523439 0.01361541748046875 0.022830369737413196
0 0.1523326277732849 0.5250457763671875 0.012917423248291015 0.021250067816840277
0 0.411176872253418 0.9377024332682292 0.013099479675292968 0.025132921006944444
0 0.258105993270874 0.25580308702256943 0.010649776458740235 0.015759107801649307
0 0.5741791725158691 0.11933280097113716 0.011967658996582031 0.01893649631076389
0 0.21726190476190474 0.10023974867724866 0.009998139880952373 0.02025462962962963
0 0.8498298472775564 0.6268998081747085 0.011827689243027942 0.018813634351482943
