1 0.6753767967224121 0.6308296203613282 0.04610443115234375 0.07023834228515625
1 0.9299415588378906 0.8786949157714844 0.07583770751953126 0.05936172485351563
0 0.3446135282516479 0.07236541748046875 0.012164640426635741 0.018953399658203127
2 0.9425887107849121 0.7696503448486328 0.02278614044189453 0.030834045410156254
1 0.9363611221313476 0.9549475860595704 0.05789031982421875 0.03166976928710938
0 0.6481346813248999 0.586578020637418 0.011025810241699218 0.017171020507812502
0 0.9792310714721679 0.0828148651123047 0.012885665893554688 0.017831726074218752
0 0.9288067817687988 0.11580219268798829 0.010737800598144531 0.017147979736328128
0 0.5821759259259259 0.641358024691358 0.009259259259259167 0.016049382716049367
1 0.5972222222222221 0.7214506172839505 0.054398148148148216 0.057098765432098735
