1 0.8441228866577148 0.8679029846191407 0.019597434997558595 0.13763351440429689
0 0.7083728790283204 0.5249122619628906 0.011205482482910156 0.015835876464843752
0 0.6862040042877198 0.49614013671875 0.012488937377929688 0.019108886718750002
0 0.24708273410797119 0.1488529968261719 0.011912107467651367 0.018353118896484374
0 0.017477376759052275 0.38306900024414064 0.012192687392234803 0.0194427490234375
0 0.9292112350463867 0.8365186309814454 0.01238555908203125 0.020326995849609376
0 0.5890164375305176 0.11575538635253907 0.011714363098144531 0.018082427978515628
0 0.9398439407348632 0.8456083679199219 0.012321853637695312 0.018641357421875
0 0.2853511571884155 0.4424685668945313 0.011329317092895507 0.01956085205078125
0 0.4708810329437256 0.8774799346923828 0.011598587036132812 0.01695648193359375
0 0.5811703681945801 0.09807235717773438 0.011693000793457031 0.018777770996093752
0 0.956269359588623 0.7424786376953125 0.010940933227539062 0.01807037353515625
0 0.49080410003662106 0.6836545562744141 0.012448883056640625 0.018063507080078128
0 0.9255490303039551 0.44862609863281255 0.012442588806152344 0.018704528808593752
0 0.5638103485107422 0.7454745483398438 0.011237239837646485 0.017628173828125
0 0.9847529411315917 0.994100341796875 0.011230278015136718 0.011799316406250001
1 0.3495045185089111 0.4942991638183594 0.039319419860839845 0.12007873535156251
0 0.3426300048828125 0.6837258911132813 0.011243629455566406 0.016942596435546877
0 0.06360217332839965 0.23294044494628907 0.01254427433013916 0.0176776123046875
0 0.6640243530273438 0.9224696350097656 0.009860610961914063 0.01485198974609375
0 0.4960686683654785 0.025541839599609376 0.01164703369140625 0.016829986572265625
0 0.8221807479858398 0.9385359191894532 0.012002944946289062 0.017888488769531252
0 0.576351261138916 0.8290133666992188 0.01061105728149414 0.01583160400390625
0 0.5372193683409437 0.5 0.010939878234398747 0.016742770167427732
0 0.5986967275494672 0.769406392694064 0.010226407914764006 0.015220700152207013
0 0.44546830484330474 0.8954772079772079 0.012241809116809084 0.018162393162393188
