1 0.42974119186401366 0.8469649420844184 0.042883682250976565 0.09883083767361112
2 0.2459261417388916 0.8832561916775173 0.026961421966552733 0.04589979383680556
2 0.38209402561187744 0.17165306939019098 0.023851680755615234 0.03729977077907986
0 0.5043751716613769 0.6875092400444879 0.011130714416503906 0.018611484103732638
2 0.24651939868927 0.6948567708333334 0.024132633209228517 0.03675808376736111
2 0.2377012491226196 0.7492868211534288 0.0230743408203125 0.040604485405815974
2 0.13380298614501954 0.6563319736056857 0.02464563846588135 0.0460359361436632
2 0.1949388027191162 0.6815700107150607 0.020087289810180663 0.03598395453559028
2 0.38097343444824217 0.11447821723090278 0.022444820404052733 0.033995734320746526
2 0.19764294624328613 0.7253197564019097 0.02396240234375 0.04210544162326389
2 0.14572802782058716 0.7049502902560764 0.02173140048980713 0.04030880398220486
2 0.21682581901550294 0.7474521213107639 0.01912975311279297 0.038548787434895836
0 0.976016902923584 0.17398223876953126 0.011677169799804687 0.01880399915907118
0 0.24873707294464112 0.9928047180175782 0.011713171005249023 0.01439056396484375
2 0.09749858379364014 0.8209800720214844 0.02584550380706787 0.04205729166666667
0 0.49059391021728516 0.881791008843316 0.010510921478271484 0.017455715603298613
2 0.3814403533935547 0.08039071824815539 0.02275424003601074 0.03423758612738716
2 0.20890960693359376 0.6470196194118923 0.022010660171508788 0.03368801540798611
2 0.22175879478454588 0.6866226196289062 0.024106502532958984 0.04234347873263889
0 0.4900050163269043 0.9028391520182292 0.011328601837158203 0.02139383951822917
