1 0.43884711265563964 0.045598526000976566 0.05051441192626953 0.065279541015625
1 0.1785681962966919 0.9020147705078125 0.07352046966552735 0.0977435302734375
1 0.28358068466186526 0.3513011932373047 0.05952482223510742 0.10860122680664064
1 0.3652352333068848 0.6417240142822266 0.07322158813476562 0.10191177368164063
1 0.19633915424346923 0.6862571716308594 0.06326842308044434 0.042574310302734376
0 0.07633789777755737 0.5965919494628906 0.011892104148864746 0.019017028808593753
2 0.8460331916809082 0.5548336791992188 0.0206024169921875 0.03208160400390625
1 0.435709810256958 0.722259521484375 0.025374507904052733 0.1184027099609375
0 0.11290736198425293 0.8410527801513672 0.011892175674438477 0.018052368164062502
0 0.4750524044036865 0.9209669494628907 0.013553714752197266 0.020223388671875002
0 0.42571430206298827 0.9672693634033204 0.012059307098388672 0.017196197509765625
0 0.13748106956481934 0.8747962951660156 0.011125755310058594 0.018121337890625002
0 0.3240945816040039 0.9569976806640625 0.012403297424316406 0.017942047119140627
0 0.3144801139831543 0.9652287292480469 0.012481117248535156 0.0201458740234375
0 0.3258418083190918 0.9772486877441406 0.012960052490234375 0.021355895996093752
0 0.9279181480407714 0.13847976684570312 0.012760353088378905 0.017554931640625
