1 0.24159638881683348 0.57307861328125 0.05168304443359375 0.08710174560546875
1 0.15713125467300415 0.2510578155517578 0.0549525260925293 0.05250198364257813
0 0.3297441482543945 0.8351922607421876 0.010093879699707032 0.014429779052734376
0 0.6946556091308592 0.7342190580412816 0.009702110290527343 0.014389343261718751
0 0.48444094657897946 0.7822228240966798 0.01212606430053711 0.01743927001953125
0 0.9394535064697266 0.24315196990966798 0.0113250732421875 0.016278839111328127
0 0.6684103965759277 0.5476721191406251 0.011219978332519531 0.01770721435546875
0 0.17190265655517578 0.5374821472167969 0.01167302131652832 0.01736297607421875
0 0.1352783441543579 0.642008056640625 0.010941362380981446 0.015220794677734377
0 0.4364445686340332 0.08338836669921876 0.009650039672851562 0.014824295043945314
0 0.5634904384613038 0.516346206665039 0.010302066802978516 0.015559234619140626
0 0.8300069808959961 0.925736541748047 0.01120452880859375 0.01660858154296875
0 0.8287485328638499 0.9096244131455401 0.010636737089201868 0.01643192488262912
0 0.8375513497652582 0.2634976525821597 0.010636737089201868 0.015258215962441332
0 0.947586561032864 0.25880281690140844 0.01210387323943666 0.017605633802816906
