0 0.26650276184082033 0.5369845581054687 0.011997604370117187 0.0187518310546875
0 0.05400684475898743 0.015078659057617188 0.012640786170959472 0.018954849243164065
2 0.7789819717407227 0.801296615600586 0.022242164611816405 0.03819900512695313
1 0.599042272567749 0.5652304077148438 0.02918424606323242 0.12027053833007813
0 0.633343505859375 0.19682342529296876 0.011162757873535156 0.017915344238281252
0 0.22192482948303222 0.4818305969238282 0.011768817901611328 0.018282623291015626
2 0.463185977935791 0.9534530639648439 0.023306560516357423 0.040523376464843754
0 0.09353803992271423 0.2841123199462891 0.010669982433319092 0.016049499511718752
2 0.447428035736084 0.9755805206298829 0.021391582489013673 0.036723480224609376
0 0.4376051425933838 0.8449951171875001 0.010276508331298829 0.01584869384765625
0 0.2559654235839844 0.12281036376953126 0.010595035552978516 0.017204055786132814
1 0.10873594582080841 0.48020477294921876 0.04530901312828064 0.033276824951171874
0 0.694609260559082 0.8303497314453125 0.009604167938232423 0.0155230712890625
2 0.05842680931091308 0.5001181793212891 0.020369529724121094 0.033770751953125004
2 0.04316757917404175 0.5228121948242188 0.015341413021087645 0.0302880859375
0 0.335027813911438 0.8589312744140626 0.012197637557983398 0.01881072998046875
0 0.412839412689209 0.7632168579101563 0.009225082397460938 0.01430267333984375
