2 0.3690104166666667 0.3888888888888889 0.024479166666666666 0.03888888888888889
0 0.2872395833333333 0.33842592592592596 0.011979166666666666 0.021296296296296296
0 0.29244791666666664 0.3592592592592593 0.0109375 0.020370370370370372
0 0.2817708333333333 0.4300925925925926 0.013541666666666667 0.019444444444444445
0 0.3776041666666667 0.5939814814814816 0.011458333333333333 0.02314814814814815
0 0.09713541666666667 0.8652777777777778 0.013020833333333334 0.021296296296296296
0 0.44817708333333334 0.8574074074074074 0.0109375 0.020370370370370372
0 0.3546875 0.9305555555555556 0.011458333333333333 0.020370370370370372
0 0.3640625 0.9333333333333333 0.011458333333333333 0.020370370370370372
0 0.36015625 0.950925925925926 0.0109375 0.018518518518518517
0 0.4953125 0.9745370370370371 0.0125 0.021296296296296296
0 0.8346354166666666 0.020370370370370372 0.0109375 0.018518518518518517
0 0.8059895833333334 0.5407407407407407 0.009895833333333333 0.018518518518518517
0 0.7971354166666667 0.6509259259259259 0.011979166666666666 0.022222222222222223
0 0.8096354166666666 0.6578703703703704 0.011979166666666666 0.021296296296296296
0 0.96875 0.6800925925925926 0.013541666666666667 0.025
0 0.9838541666666667 0.7388888888888889 0.0125 0.018518518518518517
