2 0.3169121503829956 0.571044921875 0.022916507720947266 0.04372931586371528
2 0.46445798873901367 0.45683415730794275 0.024660682678222655 0.043634033203125
0 0.4155219078063965 0.050576104058159724 0.01250476837158203 0.021068657769097224
0 0.49611225128173825 0.7534110175238715 0.012177467346191406 0.02101932101779514
0 0.7983565330505371 0.6178554111056858 0.012396240234375 0.020995585123697917
0 0.05257536172866821 0.7498408847384983 0.013695454597473145 0.02301856146918403
0 0.9839784622192382 0.021249643961588544 0.012549591064453124 0.019966549343532987
0 0.17672224044799806 0.106292724609375 0.011882495880126954 0.0200714111328125
0 0.3972592353820801 0.24926944308810764 0.011449623107910156 0.02053646511501736
0 0.7632040977478027 0.1754974365234375 0.012783432006835937 0.021864573160807293
2 0.13218215703964234 0.26830537584092884 0.0318206787109375 0.04333589341905382
2 0.31862893104553225 0.6747936672634549 0.016862964630126952 0.028917778862847222
2 0.3271554231643677 0.6369129604763455 0.024069690704345705 0.04067281087239583
0 0.9902525901794433 0.23578118218315974 0.01175079345703125 0.0206573486328125
0 0.5884026527404785 0.790689934624566 0.010901927947998047 0.017222086588541668
0 0.2957377195358276 0.8970136006673177 0.011278581619262696 0.019099934895833334
0 0.4036406993865967 0.2721565246582031 0.011134052276611328 0.018986341688368057
0 0.7305485725402832 0.69154052734375 0.010581588745117188 0.018330891927083336
0 0.08367635011672973 0.1435344696044922 0.012494087219238281 0.022659725613064237
2 0.3391733646392822 0.6684985690646702 0.021272754669189452 0.03285793728298611
0 0.9835862159729004 0.8316286722819011 0.01239471435546875 0.018528069390190974
0 0.30483312606811525 0.8825352986653646 0.010174846649169922 0.017864651150173612
0 0.9676569938659668 0.3021204630533854 0.01284637451171875 0.018700154622395833
