1 0.5580490589141845 0.24582386016845706 0.04618673324584961 0.07520515441894532
0 0.46765289306640623 0.6446177673339845 0.011957359313964844 0.01852447509765625
0 0.2571999549865723 0.5968865966796876 0.012096023559570313 0.018311767578125002
1 0.5218626022338867 0.5084219360351563 0.045339202880859374 0.11771774291992189
0 0.22051386833190917 0.2756256103515625 0.012346363067626953 0.01885246276855469
0 0.8200662612915038 0.7505688476562501 0.012946319580078124 0.0193853759765625
0 0.7607072353363037 0.9308406066894532 0.012266826629638673 0.018487548828125002
0 0.25643768310546877 0.1456177520751953 0.012714290618896484 0.019192352294921878
1 0.817415428161621 0.8176202392578126 0.027101707458496094 0.12553985595703127
2 0.6617077827453614 0.15333202362060547 0.023733043670654298 0.04078987121582032
0 0.796467924118042 0.8737527465820313 0.012936878204345702 0.01767547607421875
0 0.6375161170959472 0.6837080383300782 0.011207008361816406 0.017294158935546877
0 0.7302004814147949 0.3901838684082031 0.010140705108642577 0.013966369628906251
2 0.28182573318481446 0.6748704528808595 0.020027923583984374 0.04095489501953125
0 0.7226207733154297 0.4015525817871094 0.0111053466796875 0.017795257568359375
0 0.7883583690987124 0.5 0.009388412017167388 0.01573676680972824
0 0.12435175250357657 0.22711015736766807 0.007823676680972813 0.013590844062947032
