1 0.47093629837036133 0.8703811645507813 0.064678955078125 0.09898147583007813
2 0.3182987213134766 0.2704306030273438 0.02467823028564453 0.03619216918945313
1 0.8319629669189453 0.9686949157714845 0.0447021484375 0.062396850585937504
0 0.24111607074737548 0.9353636169433595 0.011508846282958984 0.017147064208984375
0 0.26653327941894533 0.10325027465820313 0.012580156326293945 0.019230499267578128
1 0.9008764266967774 0.3529856872558594 0.06873893737792969 0.03321090698242188
0 0.40334129333496094 0.5094940185546876 0.012429332733154297 0.0195562744140625
2 0.7665457725524902 0.6896748352050782 0.021959877014160155 0.04115081787109375
2 0.24635214805603026 0.5738343048095703 0.023602008819580078 0.03613372802734375
1 0.6731180191040039 0.300445556640625 0.02489643096923828 0.1193505859375
0 0.38310697078704836 0.385554428100586 0.012914371490478515 0.019341583251953127
0 0.37868261337280273 0.35403717041015625 0.011020898818969727 0.01844696044921875
0 0.12117414474487305 0.7540008544921876 0.01222996711730957 0.01870269775390625
1 0.15846970081329345 0.7720550537109375 0.01608409881591797 0.11871887207031251
0 0.2911797523498535 0.6565069580078126 0.010602951049804688 0.015926361083984375
0 0.2833669662475586 0.6647603861490886 0.010994577407836914 0.017630767822265626
1 0.27868008613586426 0.55718505859375 0.03343410491943359 0.053326416015625
