2 0.5744980335235595 0.889459686279297 0.0221649169921875 0.03727783203125
2 0.06974267959594727 0.5547981262207031 0.02511082887649536 0.0425946044921875
0 0.19176311492919923 0.44889907836914067 0.012261056900024414 0.01911773681640625
1 0.8816013336181641 0.3588645935058594 0.0524505615234375 0.07151687622070313
2 0.1924500584602356 0.7608741760253906 0.026418089866638184 0.036376953125
2 0.17151916027069092 0.904657211303711 0.022862577438354494 0.03574234008789063
0 0.4817950248718262 0.4925309753417969 0.011190032958984375 0.017039794921875
1 0.5863258361816406 0.34222183227539066 0.04662189483642578 0.11185699462890626
2 0.2311178684234619 0.6359317016601563 0.023794841766357423 0.029703826904296876
0 0.41208448410034176 0.7133808898925782 0.011090850830078125 0.01701995849609375
