1 0.8090871810913086 0.8502293395996094 0.0431732177734375 0.09673980712890626
0 0.7288474082946778 0.3847471618652344 0.010924339294433594 0.016629028320312503
1 0.49878387451171874 0.39585083007812505 0.054596996307373045 0.11381729125976563
0 0.21883869171142578 0.8588278198242189 0.012462329864501954 0.021444091796875002
0 0.5415558815002441 0.027174034118652345 0.012173843383789063 0.01795982360839844
1 0.5653284072875977 0.3933500671386719 0.06465167999267578 0.05035888671875
0 0.8853650093078613 0.2827440643310547 0.011299896240234374 0.017454071044921877
0 0.45128145217895504 0.6780079650878906 0.0115509033203125 0.01864654541015625
1 0.512913703918457 0.26642066955566407 0.020701217651367187 0.11601966857910156
0 0.9642014503479004 0.4780183410644532 0.011553192138671875 0.01816162109375
0 0.593167781829834 0.3185359191894531 0.011252975463867188 0.018049850463867187
1 0.5455560684204102 0.20494636535644534 0.07982540130615234 0.04876434326171875
0 0.012017913162708282 0.5939452362060548 0.01244945228099823 0.018205566406250002
0 0.4303576469421387 0.029092292785644534 0.011658859252929688 0.019080276489257815
0 0.6193440914154053 0.39683471679687504 0.010630416870117187 0.017174072265625
0 0.44059934616088864 0.017680454254150393 0.012234306335449219 0.017826118469238282
0 0.2910910606384277 0.22096786499023438 0.012374687194824218 0.01908447265625
0 0.44246273040771483 0.04063926696777344 0.011914634704589843 0.020882415771484378
1 0.4910513401031494 0.15166961669921877 0.030498981475830078 0.056758422851562504
0 0.29401407241821287 0.5681893920898438 0.011266040802001952 0.01644439697265625
0 0.5607379767827528 0.24689054726368156 0.011401326699834157 0.019485903814262052
