1 0.45234103202819825 0.7370312160915798 0.05270376205444336 0.11248914930555556
1 0.41487679481506345 0.5928658379448785 0.05971088409423828 0.07598707411024305
1 0.5961634635925293 0.6703789605034722 0.07923946380615235 0.06443854437934028
2 0.10357837677001953 0.8956231011284722 0.021450257301330565 0.03880767822265625
0 0.7798644065856933 0.5958136664496528 0.011812400817871094 0.021234130859375002
0 0.7290785789489747 0.20456013149685331 0.011852264404296875 0.020002831353081597
0 0.28200979232788087 0.692211405436198 0.01206817626953125 0.02134128146701389
0 0.7563254356384277 0.13501951429578993 0.012534332275390624 0.021414693196614584
0 0.48947715759277344 0.8904193454318576 0.010851478576660157 0.01838565402560764
0 0.11917457580566405 0.3733460320366754 0.011214089393615723 0.01831851535373264
1 0.3569751977920532 0.18265868292914497 0.03701024055480957 0.0976821051703559
0 0.12077820301055908 0.6383732265896268 0.011989617347717285 0.019990539550781252
0 0.504511547088623 0.028433736165364584 0.010977363586425782 0.01806555853949653
0 0.4537541389465332 0.37464480929904515 0.011090278625488281 0.018833584255642362
0 0.3828251361846924 0.39448106553819445 0.0104156494140625 0.01697421603732639
0 0.6943696022033692 0.7847323099772135 0.010012340545654298 0.017895677354600695
0 0.925786018371582 0.7544308132595486 0.01291656494140625 0.020305379231770834
1 0.3875232458114624 0.20784437391493057 0.07942786216735839 0.14609018961588544
0 0.9222204208374023 0.7725575764973959 0.011028289794921875 0.018613349066840278
0 0.48135900497436523 0.17770589192708333 0.012078475952148438 0.0201446533203125
0 0.015263983607292175 0.6961388481987848 0.011035799980163574 0.01940714518229167
0 0.9663153648376465 0.9282460530598958 0.01067523956298828 0.021483018663194447
0 0.8661061286926269 0.28055025736490885 0.010845184326171875 0.019266425238715277
0 0.8773791313171386 0.27188084920247396 0.012115097045898438 0.01812015109592014
0 0.6256883144378662 0.4388021681043837 0.012221813201904297 0.020187208387586808
0 0.2731479167938232 0.6182618882921007 0.010778331756591797 0.016338772243923612
0 0.7263232707977295 0.40196236504448785 0.0117156982421875 0.02018924289279514
0 0.8822999000549316 0.20917977227105036 0.010618019104003906 0.020493570963541666
0 0.5266289710998535 0.31626035902235244 0.011299896240234374 0.017902967664930557
0 0.8118465423583984 0.5507659064398872 0.011923599243164062 0.01882781982421875
0 0.10538474462365596 0.7444743130227002 0.010080645161290317 0.019414575866188798
0 0.33807963709677424 0.769115890083632 0.012600806451612871 0.02240143369175632
