1 0.1276855230331421 0.8529953002929688 0.0439643383026123 0.09650234646267361
2 0.18306655883789064 0.13091515435112847 0.022940778732299806 0.04226667616102431
2 0.9283931732177734 0.03737682766384549 0.02365264892578125 0.042785729302300346
2 0.615149974822998 0.0614662594265408 0.025442504882812498 0.04161427815755209
1 0.27275609970092773 0.7718719482421875 0.024373531341552734 0.09522840711805555
1 0.7597448348999023 0.5260055541992188 0.052243041992187496 0.04298824734157986
1 0.6471924781799316 0.20739669799804689 0.02365741729736328 0.10368957519531251
2 0.3902972459793091 0.7741524590386285 0.022655248641967773 0.04481268988715278
0 0.6590752124786377 0.05274649726019966 0.01336832046508789 0.021822611490885418
0 0.6715747833251953 0.7837927924262154 0.012569236755371093 0.021443006727430557
0 0.7351452350616455 0.32582422892252605 0.011599540710449219 0.019480726453993055
2 0.18967458009719848 0.4275482177734375 0.02475693225860596 0.04310946994357639
0 0.8960624694824219 0.07022111680772569 0.010996627807617187 0.02120581732855903
0 0.885292911529541 0.07102593315972222 0.010591506958007812 0.02213982476128472
0 0.26361353397369386 0.4977884928385417 0.012945079803466797 0.020904541015625
0 0.6943028450012207 0.7737269083658854 0.008965492248535156 0.015147908528645834
