1 0.5626960277557373 0.8303126525878907 0.0694197654724121 0.06803985595703126
1 0.25586657524108886 0.7563108825683594 0.0637289047241211 0.08679107666015626
1 0.5384938240051269 0.7087934112548828 0.02073841094970703 0.13686508178710938
1 0.16189401149749755 0.4820349884033203 0.07751903533935547 0.031007690429687502
0 0.27703146934509276 0.8741860961914063 0.011539363861083984 0.0184161376953125
1 0.7580199241638184 0.24164024353027344 0.027302932739257813 0.041673889160156255
0 0.05419521927833557 0.9834675598144532 0.012475275993347168 0.01840545654296875
0 0.2644993782043457 0.693592758178711 0.010477161407470703 0.01791351318359375
0 0.2993055555555556 0.36500000000000005 0.011805555555555536 0.02
0 0.2951004793510324 0.38163716814159293 0.0108314896755162 0.01991150442477879
