2 0.7210619449615479 0.4296647644042969 0.02328624725341797 0.039485473632812504
0 0.7171033382415771 0.8717489624023438 0.01217498779296875 0.01850372314453125
0 0.15330033302307128 0.18965576171875 0.011738729476928712 0.017791290283203125
0 0.059911704063415526 0.8853950500488282 0.012727117538452149 0.01889251708984375
1 0.5658034324645996 0.7985399627685548 0.03469505310058594 0.1333360290527344
0 0.06742897033691406 0.7320121765136719 0.0115289568901062 0.017794952392578126
0 0.03126184940338135 0.614424057006836 0.012432372570037842 0.0198443603515625
0 0.10916769504547119 0.011841201782226564 0.012051987648010253 0.01802024841308594
0 0.8851095199584961 0.29516296386718754 0.011778640747070312 0.017875518798828125
0 0.4983471870422363 0.5901782226562501 0.012320899963378906 0.018128967285156252
1 0.5125349044799805 0.7259876251220704 0.01868724822998047 0.11149963378906251
0 0.22005228996276854 0.31646945953369143 0.011487102508544922 0.01660430908203125
0 0.18611414432525636 0.6974388122558595 0.011676549911499023 0.019569854736328125
0 0.422039794921875 0.7082680511474609 0.011686897277832032 0.017609100341796875
0 0.6425745010375976 0.5372969818115235 0.010987663269042968 0.0167926025390625
0 0.5111063957214356 0.639363250732422 0.011256980895996093 0.0156549072265625
0 0.6371258735656739 0.1662005615234375 0.011701202392578125 0.017666778564453128
0 0.41106214523315426 0.7090167999267578 0.01096038818359375 0.01792388916015625
0 0.21420497894287108 0.4034263610839844 0.012568473815917969 0.01840484619140625
0 0.33079941272735597 0.14305847167968752 0.011655426025390625 0.01714752197265625
0 0.06585433483123779 0.6975880432128907 0.012964916229248046 0.01764190673828125
0 0.3324531078338623 0.16024635314941407 0.011449527740478516 0.016598510742187503
0 0.38403005599975587 0.6646361541748047 0.008493661880493164 0.01276763916015625
0 0.9011129379272461 0.9938417053222657 0.011910629272460938 0.012316589355468751
0 0.003424379602074623 0.5585408020019531 0.006848759204149246 0.020360412597656252
0 0.05157041698694229 0.7007170104980469 0.013319084048271179 0.02021820068359375
