1 0.5820579051971435 0.43127950032552087 0.03716974258422852 0.10603976779513889
0 0.06669856309890747 0.7829036288791233 0.012845921516418456 0.019435628255208334
0 0.31707239151000977 0.18066482543945314 0.011161327362060547 0.018673197428385416
2 0.6060222625732422 0.6336620754665799 0.030843257904052734 0.04636332194010417
2 0.7680245399475097 0.5659673055013021 0.024057388305664062 0.04461703830295139
0 0.9390686035156249 0.645802730984158 0.011600112915039063 0.019167243109809027
0 0.10442900657653809 0.563470967610677 0.011957359313964844 0.018854437934027777
0 0.7270782470703125 0.318884023030599 0.012416267395019531 0.018629286024305556
0 0.7999868299951197 0.26533592913545406 0.011540050031733291 0.01865963089460597
0 0.8087919469031389 0.278274735866539 0.011330080032348634 0.019247606065538197
0 0.7615459070796459 0.19354310062274668 0.009909660766961655 0.017617174696820722
