2 0.742691946029663 0.38724348280164933 0.023666858673095703 0.045341152615017366
1 0.5878811836242676 0.07893295288085937 0.041323280334472655 0.09787835015190972
2 0.9723541259765625 0.13779195149739584 0.024134063720703126 0.04229210747612847
2 0.20127584934234619 0.4141567654079861 0.02662243843078613 0.037852478027343754
2 0.5391076087951661 0.4656375461154514 0.027132606506347655 0.029365200466579863
1 0.08552992343902588 0.6160301208496094 0.03391199111938477 0.04637671576605903
0 0.2656402587890625 0.7094402737087674 0.011936473846435546 0.0187652587890625
2 0.7392715454101563 0.42912224663628473 0.028491973876953125 0.044499376085069445
0 0.5925662994384766 0.17040731641981338 0.011102676391601562 0.019575670030381947
0 0.1722498655319214 0.6896024915907119 0.011255550384521484 0.019410875108506944
2 0.4101229667663574 0.22062161763509117 0.01206207275390625 0.03076968722873264
0 0.2968410015106201 0.4467415703667535 0.010852241516113281 0.019985283745659724
2 0.9741926193237305 0.10782928466796875 0.014122390747070312 0.01847635904947917
1 0.5991723744292237 0.07102993404363268 0.0711092085235921 0.0617283950617284
0 0.70037095323741 0.5453970157207567 0.009929556354916021 0.018318678390620898
0 0.9507865646258503 0.4128873771730915 0.011692176870748246 0.021541950113378682
0 0.946109693877551 0.43140589569161003 0.009141156462585088 0.015495086923658356
