1 0.5745256900787353 0.8469324747721354 0.06951637268066406 0.050349256727430555
0 0.5437637329101562 0.30761104159884983 0.012748622894287109 0.01980506049262153
0 0.46955180168151855 0.10945811801486545 0.01254425048828125 0.021050516764322916
0 0.6887726783752441 0.8641231960720487 0.012966251373291016 0.021388753255208334
0 0.8606038093566895 0.9368620130750869 0.01129150390625 0.018986341688368057
0 0.597402286529541 0.9572258843315973 0.011646842956542969 0.018278672960069447
0 0.21020636558532715 0.9785400390625001 0.011467552185058594 0.018172878689236113
0 0.498146915435791 0.39157189263237846 0.012274742126464844 0.02100287543402778
0 0.3245495319366455 0.9410468207465278 0.013406085968017577 0.021544901529947917
0 0.6767655372619629 0.7944512261284723 0.011856460571289062 0.021310594346788194
0 0.6882441997528076 0.4514958699544271 0.012769412994384765 0.022409057617187502
0 0.3050353527069092 0.6297265794542101 0.01115865707397461 0.02034878200954861
0 0.554715919494629 0.6921047634548612 0.010666656494140624 0.017667134602864586
0 0.5463082313537597 0.7058048672146268 0.011691474914550781 0.018884107801649307
0 0.5419417381286621 0.5078740437825521 0.010604667663574218 0.018909708658854166
0 0.291914701461792 0.24927639431423612 0.011603736877441406 0.019632975260416668
0 0.7296186447143554 0.12371821933322483 0.013045120239257812 0.020998552110460072
0 0.12967307567596437 0.6801350911458334 0.012298011779785156 0.021535407172309028
0 0.3925493240356445 0.21216761271158854 0.011845064163208009 0.01960483127170139
0 0.5535049915313721 0.5016698201497396 0.011780834197998047 0.020899115668402777
0 0.5803248882293701 0.07507421705457899 0.010773086547851562 0.019038475884331597
0 0.27802378542510114 0.6105862947968211 0.012440958164642347 0.01949317738791426
0 0.2877235155195681 0.6385140200929674 0.010754048582995956 0.0198680461838356
