1 0.8143478393554687 0.48245574951171877 0.025032615661621092 0.10889434814453126
1 0.782327938079834 0.6999120330810548 0.025664329528808594 0.09441024780273438
1 0.12864118814468384 0.25869834899902344 0.05859992504119873 0.07416259765625001
0 0.9943084716796875 0.9421388244628907 0.0106658935546875 0.01831298828125
0 0.43491163253784176 0.3936491394042969 0.012006378173828125 0.01826904296875
0 0.36319499015808104 0.9568585205078126 0.011523246765136719 0.01792205810546875
2 0.5638409614562988 0.3591957092285156 0.010964202880859374 0.0170599365234375
0 0.6067207336425782 0.2889519500732422 0.011638069152832031 0.01824951171875
0 0.15405721664428712 0.7816365051269532 0.013190388679504395 0.019876708984375
0 0.5977109432220459 0.5513912963867188 0.011533260345458984 0.0177716064453125
2 0.7690692901611328 0.8235771179199219 0.012074089050292969 0.01894805908203125
0 0.592348289489746 0.15092971801757812 0.011480712890625 0.018061676025390626
0 0.30777664184570314 0.3067037582397461 0.009822750091552734 0.015280456542968751
0 0.1309410810470581 0.3243626403808594 0.010831022262573242 0.01596824645996094
0 0.0967145562171936 0.3435590362548828 0.01074831485748291 0.0168304443359375
0 0.3899616956710815 0.31151035308837893 0.011967802047729492 0.017899627685546877
0 0.403516149520874 0.2721971893310547 0.008720302581787109 0.013363342285156251
0 0.3609187602996826 0.34913513183593753 0.010154056549072265 0.016463623046875
0 0.14050482511520385 0.32494567871093755 0.008908390998840332 0.014688568115234377
0 0.7772089004516601 0.6422059631347656 0.011900711059570312 0.01737274169921875
0 0.40394040346145627 0.28652496337890626 0.01150968074798584 0.014520111083984375
1 0.378497838973999 0.5305711364746094 0.027599048614501954 0.09376434326171876
0 0.8554681777954102 0.3371612548828125 0.011661911010742187 0.016293945312500002
0 0.18235872675250364 0.14145207439198856 0.01028254649499285 0.016809728183118745
0 0.0971331908831908 0.2313034188034188 0.010016025641025638 0.01460113960113958
0 0.7942026614310645 0.5586823734729494 0.01118019197207687 0.014397905759162295
0 0.7497545811518324 0.7146596858638743 0.011725567190226846 0.015706806282722523
