1 0.28655381202697755 0.31291321648491754 0.0660491943359375 0.03528162638346354
2 0.37094452381134035 0.19754155476888022 0.025002050399780273 0.04591742621527778
0 0.16864433288574218 0.46706509060329865 0.011634731292724609 0.01955600314670139
2 0.3514596462249756 0.17544436984592016 0.025363063812255858 0.034096781412760416
0 0.8636833190917969 0.5109559800889757 0.01156158447265625 0.019755723741319446
0 0.7232359886169434 0.8284291585286458 0.010883140563964843 0.01830783420138889
0 0.6697241783142089 0.5163094414605035 0.010006332397460937 0.018779500325520834
0 0.8630071640014648 0.7029104444715712 0.010671234130859375 0.019177924262152778
0 0.452528190612793 0.10779783460828994 0.010552787780761718 0.019282107883029514
0 0.4439939022064209 0.09183129204644097 0.009533023834228516 0.01769833034939236
0 0.4495175887978142 0.0806390406800243 0.012807377049180365 0.022389192471159686
0 0.6002556471306472 0.5558947225613892 0.011637667887667883 0.0210283543616877
0 0.21051569835680747 0.010432968179447054 0.008802816901408465 0.01630151278038602
0 0.8978704637096775 0.23054808841099164 0.00987063172043013 0.01829450418160095
