0 0.15280559062957763 0.30430953979492187 0.011897659301757813 0.01745513916015625
1 0.510870361328125 0.35212455749511723 0.07879486083984374 0.03324935913085938
0 0.3574228286743164 0.8724967956542969 0.012918853759765625 0.01931671142578125
0 0.01525789350271225 0.5499798583984375 0.01049400568008423 0.016187438964843752
0 0.933559799194336 0.1324871826171875 0.011275863647460938 0.01743896484375
0 0.15233103036880494 0.27416160583496096 0.010129666328430176 0.015599060058593751
0 0.7034922122955323 0.7757672119140625 0.010524940490722657 0.015329284667968752
0 0.7623473167419433 0.3121566009521485 0.010904884338378907 0.016976623535156252
0 0.2839586973190308 0.06116966247558594 0.013288593292236328 0.020619964599609377
0 0.9468144416809082 0.32256828308105473 0.010754203796386719 0.01645263671875
0 0.3510153770446777 0.6015582275390625 0.012240219116210937 0.01939056396484375
0 0.13567743301391602 0.33889537811279297 0.01166996955871582 0.018670883178710938
0 0.3514340877532959 0.6212567138671875 0.011413669586181641 0.019345703125000002
