1 0.9454145431518555 0.07412375450134277 0.029738807678222654 0.13573183059692384
2 0.03414607048034668 0.22155891418457033 0.022892844676971436 0.04206085205078125
2 0.06395792961120605 0.5727828979492188 0.021800780296325685 0.038493652343750004
0 0.6305026531219482 0.2578672790527344 0.011135005950927734 0.017786102294921877
0 0.8430932998657227 0.6723523712158204 0.011500167846679687 0.018425750732421878
0 0.4576075553894043 0.4111013793945313 0.011410999298095702 0.01797393798828125
0 0.5772830009460449 0.2588376617431641 0.011745643615722657 0.0187640380859375
0 0.6991192817687988 0.7757513427734376 0.011493873596191407 0.0174017333984375
0 0.04939897656440735 0.6163410949707032 0.012612974643707276 0.01924102783203125
0 0.549803638458252 0.04141876220703125 0.012748527526855468 0.019686279296875
0 0.04014423076923077 0.5969695321107522 0.010096153846153847 0.01683016654772634
0 0.03814102564102564 0.5808974358974359 0.009294871794871798 0.014615384615384624
0 0.04743589743589743 0.5738461538461539 0.010256410256410256 0.014871794871794844
