1 0.633643627166748 0.9114654541015625 0.039113426208496095 0.09911285400390625
0 0.9420022964477539 0.51186767578125 0.012313079833984376 0.020045928955078125
1 0.5208076477050781 0.26257652282714844 0.06907463073730469 0.06470626831054688
0 0.24323744773864744 0.09521789550781251 0.012203598022460937 0.018771820068359375
2 0.7663460731506347 0.027041435241699222 0.023452568054199218 0.034442443847656254
1 0.1031750202178955 0.1975518035888672 0.0879739761352539 0.030297546386718752
0 0.6520795822143555 0.568056640625 0.011419105529785156 0.01798309326171875
0 0.016053778305649757 0.3735172271728516 0.011512868851423264 0.018025970458984377
2 0.9405674934387207 0.85769775390625 0.02325859069824219 0.03705352783203125
0 0.7978989601135253 0.11670948028564454 0.011663436889648438 0.0194384765625
0 0.9921802520751953 0.796742401123047 0.011841964721679688 0.017382965087890626
0 0.9944564819335937 0.4346978759765625 0.009820938110351562 0.0169671630859375
0 0.6711442947387696 0.4224291229248047 0.011172676086425781 0.017373046875000003
0 0.1426261305809021 0.39599868774414065 0.010196375846862792 0.01627197265625
0 0.8573820114135742 0.5711639404296875 0.011827850341796875 0.018351287841796876
0 0.5382164001464844 0.7630621337890625 0.012280082702636719 0.018182067871093752
0 0.8588983535766601 0.5516284942626953 0.011494636535644531 0.016927032470703127
2 0.6685317993164063 0.5227674865722657 0.01814746856689453 0.026849060058593752
0 0.09486916065216064 0.08153533935546875 0.012626457214355468 0.018975830078125002
0 0.9923096656799316 0.8144876098632813 0.012091636657714844 0.016846618652343753
0 0.9609764099121093 0.2353752899169922 0.010486984252929687 0.01655204772949219
0 0.4203293800354004 0.47268615722656254 0.010635757446289062 0.016448211669921876
0 0.978085708618164 0.21685317993164063 0.011758804321289062 0.016867294311523437
0 0.9048586845397949 0.7831360626220704 0.012225723266601563 0.01680816650390625
0 0.4310479164123535 0.4673410034179688 0.010311126708984375 0.016240234375000002
0 0.626374626159668 0.11820987701416016 0.012112236022949219 0.019092559814453125
0 0.6492181301116944 0.5460479736328125 0.013300800323486328 0.0182147216796875
0 0.03060079514980316 0.02684067726135254 0.012785005569458007 0.019665203094482425
1 0.04264757037162781 0.4355337524414063 0.08429881334304809 0.02892913818359375
0 0.7940011978149414 0.46696533203125 0.010562515258789063 0.016082763671875
0 0.6114080429077149 0.14320568084716798 0.013066291809082031 0.017961425781250002
0 0.829826545715332 0.7937248229980469 0.012381172180175782 0.016721191406250002
0 0.6133672714233398 0.1262068557739258 0.012728881835937499 0.01933341979980469
0 0.626701831817627 0.1389403533935547 0.014126968383789061 0.02199424743652344
0 0.9085977554321288 0.7986732482910157 0.009864425659179688 0.014686279296875
0 0.9585044860839843 0.04740798950195313 0.0112548828125 0.017927398681640627
0 0.8599029541015625 0.8486349487304689 0.01839141845703125 0.026325378417968753
0 0.24336423873901367 0.24252265930175781 0.010055065155029297 0.016433563232421875
0 0.8795042037963867 0.8467295074462892 0.010931777954101562 0.018399353027343752
0 0.8886556799336649 0.5006218905472637 0.011142205638474205 0.018656716417910484
0 0.7875984660033166 0.45128524046434493 0.011660447761193992 0.016998341625207258
0 0.7837116500829188 0.4684908789386401 0.010105721393034747 0.015754560530679956
0 0.826522435897436 0.7779304029304029 0.009729853479853527 0.014957264957265012
