1 0.8604788780212402 0.7879685974121095 0.05566482543945312 0.07663711547851564
2 0.018866735696792602 0.38504608154296877 0.021514880657196044 0.036967773437500004
0 0.922657585144043 0.6536038208007813 0.012702560424804688 0.0182000732421875
2 0.005069606751203537 0.1931272888183594 0.010139213502407074 0.03896224975585938
1 0.12369179427623749 0.285591049194336 0.08929467797279358 0.04196807861328125
0 0.0990775465965271 0.3718375396728516 0.012459325790405273 0.019141693115234375
0 0.8288946151733398 0.22861038208007814 0.011183929443359376 0.0172723388671875
0 0.9316946983337402 0.7782563018798828 0.012662887573242188 0.018174133300781253
0 0.04891301393508911 0.6051510620117188 0.011765098571777344 0.017279815673828126
0 0.720616340637207 0.41216003417968755 0.010970497131347656 0.016206054687500002
0 0.7225213050842285 0.3948675537109375 0.011527156829833985 0.016538391113281252
0 0.7310803890228271 0.4078141784667969 0.010858631134033203 0.016417999267578125
0 0.9790523529052734 0.8822284698486329 0.009958839416503907 0.0181982421875
1 0.5258993148803711 0.7993794250488282 0.020522308349609376 0.05303695678710938
0 0.30472636815920395 0.7191127694859039 0.011919568822553945 0.01699834162520735
