1 0.17185909748077394 0.7280066680908204 0.03443787097930908 0.12923583984375
2 0.48680505752563474 0.21192695617675783 0.02682676315307617 0.04380508422851563
2 0.8547942161560058 0.8931487274169922 0.022281837463378907 0.0376641845703125
1 0.4455203056335449 0.08793792724609376 0.06530609130859374 0.04777572631835938
2 0.9858919143676758 0.6751325988769532 0.026736068725585937 0.04090667724609375
2 0.8277379989624023 0.51851318359375 0.02521095275878906 0.037918701171875
2 0.7021725177764893 0.6519702148437501 0.026629352569580076 0.041590270996093755
2 0.7141297340393067 0.6143124389648438 0.0255706787109375 0.044036865234375
0 0.246205997467041 0.6157466125488281 0.012258815765380859 0.0181658935546875
0 0.25944085121154786 0.6150312805175782 0.010980653762817382 0.015872039794921876
0 0.2514399766921997 0.629938201904297 0.010743093490600587 0.01483489990234375
