2 0.8366304397583008 0.8299469757080079 0.0223297119140625 0.035860290527343755
1 0.6848597526550293 0.5867182922363282 0.0675766944885254 0.057900695800781256
0 0.48099365234374997 0.4340685272216797 0.012194633483886719 0.018410186767578125
2 0.6750784873962402 0.014835472106933595 0.023998451232910157 0.02967094421386719
0 0.7083527088165283 0.6717881774902345 0.011817169189453126 0.01898834228515625
2 0.3159195899963379 0.8692695617675782 0.025858402252197266 0.037035827636718754
0 0.06826112270355225 0.8420570373535157 0.011959648132324219 0.0196527099609375
0 0.814967918395996 0.18885452270507813 0.012100982666015624 0.019026947021484376
0 0.8327174186706543 0.7345851135253907 0.01150054931640625 0.01643310546875
0 0.8458110809326171 0.763086166381836 0.011102676391601562 0.016408081054687502
0 0.375701904296875 0.36837440490722656 0.01230154037475586 0.019022674560546876
0 0.8081584930419922 0.20557579040527346 0.011527061462402344 0.017011871337890627
0 0.8203136444091796 0.20824851989746096 0.011165618896484375 0.017388610839843752
0 0.8403589248657226 0.7487635803222656 0.010458564758300782 0.01604278564453125
0 0.9658601760864257 0.3489482116699219 0.007251358032226562 0.011271362304687501
