1 0.40943450927734376 0.23753692626953127 0.06758241653442383 0.03970443725585938
2 0.5287421226501465 0.6669127655029298 0.02391357421875 0.04007797241210938
0 0.30355010032653806 0.07206329345703126 0.011791706085205078 0.019037017822265627
1 0.6305583953857422 0.15629043579101565 0.022028350830078126 0.13890060424804687
0 0.9293554306030273 0.5507028198242188 0.011176300048828126 0.01789703369140625
0 0.25677027702331545 0.028101720809936524 0.012299442291259765 0.01954561233520508
0 0.8589275360107421 0.6686187744140626 0.011077880859375 0.017741241455078126
0 0.9841585159301758 0.5335694885253907 0.012395858764648438 0.0181964111328125
0 0.3906447410583496 0.05873855590820313 0.012531089782714843 0.01915618896484375
0 0.1661822557449341 0.9627949523925782 0.011951160430908204 0.017347869873046876
0 0.8320575714111328 0.13150096893310548 0.011250686645507813 0.018235855102539063
0 0.48450779914855957 0.5981063842773438 0.013031578063964844 0.019052734375
0 0.6711799621582031 0.44197280883789064 0.011498069763183594 0.017529602050781252
0 0.32955313503841066 0.7137013120635429 0.009708309173583984 0.01480010986328125
0 0.0771906018257141 0.7837449645996094 0.011581850051879884 0.018250579833984377
0 0.35163307189941406 0.9073342895507813 0.010299110412597656 0.01758209228515625
0 0.5661593437194824 0.9135713195800782 0.011673355102539062 0.01655487060546875
0 0.4320847988128662 0.09304840087890626 0.009998703002929687 0.01573089599609375
0 0.17976572513580322 0.015551090240478517 0.012005805969238281 0.017373008728027346
0 0.7098818778991699 0.8930672454833984 0.011653327941894531 0.019716186523437502
0 0.61457839012146 0.13473506927490236 0.009763145446777343 0.016706924438476562
0 0.8519349098205566 0.6859143829345704 0.011865806579589844 0.01795257568359375
0 0.9746200561523437 0.5644122314453125 0.012552642822265625 0.01737274169921875
0 0.2872910022735596 0.2831988525390625 0.011136341094970702 0.017491912841796877
0 0.777285385131836 0.010543670654296875 0.010215187072753906 0.017926712036132813
0 0.37819867134094237 0.557139129638672 0.011478328704833984 0.01656158447265625
2 0.6357645988464355 0.6165436553955078 0.01180438995361328 0.018404998779296876
0 0.4224621295928955 0.05104286193847657 0.009691619873046875 0.014019470214843751
0 0.24043819904327393 0.8640379333496094 0.011664009094238282 0.017306671142578126
0 0.5920309490627712 0.9598402263500074 0.010382546318901831 0.015504732485170697
0 0.8484779357910156 0.6676934051513672 0.011104583740234375 0.015811920166015625
0 0.373945951461792 0.5743083190917969 0.01168203353881836 0.0174664306640625
0 0.375748348236084 0.688891830444336 0.011600971221923828 0.017588653564453126
0 0.23675134181976318 0.33273406982421877 0.01162862777709961 0.017613983154296877
0 0.5385371685028076 0.49055984497070315 0.011673355102539062 0.01810760498046875
0 0.5473932421227197 0.5199004975124378 0.01217868988391378 0.019900497512437786
0 0.42832711442786064 0.5422885572139304 0.012437810945273615 0.01741293532338309
0 0.4246994195688225 0.5582504145936982 0.011401326699834157 0.01616915422885569
0 0.5639467592592593 0.8972222222222221 0.01138117283950623 0.014814814814814857
