1 0.11453790664672851 0.14098019070095485 0.05183413028717041 0.09572347005208334
1 0.3333454608917236 0.8423377990722657 0.054945182800292966 0.08795182969835069
2 0.5808698654174804 0.4459822760687934 0.023643302917480468 0.04034695095486111
2 0.22779808044433594 0.024561267428927953 0.023192405700683594 0.046355353461371526
0 0.929860782623291 0.8868182712131076 0.012873077392578125 0.01991916232638889
2 0.19561290740966797 0.026430765787760418 0.022227382659912108 0.0420426262749566
0 0.2825936317443848 0.3765149434407552 0.011536121368408203 0.01967230902777778
2 0.5701387405395508 0.15489654541015627 0.022446441650390624 0.04216071234809028
2 0.5018048286437988 0.13902630276150174 0.021109676361083983 0.04309421115451389
0 0.06966448426246644 0.15079248216417102 0.012118387222290038 0.019824557834201388
0 0.25370187759399415 0.4434688144259983 0.012206792831420898 0.020503065321180555
0 0.3735982418060303 0.5187568664550781 0.011637496948242187 0.01951412624782986
2 0.38947739601135256 0.7602099948459202 0.02026653289794922 0.03926662868923611
2 0.03744571208953858 0.7912239922417535 0.024078094959259035 0.04241163465711806
2 0.5012126445770264 0.18147540622287328 0.023233699798583984 0.04059973822699653
2 0.6191062927246094 0.08233244154188368 0.019619178771972657 0.039381663004557296
2 0.005299852043390274 0.8060392591688368 0.010599704086780548 0.03809882269965278
2 0.5700605869293213 0.07963265313042535 0.020924758911132813 0.03754492865668403
2 0.6273983955383301 0.4582786560058594 0.02614459991455078 0.03591715494791667
2 0.061531460285186766 0.7934536404079862 0.020703220367431642 0.03533155653211806
2 0.3513093709945679 0.7797484503851997 0.021379470825195312 0.04059482150607639
2 0.37252035140991213 0.7915454440646702 0.021749019622802734 0.036797417534722224
2 0.5974320888519287 0.06288312276204427 0.026235294342041016 0.041122521294487846
0 0.3740251064300537 0.2964597913953993 0.011443996429443359 0.018131510416666666
2 0.038087287545204164 0.8348971048990885 0.02797543406486511 0.04106190999348958
2 0.6015281677246094 0.10707855224609375 0.019303607940673827 0.033504146999782984
0 0.313694167137146 0.41395034790039065 0.011622858047485352 0.01925540500217014
2 0.06725037097930908 0.8307815551757812 0.016725540161132812 0.02987704806857639
0 0.6146232604980468 0.48635796440972223 0.011584949493408204 0.020433553059895835
2 0.5849044799804688 0.09863696628146702 0.017037200927734374 0.03839501274956597
