1 0.31900553703308104 0.0922120836046007 0.06702919006347656 0.10451405843098958
1 0.7972523689270019 0.7159527248806424 0.06968746185302735 0.030399746365017362
1 0.01836683452129364 0.4768950568305122 0.03624165654182434 0.07206929524739583
0 0.44008798599243165 0.15755903455946182 0.012041664123535157 0.02016084459092882
2 0.9170694351196289 0.2638560824924045 0.021158599853515626 0.035815429687500004
2 0.906007194519043 0.3391515096028646 0.020462417602539064 0.03410864935980903
0 0.02229023873806 0.18054478963216147 0.012532287836074829 0.022718048095703127
0 0.03037477061152458 0.3090848286946615 0.0119070902466774 0.020553249782986113
0 0.4164860725402832 0.3396643744574653 0.011636734008789062 0.01906500922309028
0 0.07662819623947144 0.8283349778917101 0.0133131742477417 0.020937262641059027
0 0.8774633407592773 0.37211490207248266 0.011032676696777344 0.019047037760416666
0 0.21371502876281737 0.47070405748155386 0.011751699447631835 0.01949886745876736
0 0.041005146503448484 0.4010772705078125 0.010457110404968262 0.01725565592447917
0 0.36709568500518797 0.37963222927517365 0.011750602722167968 0.01996799045138889
0 0.47429323196411133 0.6262422349717882 0.01297149658203125 0.021822441948784722
0 0.6704655647277832 0.4845664130316841 0.010972976684570312 0.017390950520833334
1 0.9480024337768554 0.2832108391655816 0.06747093200683593 0.06000942654079861
0 0.9190275192260742 0.739269765218099 0.01050567626953125 0.01691504584418403
0 0.3797440591933113 0.37491401973237587 0.011559486389160156 0.0187530517578125
0 0.5817090988159179 0.302421145968967 0.011943244934082031 0.020116170247395836
0 0.3727151393890381 0.35837334526909725 0.011875534057617187 0.018382093641493055
0 0.5797697368421052 0.4107812265707003 0.009488866396761135 0.015744489428699954
0 0.38798920377867746 0.34311740890688264 0.01096491228070177 0.019868046183835652
