1 0.19391149282455444 0.5577706231011285 0.060847115516662595 0.05238681369357639
2 0.8466118812561035 0.6703971862792969 0.023120689392089843 0.038315667046440974
0 0.6302159309387207 0.13564881218804253 0.010982513427734375 0.019328901502821183
0 0.9422924041748046 0.8712154812282986 0.010943603515625 0.019566175672743057
0 0.5478348731994629 0.7568369547526042 0.011395263671875 0.01904025607638889
2 0.8851595878601074 0.8551791720920139 0.022854423522949217 0.03761664496527778
2 0.8704490661621094 0.5458324008517795 0.021747589111328125 0.03828260633680556
2 0.8912353515625 0.5621960957845052 0.023910140991210936 0.04063229031032986
0 0.13240622282028197 0.8041402180989584 0.011700248718261719 0.01793857150607639
0 0.2534909248352051 0.7694524129231771 0.01200103759765625 0.019334920247395835
2 0.8657468795776367 0.5062291463216146 0.02092323303222656 0.03624199761284722
2 0.9028997421264648 0.48056666056315106 0.01943359375 0.03301459418402778
2 0.88304443359375 0.48663584391276044 0.021851348876953124 0.036282687717013894
0 0.14635980129241943 0.006553332010904948 0.010013937950134277 0.013106664021809896
0 0.39073045253753663 0.018350134955512153 0.013466691970825196 0.019964514838324652
