0 0.1525491952896118 0.648189697265625 0.012598180770874023 0.019173583984375003
1 0.4337491989135742 0.7422621154785157 0.04892511367797851 0.1351470947265625
2 0.6582115650177002 0.4971495056152344 0.02572355270385742 0.04035736083984375
2 0.6129420280456543 0.9259727478027344 0.022610855102539063 0.0369683837890625
0 0.6940449714660645 0.528514633178711 0.012681961059570312 0.018751220703125
1 0.5585500717163085 0.8492162322998047 0.030365943908691406 0.12406387329101563
1 0.3564079761505127 0.20195945739746096 0.019404029846191405 0.07297683715820313
0 0.9334115982055664 0.28470726013183595 0.009186935424804688 0.013275451660156251
0 0.31299781799316406 0.6725540161132812 0.011064529418945312 0.016451416015625
0 0.9805971145629883 0.45298667907714846 0.009098052978515625 0.014361724853515626
