0 0.9784154891967773 0.890365447998047 0.012081146240234375 0.018330383300781253
1 0.14047385454177858 0.5163372802734375 0.07473275661468506 0.05835418701171875
0 0.9916156768798828 0.6480795288085938 0.013116073608398436 0.019605102539062502
2 0.36124382019042967 0.7171750640869141 0.024432945251464843 0.04089096069335938
0 0.3700047492980957 0.3312194061279297 0.011592674255371093 0.018061676025390626
1 0.9420177459716796 0.8235365295410156 0.023948478698730468 0.14322021484375
2 0.21727371215820312 0.4240147399902344 0.029687309265136717 0.041612854003906255
0 0.4966562271118164 0.6835350036621094 0.011475181579589844 0.01728485107421875
0 0.4960023880004883 0.05528141021728516 0.01045398712158203 0.0165081787109375
0 0.9623805999755859 0.5120199584960938 0.012339401245117187 0.01830291748046875
0 0.7382810592651368 0.08828071594238282 0.011595535278320312 0.01835929870605469
0 0.8223147392272949 0.4010027313232422 0.012064552307128907 0.018827362060546877
