0 0.5101225852966309 0.04492034912109375 0.012756156921386718 0.019824676513671875
0 0.20358150005340575 0.775123291015625 0.012735605239868164 0.018021850585937502
0 0.24322047233581542 0.6350857543945313 0.01166071891784668 0.01728057861328125
1 0.13065502643585206 0.2772910308837891 0.02631087303161621 0.10610031127929688
0 0.09746485948562622 0.22862327575683594 0.012661099433898926 0.019138946533203128
0 0.5603167057037354 0.4863547515869141 0.012182331085205078 0.01779815673828125
1 0.14598652124404907 0.3817261505126953 0.024445724487304688 0.114193115234375
1 0.602571964263916 0.7220436096191407 0.06819438934326172 0.049350738525390625
2 0.09429372549057007 0.9850593566894532 0.01566448211669922 0.02867462158203125
0 0.10682397959183672 0.9 0.010841836734693884 0.012925170068027115
0 0.9007186692506459 0.20478036175710596 0.01130490956072355 0.01679586563307493
