1 0.7087220191955567 0.4967512512207032 0.04745283126831055 0.11122802734375001
1 0.9226451873779297 0.6805026245117188 0.08931083679199218 0.07377349853515626
1 0.8178633689880371 0.150177001953125 0.07223434448242187 0.04151351928710938
0 0.8433291435241699 0.5502749633789062 0.011264991760253907 0.017051544189453125
0 0.05347394943237305 0.1337603759765625 0.011711394786834717 0.018448333740234375
0 0.0450583815574646 0.1101073455810547 0.012222862243652344 0.019544525146484377
0 0.7603678703308105 0.3623571014404297 0.012265777587890625 0.019398498535156253
0 0.05559349060058594 0.15256904602050783 0.01202096939086914 0.0179736328125
0 0.885975456237793 0.23084991455078127 0.011195755004882813 0.018513488769531253
0 0.01149915382982967 0.12534682011379222 0.011079471930861475 0.01771232604980469
0 0.03226535320281983 0.1172167205810547 0.011129987239837647 0.018480072021484377
1 0.24762330055236817 0.7559213256835938 0.04193115234375 0.112086181640625
0 0.04241724908351898 0.16188461303710938 0.011637222766876221 0.018315734863281252
0 0.03255616416079288 0.1633896760241052 0.009802347421646136 0.018526611328125
0 0.03530159098303829 0.14098109966269765 0.011082279682159423 0.016896362304687502
0 0.01547748729121274 0.14251997095134353 0.011006717501815541 0.014524328249818435
0 0.022682915758896107 0.1258169934640523 0.008396877269426287 0.017066085693536695
