1 0.9108540534973144 0.9522483062744141 0.032217216491699216 0.09550338745117189
0 0.2538888692855835 0.7851858520507813 0.011889219284057617 0.017884826660156252
0 0.9536550521850585 0.19745311737060547 0.011729812622070313 0.018156661987304687
1 0.30687928199768066 0.3443250846862793 0.028702592849731444 0.1288345718383789
0 0.7384990692138672 0.7024956512451173 0.012215423583984374 0.01864501953125
0 0.570338249206543 0.7891633605957031 0.01160259246826172 0.017702026367187502
0 0.27653112411499026 0.027339315414428713 0.01104736328125 0.016996936798095705
2 0.6481409072875977 0.04329261779785157 0.022641944885253906 0.03560653686523438
2 0.6303849220275879 0.02081554412841797 0.020545196533203126 0.035995254516601564
0 0.2860081672668457 0.40268035888671877 0.011968421936035156 0.017961120605468752
0 0.3095799207687378 0.27905620574951173 0.012343358993530274 0.019451446533203125
0 0.2881816625595093 0.23606681823730472 0.009432840347290038 0.013270416259765626
0 0.2489997863769531 0.4589816284179688 0.012467765808105468 0.019013366699218753
2 0.4127645015716553 0.6814192962646485 0.024000167846679688 0.04092254638671875
2 0.38852357864379883 0.6634028625488282 0.022777032852172852 0.037315673828125
2 0.6494778633117676 0.01427297592163086 0.022720718383789064 0.026354713439941408
0 0.6067319651741293 0.040008291873963514 0.010623963515754535 0.015339966832504147
