1 0.023961415886878966 0.2346554226345486 0.04792283177375793 0.037894354926215276
2 0.29528791904449464 0.34746025933159724 0.022467803955078126 0.03651292588975694
2 0.6801563262939453 0.07999568515353733 0.023922157287597657 0.038629743787977434
2 0.2965561389923096 0.39076436360677086 0.024086713790893555 0.04004703097873264
2 0.482082462310791 0.33165098826090494 0.02226428985595703 0.036152097913954
2 0.5223543167114257 0.04652769300672743 0.022465896606445313 0.04133792453342014
2 0.6898207187652587 0.0415848626030816 0.02254314422607422 0.040279981825086804
0 0.941733169555664 0.2512351989746094 0.012214851379394532 0.018414984809027778
0 0.9429105758666992 0.23031378851996528 0.01212005615234375 0.02097507052951389
2 0.3383278131484985 0.3677262200249566 0.02163848876953125 0.03732944064670139
0 0.685335922241211 0.43371124267578126 0.011551856994628906 0.019087049696180556
0 0.985281753540039 0.18761266072591146 0.01285552978515625 0.021159532335069446
0 0.34866786003112793 0.3385607401529948 0.011583662033081055 0.020036315917968752
0 0.6964423656463623 0.4295794169108073 0.009763145446777343 0.017446729871961806
2 0.5003427982330322 0.30289857652452257 0.023441791534423828 0.03938174777560764
0 0.7946981430053711 0.6191674126519098 0.010255241394042968 0.016428799099392363
2 0.315625 0.3685185185185185 0.0203125 0.03425925925925926
2 0.335546875 0.4041666666666667 0.02005208333333333 0.03888888888888889
