1 0.9519274711608886 0.42829681396484376 0.07226295471191406 0.05050445556640625
0 0.5706806182861328 0.8717846679687501 0.011923408508300782 0.0178167724609375
0 0.23329110145568846 0.07709472656250001 0.011084651947021485 0.017781219482421878
1 0.12933816909790039 0.5195587158203125 0.027936935424804688 0.10873046875
1 0.3124912977218628 0.11321624755859376 0.03837428092956543 0.11561141967773438
2 0.2807131767272949 0.6194429016113282 0.02142963409423828 0.044366149902343756
0 0.6582399368286133 0.12431282043457031 0.012540435791015625 0.01830902099609375
0 0.7316611289978028 0.9763641357421876 0.01143798828125 0.0180194091796875
0 0.5611500263214111 0.32771038055419927 0.012666606903076172 0.020471649169921877
0 0.6553080081939697 0.9923544311523438 0.011737632751464843 0.015291137695312502
0 0.6880190372467041 0.8840292358398438 0.011343574523925782 0.017811889648437502
0 0.6040280342102051 0.45337417602539065 0.013106632232666015 0.01831268310546875
0 0.8757881164550781 0.441102294921875 0.011822509765625 0.01893280029296875
0 0.5858198165893554 0.45326263427734376 0.010466766357421876 0.015333862304687501
0 0.4368703842163086 0.7130879211425781 0.00982666015625 0.014932861328125002
