1 0.7986186981201172 0.6046589321560331 0.031754684448242185 0.13272586398654515
2 0.7955210685729981 0.3305306328667535 0.02532024383544922 0.03906622992621528
2 0.5086256980895996 0.7335950215657553 0.02150125503540039 0.04144439697265625
0 0.8517616271972656 0.0673984103732639 0.0117706298828125 0.02172156439887153
2 0.5299355506896972 0.7125012715657553 0.023068618774414063 0.04157206217447917
1 0.5066896438598633 0.07478078206380209 0.023320865631103516 0.06364593505859376
0 0.1566866159439087 0.5049981011284722 0.011054468154907227 0.017676798502604167
0 0.7463945388793946 0.7994136386447483 0.011750030517578124 0.019702657063802084
0 0.6109871864318848 0.2061332278781467 0.011434364318847656 0.020164320203993058
0 0.35924763679504396 0.8447219848632813 0.01060791015625 0.018409898546006945
0 0.4453603744506836 0.34608917236328124 0.012861442565917968 0.02156643337673611
0 0.14865760803222655 0.4694861518012153 0.012569236755371093 0.016415235731336807
0 0.5991065979003907 0.89508056640625 0.011761093139648437 0.018649800618489584
0 0.4331521987915039 0.7432860480414497 0.011319923400878906 0.017112392849392363
0 0.14784895181655883 0.4911207411024306 0.013053107261657714 0.02119818793402778
0 0.3616328239440918 0.8314108954535591 0.008693218231201172 0.013570488823784723
0 0.18686974048614502 0.14253713819715713 0.012387943267822266 0.020361497667100697
0 0.6140500068664551 0.9934202406141494 0.011995315551757812 0.013159518771701389
0 0.37172422409057615 0.8476977030436198 0.011258983612060547 0.01840972900390625
0 0.07401933183183183 0.42867867867867876 0.011026651651651643 0.01835168501835164
0 0.17877252252252251 0.43264097430764104 0.010792042042042028 0.017100433767100437
0 0.421875 0.36382850241545894 0.011605525362318818 0.018115942028985532
