2 0.0678823709487915 0.6093785603841146 0.02748095989227295 0.05095723470052083
0 0.9079217910766602 0.6166229248046875 0.0129913330078125 0.020634629991319445
1 0.055837196111679074 0.5794520060221354 0.021469640731811523 0.11245693630642362
0 0.9191755294799805 0.3920913696289063 0.012195968627929687 0.020515950520833333
1 0.08680444955825806 0.05457127888997396 0.017310690879821778 0.0900848388671875
0 0.8723875045776367 0.9483595106336806 0.010618972778320312 0.018012491861979167
0 0.8781161308288574 0.9326133728027344 0.012950134277343749 0.01519961886935764
0 0.8561255455017089 0.9929229736328126 0.011017417907714844 0.014154052734375
0 0.5018739700317383 0.9183803982204861 0.011317825317382813 0.02337375217013889
0 0.648320895522388 0.3445273631840796 0.010883084577114488 0.020269025244149613
