1 0.10649316310882569 0.6525662231445313 0.08486230373382568 0.06132522583007813
1 0.39998421669006345 0.5033872985839845 0.06885251998901368 0.05418060302734375
0 0.739867877960205 0.05060600280761719 0.011349105834960937 0.01852020263671875
0 0.4157889366149902 0.08992820739746095 0.012806510925292969 0.020108489990234377
0 0.2825926303863525 0.193236198425293 0.01256875991821289 0.018981399536132815
0 0.09023169279098511 0.08724235534667969 0.01208246946334839 0.019007568359375
0 0.2894291877746582 0.8746026611328126 0.011794948577880859 0.018952331542968753
0 0.3969577789306641 0.4373734283447266 0.010729503631591798 0.016366729736328127
1 0.35066843032836914 0.36102668762207035 0.015166568756103515 0.10739913940429688
0 0.9883487701416015 0.3561053466796875 0.011977767944335938 0.0190496826171875
0 0.052575398981571195 0.9465065002441407 0.01178412139415741 0.016767272949218752
0 0.5373919010162354 0.324097900390625 0.01060953140258789 0.016766967773437502
0 0.7447461128234864 0.28191287994384767 0.0113555908203125 0.018371658325195314
0 0.061717450618743896 0.982015838623047 0.012343811988830566 0.0189080810546875
0 0.32792847156524657 0.804298095703125 0.011452054977416993 0.01829559326171875
0 0.7848647117614747 0.2118627166748047 0.010324478149414062 0.014003677368164063
0 0.31801614761352537 0.8585075378417969 0.011627960205078124 0.019105529785156252
0 0.31704096794128417 0.8065628051757813 0.010776996612548828 0.016901092529296877
0 0.06094560623168945 0.632837371826172 0.011336708068847656 0.016533813476562503
1 0.9017110824584961 0.5494039916992188 0.05173149108886719 0.043908691406250006
0 0.03419781029224396 0.9431237030029298 0.010023027658462524 0.0158648681640625
0 0.2179560899734497 0.3511071014404297 0.01054830551147461 0.015304718017578127
0 0.05930426120758057 0.6489877319335938 0.01090550422668457 0.0156292724609375
0 0.3101170063018799 0.8223826599121095 0.012075424194335938 0.01856842041015625
0 0.041260546445846556 0.9290682983398438 0.011499476432800294 0.016384887695312503
0 0.20869736671447753 0.3616346740722656 0.010961151123046875 0.018063964843750002
0 0.2985626459121704 0.822332763671875 0.011375236511230468 0.01901580810546875
0 0.21956457345971567 0.24071879936808852 0.010614139020537117 0.015402843601895741
0 0.46285822021116135 0.38687782805429866 0.011312217194570155 0.018853695324283565
0 0.525664592760181 0.3218325791855204 0.01060520361990953 0.017722473604826566
0 0.595058497536946 0.6208949096880131 0.010006157635467972 0.016009852216748756
0 0.7869714696223317 0.229679802955665 0.009493021346469514 0.014367816091954023
0 0.8635570607553366 0.2532840722495895 0.012828407224958956 0.015599343185550084
0 0.9375769704433496 0.22557471264367818 0.010006157635467972 0.016009852216748756
