0 0.8475722312927246 0.6716020372178819 0.012380027770996093 0.020091078016493055
0 0.5159573078155517 0.704964362250434 0.012339210510253907 0.020265367296006944
2 0.7952426910400391 0.7488772922092014 0.02115459442138672 0.040278625488281254
2 0.775158166885376 0.7284211900499132 0.022163581848144532 0.04635959201388889
0 0.2696751356124878 0.6073257446289063 0.012598228454589843 0.01989678276909722
0 0.8758028030395507 0.04528736538357205 0.012094879150390625 0.0206878662109375
0 0.20257103443145752 0.06861792670355903 0.010929298400878907 0.0211212158203125
0 0.9937370300292968 0.10438711378309462 0.011897468566894531 0.02241312662760417
0 0.8006609916687012 0.44226616753472225 0.012486839294433593 0.019820149739583334
0 0.21273252964019776 0.07475895351833768 0.011826038360595703 0.020046318901909724
0 0.5909037234673462 0.6143731107853316 0.013128018834106569 0.015049762966062388
0 0.5798816204071044 0.6125381469726563 0.011873817443847657 0.021486748589409722
0 0.12435020208358764 0.4571625603569879 0.012810087203979493 0.021571011013454863
0 0.5889625420875421 0.6309390198279089 0.01210016835016828 0.017458535977054466
0 0.3747702205882353 0.8487654320987654 0.01123366013071898 0.019970951343500305
