1 0.7590953826904296 0.23195012410481772 0.06928787231445313 0.057729085286458336
2 0.6837653160095215 0.5876124064127605 0.025668907165527343 0.041030544704861116
0 0.229472017288208 0.12838838365342883 0.012318181991577148 0.021231248643663197
0 0.07320139408111573 0.18158738878038194 0.012790024280548096 0.021889834933810765
0 0.6079484462738037 0.5715006510416667 0.012679672241210938 0.020500691731770833
0 0.8428074836730957 0.6918292575412327 0.012287712097167969 0.017860243055555555
0 0.3660996198654175 0.4942572699652778 0.011324167251586914 0.018640306260850694
0 0.6943464279174805 0.11114370557996962 0.012246322631835938 0.0221893310546875
0 0.2672760009765625 0.1393533918592665 0.012810325622558594 0.020446268717447917
0 0.7204629421234131 0.20492477416992189 0.012640094757080078 0.020656840006510416
0 0.08818995356559753 0.11321593390570747 0.013005292415618897 0.02205386691623264
0 0.4032585620880127 0.5265592787000868 0.012380409240722656 0.020543755425347223
0 0.2457726001739502 0.027676306830512153 0.011941623687744141 0.01848331027560764
0 0.8097102165222168 0.46063936021592883 0.011974716186523437 0.019639587402343752
0 0.435973596572876 0.29960818820529517 0.009663200378417969 0.015660773383246528
0 0.8650495529174804 0.16850598653157553 0.012591934204101563 0.02156745062934028
0 0.05706820487976074 0.7587952507866754 0.012267994880676269 0.022234259711371527
0 0.8681577682495117 0.9019000583224827 0.011520767211914062 0.021258375379774305
0 0.8556690216064453 0.1526678721110026 0.010440635681152343 0.019584316677517363
0 0.3227437973022461 0.34645538330078124 0.012071323394775391 0.021664089626736112
0 0.7340927124023438 0.19379861619737415 0.012321662902832032 0.02148047553168403
0 0.7277059512740516 0.9422664509728531 0.010700225830078125 0.019345262315538195
0 0.395278787612915 0.7630515204535591 0.01036367416381836 0.017605251736111112
0 0.9714622497558594 0.2772386762830946 0.011713027954101562 0.02276551988389757
0 0.7374166731677094 0.927552964952257 0.01237335205078125 0.017397732204861113
0 0.899957337883959 0.8750974487104093 0.010665529010238947 0.018860847744141797
0 0.8848514556884766 0.8766242133246528 0.009399604797363282 0.016434733072916666
0 0.3496510673234811 0.08027732165663201 0.011802134646962219 0.020069330414157996
0 0.5738916256157635 0.4978562306148513 0.010262725779967142 0.016876482393723687
