1 0.3301608324050903 0.32728965759277345 0.0773897647857666 0.06868209838867188
0 0.9197847366333007 0.17263263702392578 0.012963485717773436 0.01967552185058594
2 0.4449352741241455 0.36086425781250003 0.02367687225341797 0.03819778442382813
2 0.5539416313171387 0.3297716903686524 0.022499656677246092 0.039885635375976565
0 0.8605430603027343 0.6212223815917969 0.013784408569335938 0.01978729248046875
0 0.3479984998703003 0.8686270904541016 0.013215589523315429 0.016975860595703125
0 0.41197404861450193 0.5128994750976563 0.012993621826171874 0.01993804931640625
2 0.5744215965270996 0.3183080291748047 0.021944427490234376 0.027260894775390627
0 0.8329299926757813 0.3235978698730469 0.009876441955566407 0.015227813720703125
0 0.6669953823089599 0.1199663543701172 0.01155385971069336 0.017586212158203125
0 0.6338912963867187 0.6423611450195313 0.012511825561523438 0.01994354248046875
0 0.5589775085449219 0.5921054077148438 0.011583518981933594 0.0163031005859375
0 0.7083531856536865 0.7450215911865234 0.010602378845214843 0.0138201904296875
