2 0.7322059154510498 0.9708880106608073 0.022984790802001952 0.04251997205946181
2 0.5137827396392822 0.5404498630099827 0.022641468048095702 0.04600728352864584
2 0.41931834220886227 0.8139702690972223 0.022402572631835937 0.03803473578559028
2 0.3649616718292236 0.3028662787543403 0.027297592163085936 0.04502682156032986
2 0.22087244987487792 0.4122960408528646 0.021308326721191408 0.041198052300347225
2 0.06157482266426086 0.3329432169596354 0.023764634132385255 0.043639797634548616
2 0.563193416595459 0.8207516140407987 0.028871536254882812 0.0431060791015625
2 0.18396090269088744 0.6917196485731337 0.020069432258605958 0.03917456732855903
2 0.04267096519470215 0.45513441297743057 0.023460423946380614 0.042179701063368054
2 0.634702491760254 0.8909071180555556 0.023356056213378905 0.03926255967881945
2 0.640270471572876 0.6898980882432726 0.022394561767578126 0.034711201985677086
2 0.47510786056518556 0.6520431518554688 0.024502372741699217 0.039177788628472224
2 0.5503353595733642 0.8564937167697483 0.020394420623779295 0.03761088053385417
0 0.2029646396636963 0.782363043891059 0.011515474319458008 0.01917080349392361
2 0.10354364216327668 0.7053123474121094 0.02394794821739197 0.036460028754340276
2 0.4883700370788574 0.4179512871636285 0.020797538757324218 0.040665690104166666
2 0.47674951553344724 0.693013932969835 0.024274253845214845 0.04106360541449653
2 0.035066843032836914 0.4117096794976129 0.02304368019104004 0.041195848253038195
2 0.4643366813659668 0.4126161363389757 0.024340057373046876 0.04185892740885417
0 0.8059330940246582 0.1989821539984809 0.011445999145507812 0.018579949273003472
2 0.10612353086471557 0.6313975863986545 0.02546741962432861 0.03804745144314236
2 0.6616477012634278 0.7612440321180556 0.027577590942382813 0.04061754014756944
0 0.8032436370849609 0.21704949273003474 0.012348365783691407 0.020045979817708334
2 0.1326751947402954 0.6331103854709201 0.02409071922302246 0.033589341905381945
2 0.6188045024871827 0.6480845133463542 0.02054309844970703 0.038536919487847224
2 0.6428643703460694 0.7825913323296442 0.02060070037841797 0.03465660942925347
2 0.09485987424850464 0.6665089077419705 0.024512434005737306 0.03863779703776042
0 0.38375790119171144 0.8438257853190104 0.010055923461914062 0.01948089599609375
0 0.3908623456954956 0.845444827609592 0.010272359848022461 0.019158257378472224
1 0.8861789703369141 0.639295874701606 0.05595130920410156 0.027002970377604168
2 0.4751119613647461 0.4485918680826823 0.02039031982421875 0.03500349256727431
2 0.15678486824035645 0.6579597473144532 0.027547216415405272 0.03741488986545139
0 0.8964524269104004 0.6085275438096789 0.012230873107910156 0.018728807237413197
2 0.12732490301132202 0.6874610900878907 0.022109413146972658 0.03361172146267361
2 0.16383928383512453 0.6935949920281248 0.020412557818032234 0.03225902159965236
2 0.45539078712463377 0.5001017252604167 0.024881458282470702 0.0468690660264757
0 0.5270679392446634 0.3448275862068965 0.009493021346469632 0.017332603539500092
2 0.407507183908046 0.34733625250866623 0.019242610837438376 0.03238460135011857
