0 0.18173730373382568 0.07098937988281251 0.011072206497192382 0.017838668823242188
0 0.2853053569793701 0.1890365219116211 0.013350391387939453 0.0190985107421875
0 0.2658980369567871 0.05373405456542969 0.012611675262451171 0.01923370361328125
0 0.9097549438476562 0.5676673889160156 0.010999679565429688 0.0163226318359375
1 0.1550753593444824 0.8982730865478517 0.08475093841552735 0.03182388305664063
2 0.408304627348737 0.615926483898628 0.022401937624303335 0.036731016577743865
0 0.8406364440917968 0.42577781677246096 0.01139984130859375 0.017838439941406253
0 0.07181093096733093 0.6073516845703125 0.011318087577819824 0.016839294433593752
0 0.02294696867465973 0.18255165100097656 0.012038087844848633 0.017511444091796877
0 0.4143099308013916 0.1767436981201172 0.011424732208251954 0.019697418212890627
0 0.4158742904663086 0.7111051177978516 0.011794471740722656 0.017906494140625
0 0.35897777080535886 0.21066654205322266 0.012514686584472657 0.017535781860351565
0 0.5866879463195801 0.1684966278076172 0.011943340301513672 0.017097930908203125
0 0.8464734077453613 0.45862304687500005 0.01207561492919922 0.01838226318359375
0 0.26757102012634276 0.8961318969726563 0.011376476287841797 0.017625732421875002
0 0.6726725101470947 0.6456098175048829 0.011885356903076173 0.016837615966796875
0 0.15542886636636635 0.618993993993994 0.011495870870870858 0.015765765765765802
0 0.45175057870370366 0.6844135802469137 0.011815200617283968 0.01929012345679013
