1 0.7314621925354003 0.4367401123046875 0.05058021545410156 0.10501876831054688
2 0.7966297149658204 0.6131922912597657 0.025808334350585938 0.036236572265625
0 0.34578657150268555 0.37594863891601565 0.012268400192260743 0.019501953125000002
0 0.672823143005371 0.14875999450683594 0.011815834045410156 0.018255157470703127
0 0.5692829132080078 0.04966476440429688 0.0117279052734375 0.017014312744140628
0 0.2947075843811035 0.6435285949707031 0.012399911880493164 0.01919952392578125
0 0.45865774154663086 0.2966703033447266 0.011642742156982421 0.018383789062500003
0 0.6348309516906738 0.4568107604980469 0.013311386108398438 0.019256591796875
0 0.2041674554347992 0.08569778442382812 0.010931217670440673 0.015545349121093751
2 0.03408626616001129 0.24977966308593752 0.02584102749824524 0.04470809936523438
2 0.049812453985214236 0.21261985778808595 0.02252589464187622 0.03761428833007813
0 0.3513760566711426 0.22489009857177736 0.010629940032958984 0.015144653320312501
