1 0.9303373336791992 0.5927134704589844 0.05077037811279297 0.11949890136718751
0 0.5463883399963378 0.6556111145019532 0.012477302551269531 0.018986816406250002
0 0.530010461807251 0.026816864013671875 0.011429405212402344 0.01798667907714844
0 0.32352523803710936 0.24424911499023438 0.011379384994506836 0.019018707275390626
0 0.20980260372161866 0.390948486328125 0.012019681930541991 0.0178131103515625
0 0.026729173213243484 0.22676952362060548 0.011628733575344085 0.018044967651367188
0 0.7949384689331055 0.68986572265625 0.011922645568847656 0.017088165283203127
0 0.13102147579193116 0.9275370025634766 0.011342477798461915 0.0160205078125
0 0.04944872856140137 0.22225318908691408 0.012460565567016602 0.019830551147460938
0 0.43367471694946286 0.15775024414062502 0.012609481811523438 0.019792556762695312
0 0.12078747749328612 0.893587646484375 0.012241744995117187 0.01685760498046875
0 0.6202406406402587 0.5723957824707031 0.012378501892089843 0.01879425048828125
0 0.6878236293792724 0.7016935729980469 0.013097858428955078 0.018667144775390627
0 0.10803136825561523 0.9039656066894531 0.01053009033203125 0.0167333984375
0 0.8058041572570801 0.6864857482910157 0.010967636108398437 0.018289794921875
0 0.043720459938049315 0.6537266540527344 0.0120927095413208 0.018426818847656252
0 0.7869118690490723 0.6748113250732423 0.010737228393554687 0.0168060302734375
0 0.994648551940918 0.5129116821289063 0.010426521301269531 0.02031982421875
0 0.11757016181945801 0.9103115844726563 0.009781360626220703 0.015133514404296876
0 0.27924227714538574 0.7834266662597656 0.010697650909423827 0.0175433349609375
1 0.5576013088226318 0.039359130859375 0.015696048736572266 0.061396789550781254
