2 0.7319602966308594 0.72791748046875 0.022097969055175783 0.03448272705078125
1 0.8492341995239258 0.6033497619628907 0.07721233367919922 0.072781982421875
1 0.8524950981140137 0.3752047729492188 0.06752338409423828 0.10080734252929688
0 0.7033703804016114 0.9758946228027344 0.012085151672363282 0.01746612548828125
0 0.8600371360778808 0.5069661712646485 0.011910820007324218 0.017025604248046874
2 0.8090945959091186 0.5256181335449219 0.023233461380004882 0.0375274658203125
0 0.9067631721496582 0.4442188262939453 0.012235450744628906 0.018979492187500002
2 0.37965989112854004 0.9421084594726563 0.0241790771484375 0.035287475585937506
0 0.7847510814666748 0.16636909484863283 0.012133121490478516 0.018332595825195315
2 0.2953207969665527 0.7615365600585938 0.022281932830810546 0.03474990844726563
0 0.4338227272033691 0.7585563659667969 0.012543106079101562 0.019476318359375
2 0.2740745544433594 0.7500202178955079 0.021671867370605467 0.03456573486328125
0 0.14327081441879272 0.38782424926757814 0.010240316390991211 0.015047149658203127
0 0.3632223606109619 0.4052059936523438 0.010277414321899414 0.015290679931640625
0 0.2304882526397705 0.22111003875732424 0.012826156616210936 0.019158554077148438
0 0.35425801277160646 0.39161697387695316 0.010449886322021484 0.0147161865234375
0 0.1718977689743042 0.13682884216308594 0.009254932403564453 0.014781875610351564
0 0.34860332012176515 0.045985870361328125 0.011521100997924805 0.015476913452148439
0 0.15140023231506347 0.37441535949707033 0.010640978813171387 0.017356719970703125
