2 0.8319015502929688 0.3545391506618924 0.023492050170898438 0.0409942626953125
0 0.9707996368408203 0.35616378784179686 0.012003326416015625 0.020220438639322918
0 0.3975320100784302 0.6894801669650608 0.013828611373901368 0.024907090928819445
2 0.8781187057495117 0.09105139838324654 0.02099609375 0.03995513916015625
2 0.47641167640686033 0.10885586208767362 0.022900390625 0.046856858995225695
0 0.09367296695709229 0.2186450958251953 0.011507105827331544 0.018683115641276043
0 0.8819255828857422 0.8942342122395833 0.012939453125 0.020813157823350695
0 0.10463559925556183 0.12878553602430556 0.011874860525131226 0.02034064398871528
2 0.8166242599487304 0.14139768812391493 0.022346115112304686 0.05003594292534722
2 0.5010450839996338 0.24787813822428387 0.02592010498046875 0.038632965087890624
2 0.3812113285064697 0.6166489495171441 0.025703048706054686 0.03895619710286458
2 0.3962807893753052 0.5066719902886285 0.02343583106994629 0.037664794921875
2 0.18747730255126954 0.8321460300021701 0.02421088218688965 0.042565578884548615
2 0.5402356147766113 0.22015770806206597 0.019299888610839845 0.03540395100911459
2 0.7191242218017578 0.28813747829861114 0.02303447723388672 0.03668467203776042
2 0.745090389251709 0.2272186279296875 0.02189788818359375 0.036253865559895834
2 0.9853954315185547 0.06844550238715277 0.025344467163085936 0.036706034342447916
2 0.4666133403778076 0.19587381150987415 0.020993614196777345 0.03882641262478299
2 0.37807645797729494 0.5297688802083333 0.022126007080078124 0.03752271864149306
2 0.5016472816467286 0.16809590657552084 0.023494434356689454 0.038441297743055554
2 0.5684372425079346 0.19031982421875002 0.02740507125854492 0.03814934624565972
0 0.9957654953002929 0.5201656765407986 0.008469009399414062 0.02068820529513889
2 0.2207460880279541 0.9092688666449653 0.022699546813964844 0.03702426486545139
2 0.7537833213806152 0.26784663730197483 0.023930168151855467 0.043324449327256945
2 0.522645092010498 0.18598645528157554 0.022487640380859375 0.033495161268446184
2 0.19760100841522216 0.9094215393066407 0.020100736618041994 0.03693406846788195
2 0.8989730834960937 0.08507080078125 0.022504043579101563 0.03906521267361111
2 0.37852931022644043 0.572871568467882 0.024700450897216796 0.04230770534939236
2 0.22949867248535155 0.8733205159505208 0.02123394012451172 0.03615044487847222
0 0.5867281913757324 0.1061303456624349 0.011964035034179688 0.019856431749131945
2 0.7750297546386719 0.24544330173068576 0.02066936492919922 0.0338104248046875
2 0.5594120979309082 0.15124613444010418 0.021451759338378906 0.04046630859375
2 0.20787668228149414 0.8715215047200521 0.022530889511108397 0.04043240017361111
2 0.724611473083496 0.24992298550075956 0.030166530609130857 0.04233025444878472
2 0.5563552856445313 0.11367229885525174 0.019620132446289063 0.036416117350260416
2 0.35576581954956055 0.5125323825412327 0.02314581871032715 0.03515252007378472
2 0.18574986457824708 0.8763537936740452 0.024977684020996094 0.037377251519097224
2 0.5594746589660644 0.2280072953965929 0.02154397964477539 0.0423677232530382
0 0.6926700592041015 0.35746629503038196 0.023929405212402343 0.037953694661458336
2 0.986186408996582 0.04844911363389757 0.027277374267578123 0.07553371853298611
2 0.9858868598937988 0.6116178724500868 0.01728191375732422 0.029985215928819444
2 0.3621713161468506 0.5579091389973958 0.020740509033203125 0.03782145182291667
2 0.6925615310668946 0.35768992106119796 0.023789024353027342 0.03636813693576389
0 0.6000808189655172 0.6857838441890166 0.009877873563218387 0.017959770114942614
0 0.8620689655172414 0.35771871008939976 0.01212284482758624 0.020354406130268198
0 0.5944683908045976 0.0318486590038314 0.009877873563218387 0.016762452107279693
2 0.4929956896551725 0.13342113665389527 0.016612787356321886 0.03152937420178801
2 0.5446300287356323 0.18231162196679437 0.018408764367816015 0.029533844189016608
