1 0.7667323112487793 0.6563816494411893 0.06511402130126953 0.09296061197916668
0 0.37229535579681394 0.40295452541775173 0.012360143661499023 0.02139316134982639
1 0.23434586524963377 0.038662889268663195 0.015253019332885741 0.07661929660373264
0 0.45545458793640137 0.9776371426052518 0.011505031585693359 0.018492635091145834
0 0.808318042755127 0.8848253038194445 0.013461303710937499 0.023600599500868055
2 0.677042293548584 0.617276848687066 0.026726913452148438 0.04250590006510417
0 0.25777246952056887 0.5317153930664062 0.012643146514892577 0.021660698784722224
0 0.813378620147705 0.7566350301106771 0.012642478942871094 0.021431477864583333
0 0.9411649703979492 0.2073243882921007 0.01246795654296875 0.02024654812282986
0 0.892350959777832 0.6283552381727431 0.011683273315429687 0.019291856553819445
0 0.38340210914611816 0.5553707546657987 0.010265731811523437 0.016554090711805556
1 0.7208337783813477 0.7220172458224826 0.0687225341796875 0.030894300672743055
0 0.4783744812011719 0.13235100640190972 0.009992408752441406 0.015375773111979168
0 0.8763944625854492 0.04015536838107639 0.012567901611328125 0.01803775363498264
0 0.6485032081604004 0.28430752224392364 0.01082782745361328 0.019373575846354168
0 0.2462390422821045 0.7639222886827257 0.011139440536499023 0.018935139973958334
0 0.24670615196228027 0.21440099080403646 0.011110496520996094 0.019553629557291667
0 0.3531930446624756 0.48482157389322916 0.012367963790893555 0.022635904947916667
0 0.8538824081420898 0.2679308573404948 0.012824058532714844 0.020885721842447916
0 0.7455285072326661 0.6012352837456597 0.0108612060546875 0.01957617865668403
0 0.3666368393157223 0.5151370867305173 0.01833038330078125 0.028403218587239584
0 0.6635901927947998 0.009023157755533855 0.012790584564208984 0.01804631551106771
0 0.38428144454956054 0.5936345418294271 0.010986137390136718 0.019637044270833334
0 0.45566530227661134 0.993835194905599 0.011439132690429687 0.012329610188802085
0 0.3741370677947998 0.5919086032443577 0.01175551414489746 0.020588853624131945
0 0.3666312958679947 0.47900392773044725 0.012401058339425397 0.02271947820761587
0 0.10017741918563842 0.44528401692708336 0.018467307090759277 0.024145677354600697
