1 0.7096839427947998 0.41006782531738284 0.0791177749633789 0.05021072387695313
1 0.7857746124267578 0.07489044189453126 0.061103439331054686 0.06966705322265626
2 0.48295798301696774 0.64697998046875 0.010367488861083985 0.015418701171875
2 0.49187631607055665 0.6539071655273437 0.009750747680664062 0.014977111816406251
0 0.966734218597412 0.6466282653808594 0.012035179138183593 0.017212829589843753
0 0.7714255138269074 0.47065182747458933 0.010811042785644532 0.019862823486328222
2 0.5835685729980469 0.9674478149414063 0.011838245391845702 0.015786743164062502
0 0.920739459991455 0.7139822387695313 0.012805366516113281 0.01817596435546875
2 0.5819043159484864 0.9907319641113281 0.013048171997070312 0.01853607177734375
1 0.9528084754943847 0.11339714050292969 0.032956695556640624 0.07283538818359375
2 0.3441884994506836 0.8462327575683595 0.011919689178466798 0.0168841552734375
0 0.9487306594848632 0.5644364929199219 0.011463546752929687 0.016480560302734377
2 0.39733662605285647 0.7215121459960938 0.012203121185302734 0.0183526611328125
0 0.7730612452948125 0.4913595892539012 0.012100505828857421 0.01587371826171875
2 0.30191497802734374 0.6763771057128907 0.010609817504882813 0.017255249023437502
2 0.2662646770477295 0.9181756591796876 0.009834766387939453 0.01840606689453125
0 0.2822444438934326 0.10649459838867188 0.009539985656738281 0.015579223632812502
0 0.7616823196411133 0.4774433898925782 0.009209346771240235 0.01381439208984375
1 0.13163919413919412 0.8072344322344321 0.03434065934065935 0.10989010989010989
0 0.26199061355311354 0.9029304029304029 0.011733058608058577 0.015567765567765644
0 0.13807806776556775 0.45764652014652013 0.010588369963369952 0.016025641025640976
0 0.38642068273092367 0.0319611780455154 0.011504350736278408 0.01639892904953146
0 0.3877802878179384 0.04886211512717537 0.010876840696117777 0.01606425702811245
