1 0.3672496318817139 0.1854624938964844 0.04867091178894043 0.0728472900390625
1 0.8342273712158202 0.6733576965332032 0.07012672424316406 0.04254180908203125
1 0.6771082401275634 0.6915361785888672 0.07347679138183594 0.0470794677734375
0 0.2928936004638672 0.8265187072753907 0.011129474639892578 0.01759765625
1 0.8006425857543945 0.43621658325195317 0.08649768829345703 0.027995758056640625
1 0.10033335387706756 0.4977104187011719 0.07052627205848694 0.03673187255859375
0 0.5695037364959716 0.41212341308593753 0.011602783203125 0.019475402832031252
0 0.30829010009765623 0.7112754821777344 0.011820220947265625 0.017850036621093752
0 0.8337678909301758 0.051326141357421876 0.011554336547851563 0.0179290771484375
0 0.17881202697753906 0.636678466796875 0.011255002021789551 0.0171502685546875
0 0.44338064193725585 0.7068991088867188 0.010600090026855469 0.015931396484375002
0 0.1735156297683716 0.6046144866943359 0.011204147338867187 0.015703277587890627
0 0.4524735927581787 0.42947463989257817 0.009656143188476563 0.01559783935546875
0 0.42170052528381347 0.4066679382324219 0.01284170150756836 0.018124389648437503
0 0.005258898809552192 0.6810100555419922 0.010517797619104385 0.019744415283203125
0 0.42363924980163575 0.7959161376953126 0.010586833953857422 0.01688720703125
0 0.8267297744750977 0.03706932067871094 0.011008262634277344 0.01724578857421875
0 0.0056128397583961485 0.6416065216064454 0.011159414052963256 0.018618621826171876
0 0.20447609424591065 0.4354044991952402 0.010587453842163086 0.01550018310546875
0 0.7838362693786621 0.7909188079833985 0.010755157470703125 0.015553131103515626
0 0.058058524131774904 0.2538432312011719 0.01306915283203125 0.019016265869140625
2 0.8612049102783202 0.33552036285400394 0.011186981201171875 0.016999435424804688
0 0.5692810535430908 0.582449951171875 0.011679649353027344 0.018155822753906252
0 0.49687347412109373 0.9052784729003907 0.009972572326660156 0.015501403808593751
0 0.7927624225616455 0.8038760375976564 0.010554122924804687 0.016839294433593752
0 0.47533195970695974 0.6423992673992673 0.010874542124542152 0.0183150183150183
