1 0.4163774013519287 0.7283380889892579 0.04424610137939453 0.0967352294921875
1 0.10729265213012695 0.27386054992675785 0.05652031898498535 0.11335487365722657
0 0.6195755958557129 0.26276206970214844 0.012331962585449219 0.019080657958984375
0 0.058522593975067136 0.5565417480468751 0.012161123752593993 0.019143066406250003
0 0.5708661079406738 0.35644973754882814 0.011362075805664062 0.019534912109375
1 0.17217371463775635 0.2709062576293946 0.06427278518676757 0.050034179687500006
0 0.4845841407775879 0.16978500366210938 0.011628341674804688 0.017377014160156252
0 0.6103991508483887 0.06289432525634767 0.011605072021484374 0.017187423706054687
1 0.12082805633544921 0.14555801391601564 0.02225837707519531 0.12434616088867188
0 0.9811066627502442 0.30328155517578126 0.011276817321777344 0.017896423339843752
1 0.1492905855178833 0.08204059600830078 0.08752198219299316 0.046616516113281256
0 0.2007113218307495 0.19706985473632813 0.012022018432617188 0.017648773193359377
0 0.22659544944763182 0.2764803695678711 0.011194229125976562 0.019640121459960937
1 0.09790853261947632 0.02933952331542969 0.02927720546722412 0.05522331237792969
0 0.9697344779968261 0.31913902282714846 0.012268257141113282 0.0215338134765625
