1 0.34055776596069337 0.44120008680555556 0.022532939910888672 0.12801717122395834
2 0.7442994117736816 0.6888125101725261 0.022570228576660155 0.04753485785590278
2 0.551228380203247 0.49327273898654517 0.025147056579589842 0.04224616156684028
2 0.726207160949707 0.5604136996799045 0.024304008483886717 0.042334493001302084
0 0.15857892036437987 0.3546213785807292 0.011535167694091797 0.020616319444444444
2 0.8237436294555663 0.3709509955512153 0.021750259399414062 0.03921135796440972
2 0.025863751769065857 0.7626036749945747 0.023463678359985352 0.03813730875651042
2 0.7076408386230468 0.5908298068576389 0.022839927673339845 0.03886006673177084
2 0.8128070831298828 0.4871312459309896 0.025403594970703124 0.05063612196180556
2 0.4403545379638672 0.5037403530544705 0.022470664978027344 0.04307318793402778
2 0.7906290389873363 0.4851826938582055 0.02107289278948758 0.0358074517897617
2 0.7214466094970703 0.6918017917209202 0.02174549102783203 0.03817138671875
0 0.4695542335510254 0.22688306172688802 0.012145042419433594 0.02200970119900174
0 0.5663726806640625 0.869280497233073 0.011118507385253907 0.017415534125434028
2 0.6600273132324219 0.5139260186089409 0.021080970764160156 0.0416505601671007
0 0.5697254180908203 0.8510260687934028 0.011077308654785156 0.019074842664930557
0 0.46406712532043454 0.254712888929579 0.012679767608642577 0.02007480197482639
2 0.45964441299438474 0.44409883287217883 0.024856185913085936 0.04434356689453125
2 0.48262605667114256 0.4561102973090278 0.01915435791015625 0.03294253879123264
2 0.49730496406555175 0.4824529012044271 0.02174978256225586 0.041550699869791666
2 0.07882232666015625 0.8119764539930556 0.02402026653289795 0.0458831787109375
2 0.706789207458496 0.6689920213487414 0.020765304565429688 0.03438076443142361
2 0.6393026828765869 0.5167753431532118 0.020638179779052735 0.03713005913628473
2 0.4717700004577637 0.4915279812282986 0.020963668823242188 0.03833177354600695
2 0.18330061435699463 0.48326534695095485 0.019716048240661622 0.05323588053385417
0 0.20406367778778076 0.9242218865288628 0.011622333526611328 0.019593811035156252
2 0.6454235076904297 0.5545290629069011 0.024756240844726562 0.03550330268012153
2 0.7812227725982666 0.45286170111762153 0.018838977813720702 0.03098178439670139
0 0.4611787796020508 0.23737381829155818 0.01190357208251953 0.01782743665907118
2 0.4570612895635911 0.4769548193744508 0.025099182128906248 0.04073910183376736
2 0.21607229709625245 0.475128173828125 0.020225000381469727 0.03863796657986111
0 0.5580018939393939 0.8567620650953984 0.009943181818181775 0.017676767676767707
0 0.8065200617283949 0.3832304526748971 0.00964506172839504 0.01817558299039785
2 0.8036265432098766 0.4531893004115226 0.026620370370370357 0.0387517146776406
0 0.5078125 0.5039437585733882 0.01022376543209879 0.02091906721536353
2 0.21416318615751795 0.4111420489702113 0.01665672235481305 0.031600813223724926
