0 0.2908618450164795 0.4968185424804688 0.013450527191162109 0.0213775634765625
0 0.2471752643585205 0.7535597229003906 0.012436151504516602 0.018834838867187502
1 0.9682340621948242 0.14922920227050782 0.06353187561035156 0.03166107177734375
2 0.29600350856781005 0.7578553771972657 0.027192401885986327 0.039515228271484376
0 0.004670926928520202 0.10717933654785157 0.009180359542369843 0.016918487548828125
0 0.7711143970489502 0.3457728576660156 0.012251472473144532 0.019052276611328127
0 0.23836781978607177 0.6882141876220703 0.012523460388183593 0.019536132812500002
0 0.5268095970153809 0.14748340606689453 0.01156463623046875 0.017727661132812503
0 0.9048604965209961 0.8696231079101563 0.011730194091796875 0.017361755371093752
1 0.10334504842758178 0.2572428894042969 0.019855713844299315 0.1344415283203125
0 0.2895381212234497 0.0822179412841797 0.011157560348510741 0.017924652099609376
0 0.18265647888183595 0.8774422454833984 0.012342405319213868 0.017717132568359377
0 0.8494102478027343 0.4960167694091797 0.012361907958984375 0.01957672119140625
0 0.4560138702392578 0.5189682006835938 0.012636375427246093 0.01917510986328125
0 0.5325742721557617 0.6215341186523438 0.010881996154785157 0.018163146972656252
0 0.18609869480133057 0.8955581665039063 0.012421655654907226 0.016605987548828124
1 0.31020312309265136 0.6829193878173828 0.05100812911987305 0.02597747802734375
0 0.26622791290283204 0.9789733123779297 0.011871242523193359 0.018742218017578128
0 0.3406675170068027 0.22006802721088436 0.009991496598639434 0.016326530612244882
0 0.8127565681444991 0.05480295566502463 0.0107758620689656 0.018472906403940885
