1 0.3050833702087402 0.5983754475911458 0.04321365356445313 0.12202657063802083
1 0.3269251823425293 0.2817868126763238 0.021023941040039063 0.09173694186740451
1 0.36786823272705077 0.15111067030164932 0.025872373580932615 0.1325929429796007
1 0.604616355895996 0.7644060770670573 0.024413490295410158 0.11916249593098958
0 0.8205774307250976 0.5586473253038194 0.012475967407226562 0.021479966905381946
0 0.6719501495361329 0.42628716362847224 0.010999488830566406 0.018904622395833334
0 0.3291258096694946 0.06409742567274306 0.011715459823608398 0.019593895806206598
0 0.43070249557495116 0.5375020345052084 0.011575889587402344 0.019399007161458336
0 0.7459402084350586 0.5393072340223525 0.01284341812133789 0.020709737141927084
0 0.07293993830680848 0.8377454969618056 0.01255861520767212 0.020577324761284724
0 0.8978603363037109 0.46045345730251735 0.0120086669921875 0.020373704698350696
0 0.21720495223999023 0.14845826890733507 0.011690902709960937 0.020275115966796875
0 0.729996919631958 0.6468425326877171 0.011156368255615234 0.01895718044704861
0 0.9416297912597656 0.6805806477864583 0.01236419677734375 0.02049628363715278
0 0.7205873012542725 0.6980356852213542 0.012801647186279297 0.02241583930121528
0 0.7205218315124512 0.6593766106499567 0.012718868255615233 0.01968265109592014
0 0.06088878512382507 0.49374915228949656 0.011263096332550048 0.01962212456597222
0 0.8565776824951171 0.6446912129720053 0.011989784240722657 0.020026821560329863
0 0.9787023544311523 0.6133779737684462 0.01143646240234375 0.019281005859375002
0 0.7467434883117676 0.6452850341796875 0.012495613098144532 0.019038560655381946
0 0.7520804405212402 0.8080754597981771 0.011669731140136719 0.019125196668836806
1 0.036887180805206296 0.6263995700412327 0.035816872119903566 0.026863945855034724
0 0.7485465049743653 0.6302549574110243 0.01225433349609375 0.01935645209418403
0 0.014851170778274535 0.39431830512152777 0.012402433156967162 0.021239217122395834
0 0.8119259834289551 0.36399883694118923 0.012654876708984375 0.020549858940972224
0 0.7334033966064453 0.6678875393337674 0.015097427368164062 0.01622890896267361
