2 0.6328469276428222 0.10565240648057726 0.023315620422363282 0.040567609998914934
1 0.4536994934082031 0.9021126641167535 0.05471963882446289 0.10920766194661459
1 0.47968454360961915 0.8263760036892361 0.0625955581665039 0.054846700032552084
2 0.6565950393676758 0.07867855495876737 0.026781082153320312 0.04461534288194444
1 0.4910868167877197 0.743845706515842 0.03680601119995117 0.09275190565321181
0 0.4546462059020996 0.04055294460720486 0.011507987976074219 0.022116597493489584
0 0.8789302825927734 0.09350390964084201 0.012516021728515625 0.02076144748263889
2 0.0918296217918396 0.2760663350423177 0.025201988220214844 0.04495663113064236
2 0.11251142024993896 0.29698045518663196 0.02198057174682617 0.04131554497612847
0 0.3385268211364746 0.4474310980902778 0.012144756317138673 0.021119859483506944
0 0.30416767597198485 0.042743386162651914 0.010541439056396484 0.01985295613606771
0 0.5225863933563233 0.03546053568522135 0.012406444549560547 0.021634674072265627
2 0.11445672512054443 0.25460743374294703 0.02062997817993164 0.03527662489149306
0 0.23483636379241943 0.9559158325195313 0.012013435363769531 0.019704522026909723
0 0.6430266380310059 0.9012642754448785 0.012302017211914063 0.021938408745659724
0 0.3151191234588623 0.036447397867838544 0.011915111541748047 0.01990449693467882
0 0.3052496433258057 0.9255518595377604 0.01298398971557617 0.020881144205729167
0 0.14517345399698342 0.45517010222892584 0.01036953242835598 0.018015753309870933
0 0.7552083333333333 0.09980814147480822 0.010792042042042028 0.018768768768768773
0 0.7879696800595237 0.9439070767195766 0.01069568452380949 0.01777447089947099
