1 0.8462445259094238 0.691894989013672 0.034567642211914065 0.106656494140625
1 0.593106460571289 0.5556632232666016 0.05705204010009766 0.09609100341796875
1 0.6872836112976074 0.14372020721435547 0.05620365142822265 0.10741531372070313
0 0.7973162651062011 0.6826179504394532 0.012897300720214843 0.020402832031250002
0 0.4216442108154297 0.43561599731445316 0.01237030029296875 0.017891082763671875
0 0.06738897562026977 0.3865465545654297 0.012608814239501952 0.019103851318359375
0 0.09459763169288635 0.5679449462890626 0.011817872524261475 0.01813568115234375
1 0.3315438747406006 0.06725147247314453 0.051019001007080074 0.10339546203613281
1 0.5808150291442871 0.11903465270996094 0.02299509048461914 0.13865524291992187
1 0.8584394454956055 0.9659562683105469 0.045927810668945315 0.06808746337890625
0 0.5517497539520264 0.06582054138183595 0.012236309051513673 0.018222427368164065
0 0.9803342819213867 0.762715072631836 0.011411285400390625 0.018023681640625
0 0.3332066535949707 0.7123439025878907 0.011697959899902344 0.01760040283203125
1 0.8787439346313476 0.9037899780273438 0.024314498901367186 0.13477127075195314
0 0.41978917121887205 0.3273040390014649 0.011257743835449219 0.016786727905273437
2 0.7699141502380371 0.14113174438476564 0.02638530731201172 0.04079177856445313
0 0.38095765113830565 0.5185853576660157 0.01152973175048828 0.0189703369140625
0 0.8099940299987792 0.028805694580078128 0.010154342651367188 0.015309600830078126
0 0.8170024871826171 0.04447574615478516 0.01107177734375 0.015462951660156252
0 0.510965633392334 0.2567913055419922 0.01064472198486328 0.01669586181640625
1 0.8626322746276855 0.9196329498291016 0.05547657012939453 0.1607341003417969
0 0.8228317260742187 0.08461730957031251 0.012939071655273438 0.016498260498046875
0 0.1474835157394409 0.44071350097656253 0.011925983428955077 0.020139312744140627
0 0.7931839466094971 0.07986274719238282 0.013033580780029296 0.018463287353515625
2 0.7875983238220214 0.15746841430664063 0.011468505859375 0.019838638305664062
0 0.5243902206420898 0.07172012329101562 0.01184673309326172 0.0176397705078125
2 0.00339554101228714 0.7209281921386719 0.00679108202457428 0.036031494140625
0 0.6034693241119384 0.036589431762695315 0.008919239044189453 0.014486389160156252
0 0.7916998407643312 0.8203290870488323 0.010283970276008483 0.019639065817409766
0 0.8169121549893842 0.09766454352441614 0.01161093418259019 0.019108280254777083
