1 0.8230726242065429 0.14586624145507812 0.029172134399414063 0.1150048828125
1 0.11627860069274902 0.6058959197998047 0.051289939880371095 0.10456100463867188
0 0.5666271209716797 0.7911370086669922 0.011253452301025391 0.017845916748046878
1 0.24533567428588868 0.8528277587890626 0.08427505493164063 0.0354150390625
0 0.5290868282318115 0.44300781250000004 0.01146841049194336 0.01755828857421875
0 0.771709680557251 0.2966382598876953 0.012793731689453124 0.019894256591796878
0 0.16477952003479004 0.20228599548339846 0.010464954376220702 0.015580291748046876
1 0.2827144145965576 0.5463763427734375 0.01835317611694336 0.056794433593750006
0 0.047240602970123294 0.21720149993896487 0.011086034774780273 0.015447158813476563
0 0.8456964492797852 0.006361141204833985 0.012141036987304687 0.01272228240966797
0 0.5663196086883545 0.7230307769775391 0.008929824829101563 0.013264923095703126
0 0.4128153324127197 0.015437240600585938 0.015047740936279296 0.02196525573730469
0 0.4129614093959732 0.5802572706935124 0.011535234899328846 0.017337807606263977
