1 0.12203346490859986 0.3157590103149414 0.03189396858215332 0.12774497985839844
0 0.9940643310546875 0.1970339584350586 0.0108123779296875 0.016954193115234377
0 0.9582593917846679 0.8048222351074219 0.012423324584960937 0.0182452392578125
0 0.9703125 0.02612541198730469 0.012362289428710937 0.01852043151855469
0 0.6429872512817383 0.3082181167602539 0.011737632751464843 0.018301315307617187
0 0.09884595274925231 0.6733267211914062 0.011898982524871825 0.018682861328125
0 0.38186306953430177 0.2523255920410156 0.010925388336181641 0.016607513427734377
0 0.1357111692428589 0.46518447875976565 0.011055850982666015 0.01706298828125
0 0.09160463213920593 0.3564082336425781 0.011091864109039307 0.01710357666015625
0 0.06124494075775146 0.8290460205078125 0.012576937675476074 0.017591400146484377
0 0.05857327580451965 0.8464602661132813 0.0125404953956604 0.01803436279296875
0 0.22762632369995117 0.5027818298339845 0.010628700256347656 0.01669921875
0 0.7476197719573975 0.2872086334228516 0.01141672134399414 0.018335113525390627
0 0.8810971005058988 0.5235234477843121 0.00975494384765625 0.0142706298828125
0 0.39687085151672363 0.5523094177246094 0.010345649719238282 0.015356445312500001
0 0.49217658042907714 0.5711154174804688 0.010395336151123046 0.01657867431640625
0 0.9416513442993164 0.992269515991211 0.011418533325195313 0.015460968017578127
0 0.557793140411377 0.931859588623047 0.01008453369140625 0.015160217285156251
0 0.09937034845352173 0.4532725524902344 0.012489724159240722 0.018331298828125002
0 0.9488237380981445 0.5356845855712891 0.011379432678222657 0.017197113037109375
0 0.3806574821472168 0.23387786865234378 0.011626529693603515 0.018145751953125
0 0.8372052192687988 0.45831916809082035 0.012651824951171875 0.018431854248046876
1 0.1138947606086731 0.7116285705566406 0.06180424690246582 0.03247467041015625
0 0.7832532051282051 0.39148351648351654 0.009729853479853527 0.0192307692307692
0 0.8775469322344321 0.5402930402930404 0.010588369963369952 0.01739926739926735
