1 0.3767603635787964 0.09216751098632812 0.04824576377868652 0.08245880126953126
0 0.5686779022216797 0.922943572998047 0.01288013458251953 0.01948974609375
1 0.11353037357330321 0.9871577453613282 0.07567517757415772 0.025684509277343753
1 0.30263094902038573 0.5106182098388672 0.07481722831726074 0.03922943115234375
2 0.3295877456665039 0.5752572631835938 0.023905563354492187 0.03905181884765625
2 0.33718903064727784 0.6342448425292969 0.02783684730529785 0.041208801269531255
1 0.021782854199409486 0.1228609085083008 0.04337117075920105 0.07215248107910156
0 0.9122079849243164 0.40520935058593754 0.011568641662597657 0.01819061279296875
1 0.18665748834609985 0.02270557403564453 0.040723443031311035 0.04541114807128906
1 0.4831087589263916 0.9761614990234375 0.018313217163085937 0.042025451660156254
0 0.06358662843704224 0.15135093688964846 0.010937631130218506 0.01642547607421875
