1 0.9221753120422364 0.7834855651855469 0.054364776611328124 0.08243179321289062
1 0.12597527503967285 0.7893441772460938 0.03125653266906738 0.13494033813476564
0 0.7952540874481201 0.8521272277832032 0.012589359283447265 0.01813812255859375
0 0.638336181640625 0.42926956176757813 0.012853717803955078 0.02017913818359375
0 0.4799232482910156 0.22291351318359376 0.010783004760742187 0.016606292724609378
0 0.5528568744659423 0.9326079559326172 0.010825920104980468 0.016393432617187502
0 0.6651857852935791 0.2460066604614258 0.008719539642333985 0.013520278930664063
0 0.5611728668212891 0.9450804901123048 0.012269401550292968 0.016524505615234376
0 0.6528316497802734 0.6864245605468751 0.008302783966064453 0.0130511474609375
0 0.8141849517822265 0.7055996704101563 0.011229324340820312 0.018319702148437502
0 0.4552842617034912 0.9047505950927734 0.010535144805908203 0.015015106201171876
0 0.8106930272108843 0.539795918367347 0.01084183673469378 0.01700680272108836
