1 0.7801570892333984 0.9606692504882813 0.06894264221191407 0.06756439208984376
1 0.8442747116088867 0.1928078842163086 0.0510162353515625 0.12132415771484376
1 0.4880080223083496 0.7558153533935548 0.04830226898193359 0.07824569702148439
1 0.08971049785614013 0.42267044067382814 0.031705188751220706 0.1356219482421875
0 0.9561685562133789 0.9715298461914064 0.01168670654296875 0.017154541015625
2 0.8931158065795898 0.035535573959350586 0.023070144653320312 0.03970460891723633
2 0.6627874374389648 0.027390737533569336 0.02354145050048828 0.036345081329345705
2 0.9040473937988281 0.21644958496093752 0.025007247924804688 0.04087677001953125
0 0.42986040115356444 0.29562255859375003 0.011372947692871093 0.017209014892578128
2 0.39769597053527833 0.2297804641723633 0.021540069580078126 0.042833557128906255
0 0.2703540802001953 0.8375360107421875 0.01147918701171875 0.017899169921875
2 0.3669492244720459 0.3831393432617188 0.025770950317382812 0.04485992431640625
1 0.7462674140930176 0.15709789276123048 0.08581676483154296 0.04404998779296875
2 0.44633522033691403 0.19538990020751953 0.02313385009765625 0.0368951416015625
0 0.7981796264648438 0.4771322631835938 0.01245269775390625 0.01888092041015625
1 0.9762740612030029 0.16021865844726563 0.04745187759399414 0.04117599487304688
2 0.575078010559082 0.2075193786621094 0.019592666625976564 0.033091430664062504
2 0.9043067932128906 0.5815939331054688 0.026501083374023435 0.0397998046875
2 0.4091136932373047 0.36494277954101567 0.02001953125 0.043102264404296875
2 0.39069194793701173 0.37358779907226564 0.01860947608947754 0.036509704589843754
0 0.034240782260894775 0.6476056671142578 0.01080183982849121 0.017911071777343752
0 0.320310115814209 0.8247547912597657 0.010817718505859376 0.01630340576171875
0 0.9502654075622559 0.2537420654296875 0.012893104553222656 0.020513458251953127
2 0.9243081092834472 0.04356224060058594 0.02022132873535156 0.035822448730468755
1 0.8334230422973633 0.4745182800292969 0.06163291931152343 0.0659771728515625
0 0.9883724212646484 0.370667724609375 0.012209320068359375 0.0188104248046875
0 0.04470343887805939 0.6425971984863281 0.011190229654312133 0.017685546875
2 0.9154108047485351 0.04822181701660157 0.02119865417480469 0.03214324951171875
0 0.9109848484848484 0.5532828282828283 0.010732323232323182 0.016666666666666666
