1 0.9594519615173339 0.27472953796386723 0.059008026123046876 0.08799072265625
0 0.17817916870117187 0.26467117309570315 0.012596774101257324 0.018684844970703125
0 0.3069597244262695 0.3567059326171875 0.012324810028076172 0.01945465087890625
2 0.20296027660369872 0.2258897399902344 0.022356796264648437 0.03443832397460938
0 0.9308489799499512 0.14416725158691407 0.011164093017578125 0.01691864013671875
1 0.19217077493667603 0.35899971008300785 0.07923977375030518 0.038768310546875004
1 0.4260420799255371 0.8382240295410157 0.019125747680664062 0.0812225341796875
1 0.6240707397460937 0.8936299133300781 0.029860973358154297 0.10844696044921875
0 0.9568692207336426 0.9068667602539063 0.01110687255859375 0.017011566162109377
1 0.5993090629577636 0.7067903137207032 0.07326717376708984 0.03132659912109375
0 0.9275196075439452 0.09890460968017578 0.01267242431640625 0.019507827758789065
0 0.9453571319580077 0.8754126739501954 0.011956787109375 0.018995513916015627
0 0.7664918899536133 0.18584197998046875 0.009833335876464844 0.015775451660156252
2 0.21726627349853514 0.19709136962890625 0.024637413024902344 0.027853240966796877
0 0.9564033508300781 0.876166000366211 0.010507965087890625 0.0167108154296875
