1 0.20025277137756348 0.4234280056423611 0.03264222145080566 0.11487833658854167
0 0.11682757139205932 0.2413184271918403 0.012073922157287597 0.021502855088975696
0 0.05368732810020447 0.7708821614583333 0.012300503253936768 0.019347127278645834
2 0.8280411720275879 0.44007144504123263 0.0271270751953125 0.03805508083767361
0 0.528111743927002 0.44490780300564237 0.012633323669433594 0.019981553819444445
0 0.582515287399292 0.09407009548611112 0.013009262084960936 0.021336025661892362
0 0.5854075431823731 0.31248482598198785 0.012538719177246093 0.021556430392795138
0 0.48708229064941405 0.6193003336588542 0.012585830688476561 0.020192803276909723
0 0.3493699550628662 0.42171444363064237 0.012176513671875 0.01943122016059028
0 0.7437014579772949 0.468998294406467 0.009299755096435547 0.016010538736979166
0 0.6991772651672363 0.31390745374891493 0.012030220031738282 0.02079196506076389
0 0.5573536872863769 0.6507970174153646 0.01047983169555664 0.017851765950520834
0 0.5484990119934082 0.6662882486979167 0.011033058166503906 0.018699815538194445
0 0.8385805130004883 0.31666064792209203 0.011736679077148437 0.018050638834635417
0 0.9593721389770508 0.8036978827582466 0.010820388793945312 0.01997951931423611
0 0.054900503158569335 0.20797576904296874 0.011027801036834716 0.01889801025390625
0 0.21187397372742203 0.05975187009669767 0.009749589490968802 0.020069330414157996
