1 0.5282641410827636 0.11741355895996095 0.079595947265625 0.062911376953125
1 0.5856655597686767 0.16207839965820314 0.041056156158447266 0.06785873413085938
1 0.7578315734863281 0.5464829254150391 0.07923822402954102 0.03026824951171875
2 0.41608009338378904 0.9598004150390625 0.022065353393554688 0.03791595458984375
1 0.18335628509521484 0.6570089721679688 0.018068504333496094 0.12962890625
1 0.29207429885864256 0.5006160736083984 0.07821331024169922 0.03169403076171875
0 0.4034852981567383 0.6140489196777345 0.011069965362548829 0.018002929687500002
1 0.37278070449829104 0.7259425354003907 0.021149635314941406 0.1437078857421875
0 0.392765474319458 0.6142841339111329 0.010909795761108398 0.017512054443359376
0 0.37595155239105227 0.9035008239746094 0.011629486083984375 0.01732147216796875
0 0.6746915340423584 0.5311519622802735 0.012817859649658203 0.017825469970703126
0 0.09276260733604431 0.32489593505859377 0.01011430025100708 0.01580039978027344
