2 0.3502604166666667 0.5777777777777778 0.024479166666666666 0.03888888888888889
2 0.3625 0.612037037037037 0.025 0.03888888888888889
2 0.9486979166666667 0.26342592592592595 0.022395833333333334 0.05092592592592593
0 0.38046875 0.1388888888888889 0.011979166666666666 0.020370370370370372
0 0.6489583333333333 0.16203703703703703 0.014583333333333334 0.020370370370370372
0 0.7059895833333333 0.17500000000000002 0.008854166666666666 0.018518518518518517
0 0.9268229166666666 0.2513888888888889 0.011979166666666666 0.02314814814814815
0 0.8080729166666667 0.7606481481481482 0.013020833333333334 0.02314814814814815
0 0.8156249999999999 0.7768518518518519 0.010416666666666666 0.022222222222222223
0 0.5635416666666666 0.8546296296296296 0.011458333333333333 0.018518518518518517
0 0.37526041666666665 0.700925925925926 0.011979166666666666 0.018518518518518517
0 0.24270833333333333 0.7314814814814815 0.013541666666666667 0.022222222222222223
0 0.19296875 0.987962962962963 0.011979166666666666 0.020370370370370372
0 0.03723958333333333 0.938425925925926 0.0109375 0.019444444444444445
