0 0.7152408123016357 0.8444295247395833 0.012139987945556641 0.019534640842013888
1 0.5952152252197266 0.44836552937825525 0.034231376647949216 0.11479390462239583
0 0.20662335753440855 0.8130269368489583 0.01327143907546997 0.0233978271484375
2 0.6953929424285888 0.7489469740125868 0.021070384979248048 0.041402180989583336
0 0.6483007695939806 0.6904944792696478 0.012426238589816663 0.019216802777576817
0 0.23092060089111327 0.30385191175672743 0.012113857269287109 0.020407358805338543
0 0.748167085647583 0.5783272637261285 0.012622547149658202 0.020134480794270833
0 0.47112236022949217 0.7261060926649305 0.012351036071777344 0.019909328884548612
0 0.9345186233520507 0.49382366604275174 0.012228012084960938 0.020074462890625002
0 0.5221963405609131 0.09389131334092882 0.010711574554443359 0.018882921006944445
0 0.9635387420654297 0.729203118218316 0.014529800415039063 0.022872755262586808
0 0.32799382209777833 0.6171724107530382 0.011657142639160156 0.019483100043402778
0 0.6993990394804211 0.9629938949773342 0.010924143261379627 0.021543074242862725
0 0.5722796440124511 0.6442711724175347 0.011534976959228515 0.018580457899305555
0 0.9179985046386718 0.9650070190429688 0.012842178344726562 0.021372816297743055
0 0.8627420425415039 0.8061453925238715 0.013167572021484374 0.023781331380208333
0 0.31391034126281736 0.5033004760742188 0.011403656005859375 0.019120619032118057
0 0.5721951961517334 0.20352414449055992 0.01006908416748047 0.015203772650824654
0 0.4683198474702381 0.9906084656084655 0.01127697172619045 0.01693121693121708
