1 0.26735701560974123 0.34715527428521054 0.044570636749267575 0.0578070322672526
1 0.6496105194091797 0.04553565979003906 0.06120147705078125 0.024516635470920138
2 0.7883142471313477 0.19712151421440974 0.02497692108154297 0.044718933105468754
0 0.17843588590621948 0.26209369235568575 0.013169264793395996 0.021365525987413196
0 0.8537109374999999 0.5522549099392361 0.011894416809082032 0.019275241427951388
0 0.31733462810516355 0.6396217346191406 0.011038494110107423 0.020183648003472224
0 0.821408462524414 0.5485744052463107 0.011964225769042968 0.020277574327256947
0 0.3192574977874756 0.5184321085611979 0.010589408874511718 0.01833648681640625
0 0.13360440731048584 0.8569917466905382 0.013228178024291992 0.02255367702907986
0 0.28955931663513185 0.7906085544162327 0.011743545532226562 0.020960489908854168
0 0.8060807943344116 0.35936855740017365 0.01577916145324707 0.022967868381076388
2 0.9889056261034979 0.7845845282365735 0.020213879018590102 0.03409181309207049
2 0.4449324607849121 0.26915134853786893 0.020598220825195312 0.029887983534071183
0 0.14701759815216064 0.6471382988823785 0.01116037368774414 0.02005072699652778
0 0.9464069366455078 0.9237649705674914 0.0123931884765625 0.021842617458767363
0 0.9656131744384765 0.7871500651041667 0.00904388427734375 0.01592746310763889
0 0.9682691574096679 0.7840220981174045 0.011830711364746093 0.022150844997829863
0 0.7916680335998535 0.34072375827365453 0.013649368286132812 0.022737630208333335
0 0.5192057291666666 0.449363425925926 0.010172526041666666 0.015552662037037038
0 0.5204264322916666 0.4669053819444445 0.011800130208333334 0.0159143518518518
