1 0.4465648651123047 0.7483367919921875 0.06319980621337891 0.02944878472222222
1 0.37322406768798827 0.07600267198350695 0.06798648834228516 0.04495798746744792
1 0.7479079246520997 0.22086478339301216 0.04476861953735352 0.09148661295572917
2 0.7064460754394531 0.29444351196289065 0.025710678100585936 0.04403127034505209
2 0.4025611400604248 0.2629886203342014 0.023882484436035155 0.041737704806857644
1 0.3774225901782028 0.5394831801279235 0.0685796163915618 0.057511979045368325
0 0.4795506954193115 0.7043517218695747 0.010833168029785156 0.019209798177083334
0 0.49627819061279294 0.8003599378797743 0.011333084106445313 0.018915473090277777
0 0.6759278297424316 0.24344635009765625 0.013108062744140624 0.0213836669921875
0 0.489054536819458 0.8186633639865452 0.01308145523071289 0.01950107150607639
0 0.9351930618286133 0.946425035264757 0.012872314453125 0.021354844835069445
1 0.16385403871536255 0.3413235134548611 0.030648255348205564 0.10442097981770834
0 0.6844508171081543 0.2709857092963325 0.01223297119140625 0.022937520345052084
0 0.6734245300292969 0.26856969197591146 0.011053466796875 0.021453857421875
0 0.36342010498046873 0.5085686577690972 0.012990665435791015 0.017223442925347224
1 0.23842253684997558 0.5764378017849393 0.017203807830810547 0.03250664605034723
