1 0.8791998520558014 0.7216397583536256 0.03908481597900391 0.061402893066406256
1 0.5140409469604492 0.3605252838134766 0.03904571533203125 0.09998870849609376
2 0.3742880582809448 0.38538604736328125 0.022828102111816406 0.037286071777343756
0 0.10691036285260022 0.7641794097371949 0.01303246021270752 0.01993896484375
2 0.35791878700256347 0.4104983520507813 0.02097597122192383 0.027119140625000003
0 0.8733767509460449 0.9048032379150391 0.012096977233886719 0.01778717041015625
0 0.9153560638427735 0.633173065185547 0.011066436767578125 0.01758026123046875
0 0.1257556915283203 0.9337478637695313 0.012003326416015625 0.016999206542968753
0 0.19909838935574223 0.14023109243697482 0.010941876750700293 0.01785714285714285
0 0.538187149859944 0.093312324929972 0.011598389355742356 0.01785714285714286
