2 0.51015625 0.8916666666666667 0.0234375 0.04259259259259259
2 0.53359375 0.9208333333333334 0.0265625 0.03981481481481482
0 0.14583333333333334 0.26666666666666666 0.0125 0.020370370370370372
0 0.07734375 0.5083333333333333 0.009895833333333333 0.018518518518518517
0 0.07890625 0.525 0.011979166666666666 0.016666666666666666
0 0.08229166666666667 0.5421296296296296 0.010416666666666666 0.017592592592592594
0 0.17005208333333333 0.7541666666666667 0.011979166666666666 0.025
0 0.1984375 0.8532407407407407 0.013541666666666667 0.019444444444444445
0 0.24817708333333333 0.9518518518518518 0.0140625 0.018518518518518517
0 0.24375 0.9685185185185186 0.013541666666666667 0.020370370370370372
0 0.8666666666666667 0.7134259259259259 0.013541666666666667 0.019444444444444445
0 0.8942708333333333 0.725462962962963 0.010416666666666666 0.017592592592592594
