1 0.8403383255004883 0.26513438754611546 0.06215057373046875 0.08926866319444444
2 0.5671909332275391 0.2592367384168837 0.024226665496826172 0.04132249620225695
0 0.8670219421386719 0.6597059461805556 0.011691093444824219 0.020638359917534724
0 0.4059873580932617 0.06865052117241753 0.011429595947265624 0.021232265896267363
0 0.6331851005554199 0.5516401502821181 0.012829971313476561 0.022432115342881944
0 0.4775123596191406 0.9160422431098091 0.013604450225830077 0.020438130696614584
2 0.9252755165100097 0.8024000379774305 0.022228813171386717 0.038936021592881946
0 0.07627251148223876 0.40426101684570315 0.011626791954040528 0.019162156846788195
0 0.7971848011016845 0.26561063130696616 0.012673664093017577 0.021258205837673613
2 0.9431511878967285 0.7743483649359809 0.020861434936523437 0.037482537163628475
0 0.47238197326660153 0.9157821655273438 0.0112884521484375 0.019115193684895834
0 0.9033670425415039 0.4249458312988281 0.01374053955078125 0.017546251085069447
0 0.47312011718749997 0.9366061740451389 0.011519813537597656 0.02076517740885417
0 0.890501594543457 0.38529222276475694 0.00990753173828125 0.021794637044270836
0 0.9335250854492188 0.749965074327257 0.012391281127929688 0.019972398546006947
0 0.48431792259216305 0.9356202019585503 0.010934925079345703 0.01912994384765625
0 0.8883595304669074 0.4369130505789085 0.010330581665039062 0.01728752983940972
0 0.879701042175293 0.4214643690321181 0.008539772033691407 0.01431460910373264
0 0.901394271850586 0.3906055874294705 0.014113998413085938 0.02301144070095486
0 0.8995184748427673 0.4451432564640112 0.009925314465408756 0.018518518518518517
