1 0.6439877986907959 0.12445899963378906 0.05472440719604492 0.11642059326171876
1 0.659059715270996 0.3531098937988281 0.07757034301757812 0.059123535156250004
1 0.26440513134002686 0.563577880859375 0.07517766952514648 0.08256195068359376
0 0.7581032276153564 0.3708502197265625 0.01103353500366211 0.0158721923828125
1 0.47119874954223634 0.5501046752929688 0.024504947662353515 0.054091796875
1 0.4296106815338135 0.4992806243896485 0.037489891052246094 0.13413238525390625
1 0.6621729850769043 0.8016904449462892 0.02855072021484375 0.14568191528320312
0 0.8178584098815918 0.8239686584472656 0.010007858276367188 0.015356140136718752
1 0.8992358207702636 0.19159912109375002 0.04883861541748047 0.12520172119140627
0 0.06805915832519531 0.6981085205078126 0.012075710296630859 0.01832427978515625
2 0.7268961906433106 0.7052214050292969 0.021477317810058592 0.03928314208984375
0 0.5949120044708252 0.1825444030761719 0.012010765075683594 0.01767333984375
0 0.39163258075714114 0.5095574951171875 0.01081242561340332 0.01607208251953125
1 0.8558609008789062 0.905055389404297 0.05168800354003906 0.020574340820312502
1 0.7021393775939941 0.6950900268554688 0.023669624328613283 0.11677352905273439
0 0.7251474380493164 0.7418247985839844 0.013942718505859375 0.020418548583984376
0 0.62806396484375 0.24116477966308594 0.01189117431640625 0.018952941894531252
0 0.3895427227020264 0.5261476135253906 0.011073732376098632 0.017151794433593753
0 0.07600532945736435 0.7533914728682171 0.011506782945736437 0.01841085271317828
0 0.1082546027131783 0.8120155038759691 0.010598352713178282 0.01841085271317828
