2 0.8658281326293945 0.8245246039496528 0.023323822021484374 0.04603169759114584
2 0.764285945892334 0.7974200778537327 0.023067188262939454 0.036174180772569446
0 0.3430976390838623 0.23816358778211807 0.01174769401550293 0.020163133409288197
0 0.5540738582611084 0.621907212999132 0.011535930633544921 0.019645182291666667
2 0.9949095249176025 0.4023708767361111 0.010180950164794922 0.04046427408854167
0 0.4242525100708008 0.2532572428385417 0.0125946044921875 0.020925988091362847
0 0.399062180519104 0.19351094563802085 0.012494897842407227 0.02165866427951389
0 0.14736310243606568 0.20864944458007814 0.011268329620361329 0.018893856472439238
2 0.4134068965911865 0.3733976576063368 0.026895618438720702 0.049542575412326394
0 0.5639237880706787 0.9220713297526042 0.011097145080566407 0.01748691134982639
0 0.6763156414031982 0.35848481920030384 0.013971328735351562 0.02601725260416667
2 0.9023996353149414 0.9835166931152344 0.022222518920898438 0.03296661376953125
0 0.2043158769607544 0.8137624104817709 0.01127629280090332 0.020063951280381947
0 0.21309752464294432 0.7979476081000434 0.01240234375 0.020509847005208335
2 0.2216391086578369 0.9049975077311199 0.020972251892089844 0.0340545654296875
