1 0.2683924913406372 0.2921331787109375 0.04421210289001465 0.08459396362304689
1 0.7012542724609375 0.7711994934082032 0.049927902221679685 0.10074813842773438
0 0.15262987613677978 0.6313691711425782 0.013118553161621093 0.02073974609375
0 0.20643184185028077 0.9039016723632813 0.012018251419067382 0.018271484375
0 0.1987441062927246 0.28618022918701175 0.012302398681640625 0.019760894775390628
0 0.8354825973510742 0.942657699584961 0.012029075622558593 0.017550811767578126
1 0.460892915725708 0.46568740844726564 0.025048065185546874 0.13939697265625
0 0.3612537860870361 0.37311782836914065 0.012994098663330077 0.019212036132812502
0 0.5162050247192382 0.6959156036376953 0.012059497833251952 0.017747650146484377
0 0.34381871223449706 0.35280364990234375 0.011712265014648438 0.0177557373046875
0 0.3236733913421631 0.9852552795410157 0.011944198608398437 0.018391418457031253
0 0.2271188497543335 0.943832244873047 0.010936641693115234 0.017427062988281252
0 0.6054119110107422 0.8188386535644532 0.012305831909179688 0.019691162109375
0 0.7926697254180908 0.08402355194091797 0.010411262512207031 0.015594253540039063
0 0.5117244720458984 0.6490267181396485 0.01231842041015625 0.0178857421875
0 0.17208030223846435 0.7489876556396485 0.012648391723632812 0.016866455078125002
0 0.032823243737220766 0.23057647705078127 0.010998713970184325 0.017568359375000002
0 0.7734726905822754 0.06560684204101563 0.011237525939941406 0.01789093017578125
0 0.46295413970947263 0.21646987915039065 0.0125946044921875 0.019434814453125
0 0.15975375175476075 0.7495710754394532 0.012393665313720704 0.0178570556640625
0 0.04324429333209991 0.23693931579589844 0.01094801425933838 0.01800750732421875
0 0.1613905906677246 0.7779216003417969 0.01289825439453125 0.019879455566406252
0 0.9483649253845214 0.9517543029785157 0.012020111083984375 0.017929992675781253
0 0.9234966278076172 0.4414086151123047 0.01131610870361328 0.018163452148437502
0 0.7817042350769043 0.048735122680664066 0.009166717529296875 0.014592666625976563
0 0.15607887506484985 0.10422126770019532 0.011519408226013184 0.01581573486328125
1 0.30462160110473635 0.03104066848754883 0.018138694763183593 0.06208133697509766
0 0.4566947565543071 0.8017322097378277 0.008778089887640483 0.014513108614232143
0 0.6135299625468165 0.9386704119850188 0.011704119850187312 0.016853932584269843
0 0.7968457397003745 0.6416198501872659 0.011411516853932586 0.015449438202247262
