1 0.4894937515258789 0.8485129547119141 0.06227588653564453 0.07155029296875
1 0.08380509614944458 0.34651313781738285 0.02261350154876709 0.12682098388671875
2 0.46901655197143555 0.021630182266235354 0.025409507751464843 0.04107328414916992
0 0.17201058864593505 0.7478741455078125 0.011927127838134766 0.01800933837890625
0 0.13041586875915528 0.9537806701660156 0.012591266632080078 0.018685607910156252
1 0.512192964553833 0.6623778533935547 0.02280435562133789 0.14300979614257814
1 0.2601014614105225 0.3949237060546875 0.05031862258911133 0.03535186767578125
0 0.5631721973419189 0.2778017044067383 0.011995410919189453 0.018060226440429688
0 0.6681718826293945 0.8658554077148438 0.01088542938232422 0.015298919677734377
0 0.6594768524169922 0.8787719726562501 0.012484359741210937 0.018732452392578126
0 0.31950304508209226 0.6020851135253906 0.010791540145874023 0.017290039062500002
0 0.14943647384643555 0.9675768280029298 0.01342787742614746 0.019209136962890627
0 0.7967841148376464 0.2363713073730469 0.015282821655273436 0.021103363037109378
