0 0.8781787872314453 0.034818191528320316 0.011853218078613281 0.017780609130859375
0 0.14619263410568237 0.055629425048828125 0.013176560401916504 0.019369049072265627
0 0.8904571533203125 0.4262409210205078 0.010839080810546875 0.0169293212890625
0 0.3691211700439453 0.833238525390625 0.012137269973754883 0.01859130859375
0 0.4577508449554443 0.015735511779785157 0.01077566146850586 0.016673355102539065
2 0.49777851104736326 0.45031616210937503 0.020557212829589843 0.041993103027343756
0 0.23128070831298828 0.19838951110839845 0.012610244750976562 0.018768768310546875
1 0.09282257556915283 0.4498387145996094 0.0366518497467041 0.1119329833984375
0 0.13227179050445556 0.803782958984375 0.01098945140838623 0.01807769775390625
0 0.367030668258667 0.08034675598144532 0.0123138427734375 0.018643493652343752
0 0.06863237619400024 0.728756103515625 0.00952010154724121 0.014147033691406252
