0 0.865129280090332 0.5906869506835938 0.013172721862792969 0.019925842285156252
0 0.8187347412109375 0.8348727416992188 0.012410545349121093 0.019398193359375
1 0.21213045716285706 0.6076294708251954 0.03596981763839722 0.11300811767578126
0 0.622469139099121 0.986024169921875 0.01249103546142578 0.018757629394531253
0 0.5819643020629883 0.05275962829589844 0.012416839599609375 0.01849235534667969
0 0.34689130783081057 0.21398952484130862 0.012046527862548829 0.018510131835937502
0 0.41835746765136717 0.7464340209960938 0.011391448974609374 0.0176318359375
0 0.6153103828430175 0.45058425903320315 0.010677242279052734 0.01611358642578125
0 0.9785064697265625 0.9545999145507813 0.010216140747070312 0.01564697265625
0 0.9137043952941895 0.8655148315429688 0.012820243835449219 0.01780670166015625
0 0.5699007987976075 0.026520347595214846 0.011509323120117187 0.01803276062011719
0 0.9206359863281249 0.25373374938964843 0.011909675598144532 0.01770317077636719
0 0.4806565761566162 0.46990715026855473 0.007235145568847656 0.011231079101562501
0 0.9320685386657714 0.2503999710083008 0.00981311798095703 0.01618125915527344
0 0.9260961532592773 0.2708994293212891 0.011553573608398437 0.01678314208984375
0 0.8257868766784667 0.5763735961914063 0.011510276794433593 0.017442016601562502
1 0.3160191441441441 0.6936936936936937 0.020176426426426454 0.12312312312312315
0 0.7772616366366365 0.8198198198198199 0.010792042042042028 0.016516516516516522
