0 0.44051456451416016 0.016400756835937502 0.012516593933105469 0.019055862426757813
0 0.04091931581497192 0.14346458435058596 0.011671054363250732 0.018719635009765628
0 0.3065657615661621 0.03689422607421875 0.010911846160888672 0.017045288085937502
0 0.1316017985343933 0.0737445068359375 0.012350344657897949 0.019200134277343753
0 0.4451874732971191 0.3056609344482422 0.011840629577636718 0.018221282958984376
0 0.8296098709106445 0.2972955322265625 0.012575531005859375 0.018740310668945315
1 0.5700940132141114 0.05779361724853516 0.05144786834716797 0.0413885498046875
1 0.37296483516693113 0.2599245834350586 0.08258376121520997 0.04070747375488282
1 0.6557612419128418 0.9378745269775391 0.018811416625976563 0.11352981567382814
2 0.3217782974243164 0.8953077697753907 0.024986934661865235 0.040023193359375
0 0.9713231086730957 0.389559555053711 0.011871528625488282 0.017435760498046876
2 0.34487812519073485 0.904862060546875 0.022381591796875 0.03918121337890625
0 0.177780818939209 0.6071371459960938 0.012625503540039062 0.0188702392578125
0 0.6932438373565674 0.20881553649902346 0.00999307632446289 0.015753936767578126
0 0.5772668361663819 0.9167737579345704 0.010529041290283203 0.01634185791015625
0 0.23756844997406004 0.15953529357910157 0.011856508255004884 0.017980041503906252
0 0.8257281303405761 0.1635000228881836 0.012249946594238281 0.018685913085937502
0 0.31904754638671873 0.46562568664550785 0.011060333251953125 0.014473876953125001
0 0.32958121299743653 0.4541311645507813 0.011516475677490234 0.01785614013671875
0 0.58807373046875 0.4371543884277344 0.012273406982421875 0.019330139160156252
0 0.9946441650390625 0.5577412414550782 0.010234832763671875 0.01787017822265625
0 0.9646013259887695 0.0663018035888672 0.012027359008789063 0.01924552917480469
0 0.5917437553405762 0.9603544616699219 0.010891532897949219 0.01609100341796875
0 0.3189279556274414 0.4500112915039063 0.011134529113769531 0.016694946289062502
0 0.9628707885742187 0.08301490783691406 0.01148681640625 0.016082916259765625
0 0.18781923055648803 0.5866710662841798 0.012882375717163086 0.017352142333984376
0 0.9872730255126952 0.07046024322509765 0.012735748291015625 0.020603485107421875
1 0.12384471893310546 0.1965033721923828 0.05679340362548828 0.0733197021484375
0 0.6995876789093017 0.7361288452148438 0.012454795837402343 0.01828826904296875
0 0.26308579444885255 0.008916854858398438 0.011960697174072266 0.017673110961914065
0 0.0935763888888889 0.621388888888889 0.010069444444444449 0.01722222222222219
