1 0.3634786128997803 0.9401167975531685 0.06441307067871094 0.1197664048936632
2 0.6928472518920898 0.243233150906033 0.025202369689941405 0.04269985622829861
0 0.8832572937011719 0.8702504475911459 0.012349700927734375 0.020162285698784723
0 0.5603327274322509 0.7483198377821181 0.012208366394042968 0.021695454915364586
0 0.24746770858764647 0.4181332058376736 0.012686061859130859 0.022203572591145835
0 0.6306962966918945 0.7618442959255642 0.0111602783203125 0.018401590983072917
0 0.77096586227417 0.3280625237358941 0.011674308776855468 0.02025027804904514
0 0.47313404083251953 0.9162076314290365 0.011690235137939453 0.0209808349609375
0 0.31897921562194825 0.7819340176052517 0.011238384246826171 0.01914011637369792
0 0.8667448722564423 0.5150296633506879 0.012944189421049282 0.0216590583503426
0 0.7772104740142822 0.5607654147677952 0.011339187622070312 0.017163594563802086
0 0.5572488307952881 0.4250635782877604 0.011337566375732421 0.017873128255208336
0 0.616353702545166 0.8972067938910591 0.012116622924804688 0.01940341525607639
0 0.08766734600067139 0.8355545043945313 0.010576248168945312 0.019219801161024307
0 0.3638554573059082 0.11930919223361545 0.012125444412231446 0.01955227322048611
0 0.761798906326294 0.27266260782877605 0.014099884033203124 0.02275967068142361
0 0.1946911931037903 0.7650645785861545 0.012586569786071778 0.021880764431423613
0 0.7827993392944336 0.9702494303385417 0.012381362915039062 0.020297580295138888
0 0.2503474712371826 0.24742440117730036 0.013078022003173827 0.020318094889322916
0 0.2371232509613037 0.29127544826931423 0.012675952911376952 0.020981682671440974
0 0.4057457447052002 0.48419147067599827 0.008788299560546876 0.014211697048611112
0 0.3984213352203369 0.23186726040310332 0.011035442352294922 0.022094302707248263
0 0.5614849090576172 0.4070176866319445 0.012703323364257812 0.01962093777126736
0 0.5122700825825826 0.6772605939272606 0.011026651651651656 0.01835168501835169
0 0.8557385510510509 0.5010427093760427 0.010557432432432397 0.017934601267934572
