1 0.4200526237487793 0.32939478556315105 0.032685470581054685 0.12746632893880208
0 0.5518476486206054 0.24873267279730904 0.01158905029296875 0.020008341471354166
0 0.48679251670837403 0.7345321655273438 0.012799739837646484 0.020994737413194447
0 0.19051878452301024 0.3604436238606771 0.011671781539916992 0.02006598578559028
0 0.18959565162658693 0.3799791124131945 0.011266350746154785 0.017648484971788194
1 0.009690357744693756 0.06379881964789497 0.019380715489387513 0.058319091796875
0 0.2010186433792114 0.37243737114800346 0.011951684951782227 0.019683498806423613
0 0.2396684169769287 0.578505113389757 0.010843276977539062 0.017525566948784724
0 0.24710688591003419 0.5932615492078993 0.011702680587768554 0.016252983940972222
0 0.2507062146892655 0.5759573132454487 0.00918079096045199 0.01694915254237283
