1 0.6796282768249512 0.4959371948242188 0.07149200439453125 0.06370941162109375
2 0.8012032508850098 0.6477947998046876 0.022044944763183593 0.0324066162109375
1 0.7586838993518555 0.8125823930670454 0.029861695188086183 0.11043730810674694
0 0.19401192665100098 0.5656909942626953 0.01265873908996582 0.018876953125000002
2 0.7132422447204589 0.6463630676269532 0.024552154541015624 0.041104736328125
2 0.8669916152954101 0.45096260070800787 0.028121185302734376 0.0501019287109375
0 0.3792041063308716 0.9545164489746094 0.011831188201904297 0.018357849121093752
2 0.811726188659668 0.6006449127197266 0.021872329711914062 0.03502548217773438
1 0.3581497126934575 0.54419605030733 0.08467864990234375 0.06827362060546875
0 0.008020705729722976 0.8188067626953126 0.014409862458705902 0.019144287109375
2 0.6842183113098145 0.6786777496337891 0.017251205444335938 0.03160171508789063
1 0.36673028422336956 0.5130652049943513 0.06327061746634689 0.03146762922698372
0 0.26574416160583497 0.8001040649414063 0.01231069564819336 0.018624572753906252
2 0.7418180465698242 0.7639640808105469 0.022545528411865235 0.036505126953125
2 0.8743038816601817 0.5344677137870855 0.02331632044926977 0.04712041884816756
2 0.4303474426269531 0.3174021911621094 0.011481285095214844 0.018001861572265625
1 0.8376963350785339 0.9227748691099475 0.06544502617801058 0.051483420593368315
