1 0.7868177413940429 0.39119163513183597 0.03463039398193359 0.12018081665039063
0 0.8152491569519043 0.26681213378906254 0.012466621398925782 0.019001312255859375
2 0.6593154907226563 0.13524234771728516 0.023961257934570313 0.03947166442871094
0 0.4221019744873047 0.945536346435547 0.012179374694824219 0.018796081542968752
0 0.7819380760192871 0.753855438232422 0.013319969177246094 0.02254425048828125
2 0.3090131044387817 0.7003665924072267 0.023720979690551758 0.03962051391601563
0 0.5853196144104004 0.9102937316894532 0.011174392700195313 0.017108154296875
1 0.765779972076416 0.5989798736572266 0.055478477478027345 0.035729980468750006
0 0.2630734443664551 0.12456592559814454 0.012317562103271484 0.018168182373046876
0 0.1513901710510254 0.16083984375000002 0.011681461334228515 0.01915191650390625
