1 0.14357715845108032 0.7390283203125001 0.04865851402282715 0.10630218505859376
1 0.31238832473754885 0.6274501037597656 0.06829957962036133 0.07511306762695313
1 0.8444485664367676 0.1566626739501953 0.07835960388183594 0.07978866577148438
1 0.38387236595153806 0.4631053161621094 0.07937583923339844 0.08065216064453125
2 0.1980616569519043 0.8618156433105469 0.02405095100402832 0.03521575927734375
2 0.03872883319854736 0.03354476928710938 0.023751163482666017 0.033244323730468754
1 0.20076453685760498 0.4490464782714844 0.04770870208740234 0.10812255859375
1 0.6266095161437988 0.3794981384277344 0.07343883514404297 0.04640884399414063
2 0.2782385587692261 0.7536524200439454 0.0235567569732666 0.04003707885742188
1 0.1766936182975769 0.9174688720703126 0.08718459606170655 0.032762451171875005
0 0.6792800903320313 0.6434921264648438 0.012005424499511719 0.01964019775390625
1 0.7039947032928466 0.14012302398681642 0.06392555236816407 0.02890678405761719
2 0.02867489457130432 0.4035891723632813 0.020557671785354614 0.0358197021484375
1 0.04137944281101227 0.4380269622802735 0.01813182234764099 0.11723251342773439
1 0.0526270866394043 0.4320538330078125 0.037713253498077394 0.13264404296875001
