1 0.15375170707702637 0.797313461303711 0.045065116882324216 0.10600311279296876
1 0.18218348026275635 0.6317604064941407 0.07451424598693848 0.10352325439453125
0 0.5189784049987793 0.05596603393554688 0.012615394592285155 0.02084617614746094
0 0.5964475154876709 0.21355438232421875 0.011774158477783203 0.0185394287109375
1 0.4692850112915039 0.5260288238525391 0.059741878509521486 0.0577008056640625
2 0.4185959815979004 0.4948391723632813 0.02333660125732422 0.0374652099609375
2 0.4176802635192871 0.6074966430664063 0.022817611694335938 0.03861724853515625
1 0.7876314163208008 0.974921875 0.08390274047851562 0.050156250000000006
2 0.43117570877075195 0.5740040588378906 0.02538957595825195 0.039697875976562505
0 0.2688141345977783 0.23862930297851564 0.012928056716918945 0.019357299804687502
2 0.41856770515441893 0.5326017761230469 0.023732471466064452 0.03600006103515625
0 0.2071265697479248 0.5604483032226563 0.012560272216796875 0.01856048583984375
0 0.5941973686218261 0.3957755279541016 0.008623123168945312 0.013175201416015626
0 0.2819037675857544 0.43265571594238283 0.015080833435058593 0.024900970458984376
