1 0.09928123950958252 0.8373712921142579 0.07679874897003174 0.05103286743164063
1 0.9652846336364745 0.6801696777343751 0.06065921783447265 0.09357086181640625
0 0.6801616668701171 0.8030183410644531 0.011964225769042968 0.019226989746093753
0 0.3413210153579712 0.19438613891601564 0.01246781349182129 0.019016265869140625
0 0.07798532247543336 0.9866197204589844 0.01259862184524536 0.018976135253906252
1 0.572103214263916 0.3722959709167481 0.01896820068359375 0.12187686920166016
1 0.46746139526367186 0.23351577758789063 0.09134540557861329 0.039180908203125
1 0.8287672996520996 0.4809751892089844 0.06000041961669922 0.02811309814453125
0 0.9183908462524414 0.18502525329589845 0.010953521728515625 0.016806182861328126
1 0.9535707473754883 0.08701526641845704 0.05572013854980468 0.11258399963378907
2 0.5453737258911133 0.0910494613647461 0.027732086181640626 0.04131187438964844
0 0.4393762111663818 0.16699897766113284 0.010474967956542968 0.016099090576171877
0 0.49848432540893556 0.07653167724609375 0.010721588134765625 0.015782470703125002
0 0.7339999198913574 0.6970440673828125 0.012860679626464843 0.019061431884765626
0 0.12383923530578612 0.490982666015625 0.011101675033569337 0.01595001220703125
1 0.9897527694702148 0.024192981719970703 0.020452499389648438 0.04838596343994141
0 0.7528480529785156 0.4392284393310547 0.011258506774902343 0.0190960693359375
