1 0.7679301738739014 0.7151173400878906 0.038981151580810544 0.11450241088867188
1 0.8263768196105957 0.7600288391113281 0.07138595581054688 0.07381561279296875
0 0.48537607192993165 0.1439870071411133 0.012076759338378906 0.018960571289062502
0 0.11097141504287719 0.8645420837402344 0.011334729194641114 0.017282409667968752
2 0.9850912094116211 0.12008972167968751 0.024527359008789062 0.03925430297851563
0 0.6620936393737793 0.8013693237304688 0.012251853942871094 0.01868255615234375
1 0.33782711029052737 0.6026204681396484 0.0502756118774414 0.0522283935546875
0 0.1120042085647583 0.5467643737792969 0.01252293586730957 0.01742218017578125
0 0.04724879264831543 0.3857487487792969 0.013320446014404297 0.022827453613281253
0 0.03491967022418976 0.3865000915527344 0.010918235778808594 0.02039154052734375
0 0.03591731786727905 0.3664102935791016 0.010354822874069214 0.015244598388671876
0 0.02409820258617401 0.3885606384277344 0.012472110986709594 0.017766113281250002
0 0.025834931757416888 0.3732007771417387 0.009428107738494885 0.015905151367187502
