0 0.5567601680755615 0.09498733520507813 0.012501239776611328 0.020409545898437503
1 0.851934814453125 0.3074590301513672 0.064501953125 0.030034179687500002
0 0.07185917496681213 0.4488680267333985 0.012710464000701903 0.019067535400390627
0 0.2319098472595215 0.04616561889648438 0.011843299865722657 0.017715301513671875
0 0.6294779777526855 0.9869627380371094 0.011712646484375 0.017547607421875
0 0.44524807929992677 0.03351295471191407 0.011130523681640626 0.017307891845703124
0 0.11819503307342528 0.7652096557617188 0.01277470588684082 0.01916778564453125
0 0.1936715364456177 0.5282476043701172 0.01092836856842041 0.017394256591796876
0 0.15699645280838012 0.056695747375488284 0.011767578125 0.01805015563964844
1 0.3519552230834961 0.18094001770019533 0.046796655654907225 0.12173004150390626
0 0.0037883784621953963 0.04534103393554688 0.007576756924390793 0.01881805419921875
0 0.07693670988082886 0.16105934143066408 0.011670589447021484 0.019132232666015627
0 0.9253998316498316 0.5502244668911336 0.009469696969696883 0.015151515151515109
