2 0.8425256729125976 0.20888519287109375 0.022228240966796875 0.04122306823730469
2 0.6428064346313477 0.7273684692382812 0.022489547729492188 0.03240966796875
2 0.5941786766052246 0.2734014892578125 0.018672752380371093 0.034526214599609376
2 0.5825841903686524 0.30984024047851566 0.02365531921386719 0.0363702392578125
0 0.7088619232177734 0.046499099731445316 0.010317230224609375 0.016248168945312502
1 0.9495840090292471 0.49479365737349895 0.0941911662066424 0.034486759327076115
2 0.5749431610107422 0.24911502838134766 0.019086456298828124 0.027199478149414064
0 0.681186294555664 0.7128530883789063 0.011897087097167969 0.018861083984375002
0 0.7021884918212891 0.7223129272460938 0.010856056213378906 0.01784759521484375
0 0.6936592102050781 0.7056253814697266 0.011434364318847656 0.017546234130859376
0 0.5235326925913493 0.5118125406901042 0.010226281483968098 0.018041585286458335
1 0.7758277416229248 0.19289871215820314 0.0826796531677246 0.03664878845214844
0 0.7637393951416016 0.21466533660888673 0.010778331756591797 0.01696098327636719
0 0.6902557373046875 0.7207316589355469 0.010850906372070312 0.0165777587890625
1 0.9600694444444444 0.469212962962963 0.06944444444444452 0.051388888888888956
0 0.7174191640378549 0.6915089379600421 0.010679547844374327 0.017613038906414243
