1 0.14737061262130738 0.6085316975911459 0.07673327922821045 0.059731547037760416
0 0.5461598396301269 0.6918887668185764 0.012458992004394532 0.020576985677083333
0 0.028729302436113355 0.090179443359375 0.011907850205898286 0.01848517523871528
0 0.018467453122138978 0.573455810546875 0.011096054315567016 0.017975870768229166
0 0.3409543514251709 0.6350792778862847 0.012953376770019532 0.021838039822048613
0 0.23381085395812987 0.1610521952311198 0.012445831298828125 0.019694349500868055
0 0.09450003504753113 0.9650322808159723 0.013387215137481688 0.022180853949652777
0 0.8383916854858399 0.2975562201605903 0.011306571960449218 0.018396843804253472
0 0.03447725474834442 0.07233221266004775 0.0110883891582489 0.019143507215711807
0 0.6619641780853271 0.08384975857204861 0.011698246002197266 0.020139397515190973
0 0.7759886741638183 0.7864514668782553 0.011844348907470704 0.01963416205512153
