1 0.21366501450538636 0.22722969055175782 0.07018355131149293 0.06730010986328125
0 0.03981001973152161 0.626083984375 0.01249711513519287 0.018795166015625
1 0.3838662147521973 0.37610960006713867 0.029149341583251952 0.11768070220947266
2 0.9679092407226563 0.03404560089111328 0.026239585876464844 0.039561462402343754
1 0.8909635543823242 0.9477801513671875 0.06319656372070312 0.056033935546875004
2 0.2867791175842285 0.9525531005859376 0.02215156555175781 0.0363397216796875
1 0.9566113471984863 0.8837812805175782 0.03913822174072266 0.10623840332031251
2 0.37271976470947266 0.7804296875000001 0.02134857177734375 0.03681808471679688
2 0.4619279861450195 0.4265164947509766 0.024882411956787108 0.040330200195312506
1 0.3364398002624512 0.2952067565917969 0.02361927032470703 0.10136871337890625
1 0.6803998947143555 0.9850314331054688 0.06788215637207032 0.023400878906250002
0 0.4094364643096924 0.46624885559082035 0.011723041534423828 0.017254638671875003
0 0.901307487487793 0.46131362915039065 0.011179733276367187 0.018796386718750002
1 0.9752677917480469 0.6631634521484375 0.028223800659179687 0.11534484863281251
0 0.929041862487793 0.6023957824707031 0.010902786254882812 0.01712371826171875
