0 0.9134374618530273 0.976024881998698 0.013100433349609374 0.021542188856336807
2 0.7473860263824463 0.48954688178168404 0.024126148223876952 0.04198811848958334
1 0.5489503860473632 0.3494822184244792 0.051996803283691405 0.03985222710503472
0 0.8446159362792969 0.7796362135145399 0.012772369384765624 0.022613186306423613
0 0.8347488403320312 0.6279669867621528 0.011639976501464843 0.019794718424479166
1 0.7485797882080079 0.15679253472222224 0.06318559646606445 0.03447511461046007
0 0.8649740219116211 0.06268238491482205 0.011420059204101562 0.01923311021592882
0 0.2541677474975586 0.8935452779134115 0.011739253997802734 0.01912723117404514
0 0.845706844329834 0.6160405476888021 0.010750198364257812 0.018732706705729168
0 0.809837532043457 0.7435277303059896 0.01041584014892578 0.01730906168619792
0 0.6611671447753906 0.6566041734483508 0.011000251770019532 0.019346788194444447
1 0.7221399307250976 0.19406331380208333 0.05322608947753906 0.0402435302734375
0 0.7829215934684686 0.8587962962962963 0.010381475225225145 0.01657907907907909
0 0.7882882882882883 0.8738113113113114 0.008094031531531461 0.015953453453453517
0 0.780370213963964 0.8783470970970972 0.00950168918918924 0.01689189189189188
