1 0.36854565143585205 0.37808349609375 0.019996023178100585 0.12066574096679689
0 0.3911982297897339 0.11567405700683595 0.011108160018920898 0.01707275390625
0 0.4223922252655029 0.027411460876464847 0.01135845184326172 0.017643203735351564
0 0.6532852172851562 0.8780555725097657 0.011700057983398437 0.018768920898437503
0 0.705645751953125 0.4305352020263672 0.011303901672363281 0.0178076171875
0 0.04287922382354736 0.027135200500488284 0.011912941932678223 0.0176959228515625
0 0.7819475173950196 0.08590980529785157 0.011196517944335937 0.017526092529296877
0 0.6849488258361817 0.801355438232422 0.010146522521972656 0.01522003173828125
0 0.4641665458679199 0.38299835205078125 0.011207199096679688 0.01726531982421875
0 0.03255590796470642 0.022447395324707034 0.01014299988746643 0.01770233154296875
0 0.3881356716156006 0.6949897003173828 0.011913394927978516 0.0182421875
