1 0.23100395202636717 0.22100685119628907 0.0408473014831543 0.12581726074218752
1 0.41948806047439574 0.6389620208740234 0.07587411403656005 0.06414520263671876
1 0.1656225085258484 0.3660136413574219 0.07580225467681885 0.04771194458007813
1 0.03659255802631378 0.22328800201416016 0.052565330266952516 0.0862615203857422
1 0.3422114372253418 0.46270401000976563 0.03372249603271484 0.12922210693359376
0 0.22250018119812012 0.9887106323242189 0.011885452270507812 0.01716522216796875
2 0.7745929718017578 0.06917530059814453 0.022185897827148436 0.03598320007324219
1 0.46669235229492184 0.5766927337646485 0.021065711975097656 0.12998825073242187
0 0.09413325786590576 0.44222229003906255 0.01099318265914917 0.017190551757812502
0 0.8336116790771484 0.10166694641113282 0.012067413330078125 0.018265991210937502
0 0.6377751572327044 0.5864779874213836 0.010318396226415179 0.01729559748427666
