1 0.9504388809204102 0.5469700622558594 0.03801116943359375 0.13192718505859377
1 0.07240427732467651 0.9307276153564453 0.03409388065338135 0.13854476928710938
2 0.15746619701385497 0.256937484741211 0.02300693988800049 0.03874832153320313
1 0.8720831871032715 0.636742935180664 0.0801788330078125 0.033853149414062506
2 0.16686637401580812 0.2209050750732422 0.021839070320129394 0.0386114501953125
2 0.7907964706420898 0.7148931884765626 0.0205657958984375 0.03146453857421875
0 0.40623865127563474 0.12682037353515627 0.010795783996582032 0.016388397216796875
0 0.9253698348999023 0.1377507781982422 0.013236236572265624 0.022508163452148438
0 0.6689732551574707 0.19696636199951173 0.01197986602783203 0.01924461364746094
0 0.6577906608581543 0.1945133972167969 0.011619281768798829 0.0208856201171875
2 0.8727897644042969 0.78158203125 0.021693038940429687 0.038006134033203125
0 0.8741823094425483 0.612627986348123 0.008176905574516505 0.013651877133105757
