0 0.6284265995025635 0.7308161926269532 0.01212930679321289 0.018968200683593752
1 0.5234724998474121 0.8904006958007813 0.04818935394287109 0.11782989501953126
1 0.4251692771911621 0.875189437866211 0.03722686767578125 0.13064788818359377
0 0.31665716171264646 0.07085483551025391 0.01295642852783203 0.020314788818359377
1 0.8486804962158203 0.956090545654297 0.04058570861816406 0.08781890869140625
1 0.41167283058166504 0.6902919006347656 0.04611911773681641 0.12349273681640625
1 0.14773266315460204 0.6021998596191407 0.05676369667053222 0.13287384033203126
0 0.6851399421691895 0.09510799407958985 0.012700271606445311 0.018766098022460938
2 0.3602571487426758 0.6366309356689454 0.026754760742187498 0.04210861206054688
0 0.4718456268310547 0.7533283996582032 0.011589622497558594 0.0177154541015625
1 0.7391324043273926 0.4795924377441407 0.070574951171875 0.042735595703125004
1 0.09292764663696289 0.10190280914306642 0.08025016784667968 0.04195297241210938
0 0.10276618003845214 0.15269859313964845 0.01439509391784668 0.019696350097656252
0 0.18400843143463136 0.6615927124023437 0.013200902938842773 0.019254150390625002
2 0.09092830419540406 0.23181488037109377 0.026253390312194824 0.0359417724609375
2 0.11590573787689208 0.237535400390625 0.02198941707611084 0.03656021118164063
2 0.7180516242980957 0.5844581604003907 0.022078227996826173 0.034998474121093755
0 0.40387573242187497 0.4551557922363281 0.008731937408447266 0.013588562011718751
0 0.2653918743133545 0.5592980194091797 0.012176418304443359 0.01786865234375
0 0.6647574424743652 0.18387882232666017 0.010054969787597656 0.015578689575195313
2 0.10063061714172362 0.2631273651123047 0.018117380142211915 0.028974609375
0 0.5891956806182861 0.738911361694336 0.011337375640869141 0.018926544189453127
1 0.1771329164505005 0.9768058776855469 0.016280460357666015 0.04556060791015625
2 0.21273727416992186 0.9144358825683594 0.021119213104248045 0.050888977050781256
0 0.06720070838928223 0.3864275360107422 0.010798311233520508 0.015835113525390625
0 0.06610576510429382 0.39638916015625003 0.010294306278228759 0.015611877441406252
0 0.4598423649517934 0.7672781827022482 0.009456505447975576 0.009832244310746413
0 0.4493561557788945 0.7736599664991626 0.007851758793969902 0.012144053601339997
