1 0.19837185144424438 0.4983744812011719 0.08286163806915284 0.07230178833007812
1 0.48732461929321286 0.2260186004638672 0.05073566436767578 0.10545547485351563
0 0.6819330215454101 0.6230369567871095 0.012755393981933594 0.020731658935546876
0 0.46573758125305176 0.12182785034179688 0.01268787384033203 0.01940521240234375
1 0.5179776191711426 0.7347871398925782 0.07073421478271484 0.04529510498046875
2 0.7026591300964355 0.08442516326904298 0.023830890655517578 0.04210884094238281
1 0.19737402200698853 0.41048980712890626 0.09027049541473389 0.03194061279296875
2 0.20293197631835938 0.3639929962158203 0.025641536712646483 0.03687393188476563
2 0.17294771671295167 0.3047966003417969 0.022275876998901368 0.030211334228515626
0 0.7382960319519043 0.15944587707519534 0.013309288024902343 0.018761901855468752
0 0.6264130592346191 0.9285330200195313 0.011085224151611329 0.016457824707031252
2 0.1648129940032959 0.33613109588623047 0.025040745735168457 0.03585350036621094
1 0.2920824527740479 0.8166830444335939 0.015019845962524413 0.12351165771484376
2 0.7205816268920898 0.795107421875 0.021976280212402343 0.03733489990234375
0 0.5098802089691162 0.7211096954345704 0.0215972900390625 0.020905761718750002
