0 0.3047352313995361 0.1372856140136719 0.011384534835815429 0.0172100830078125
2 0.12074055671691894 0.2089986038208008 0.024635457992553712 0.04035530090332032
0 0.6573586463928223 0.4383219909667969 0.01142578125 0.018646240234375
0 0.059805095195770264 0.6716437530517578 0.012395954132080078 0.018696746826171878
0 0.5594460487365722 0.7098177337646485 0.011392593383789062 0.017281036376953125
0 0.7903252601623535 0.3138546752929688 0.012606525421142578 0.021675720214843753
0 0.4822850227355957 0.40977676391601564 0.010793304443359375 0.0166265869140625
2 0.9743228912353515 0.9617390441894532 0.01743011474609375 0.028070068359375002
0 0.8898896217346192 0.9120011901855469 0.011693572998046875 0.015135955810546876
0 0.32773866653442385 0.7293061828613282 0.010552644729614258 0.01746429443359375
1 0.23887013809101001 0.5684074037569062 0.021659195100938965 0.10528327598228117
0 0.9013734817504883 0.9091423034667969 0.01114959716796875 0.018292541503906252
1 0.9922618865966797 0.1283818054199219 0.015476226806640625 0.09011505126953126
0 0.8856849670410156 0.07982757568359375 0.010892295837402343 0.015047302246093752
0 0.25804641246795657 0.8708187866210938 0.010896587371826172 0.0182135009765625
2 0.7721107959747314 0.44459533691406256 0.009581947326660156 0.0164471435546875
0 0.47278995513916017 0.5779830169677734 0.012289810180664062 0.01765411376953125
2 0.9604464530944824 0.9633403778076173 0.011047172546386718 0.019207305908203125
0 0.26839556694030764 0.8767329406738282 0.011142635345458984 0.01800018310546875
1 0.3790456277114135 0.06852071355413031 0.04239673256516093 0.07166728160044811
0 0.36816956996917727 0.5897673797607422 0.006448698043823242 0.00922119140625
1 0.049502627627627624 0.5018768768768769 0.06052927927927928 0.10435435435435438
0 0.4873565821256039 0.5446859903381642 0.01245471014492754 0.020531400966183545
0 0.6739885265700484 0.14130434782608695 0.010567632850241537 0.018115942028985497
0 0.8747177750410507 0.09154351395730705 0.010006157635467972 0.01970443349753694
0 0.8856219211822659 0.10160098522167486 0.012315270935960616 0.017651888341543513
