0 0.7552962303161621 0.35302612304687503 0.011732673645019532 0.017694244384765627
1 0.15707087516784668 0.37704162597656254 0.026506924629211424 0.12085586547851564
0 0.1327877640724182 0.8649896240234376 0.011425447463989259 0.016382904052734376
0 0.18459147214889526 0.9360999298095704 0.010254621505737305 0.0165936279296875
0 0.7235844135284424 0.6271469116210938 0.011726474761962891 0.01673492431640625
0 0.12877678871154785 0.8838662719726563 0.011311626434326172 0.018048095703125003
0 0.7197372436523437 0.6450764465332032 0.011934471130371094 0.018841552734375003
1 0.37660861015319824 0.8374421691894531 0.05377368927001953 0.03573013305664063
0 0.1923109769821167 0.9936300659179688 0.009232568740844726 0.012541503906250001
0 0.5246966575091575 0.7474816849816849 0.010016025641025668 0.015109890109890122
0 0.06295787545787546 0.6222527472527473 0.010874542124542122 0.016483516483516498
