2 0.14765625 0.8745370370370371 0.021354166666666667 0.04537037037037037
1 0.9401041666666666 0.23055555555555557 0.022916666666666665 0.1388888888888889
1 0.9552083333333333 0.8537037037037037 0.058333333333333334 0.04259259259259259
0 0.18958333333333333 0.3601851851851852 0.0125 0.018518518518518517
0 0.42526041666666664 0.362962962962963 0.011979166666666666 0.016666666666666666
0 0.3690104166666667 0.45555555555555555 0.0109375 0.020370370370370372
0 0.3619791666666667 0.46990740740740744 0.010416666666666666 0.017592592592592594
0 0.5768229166666666 0.25833333333333336 0.009895833333333333 0.020370370370370372
0 0.6643229166666667 0.375462962962963 0.011979166666666666 0.02314814814814815
0 0.9679687499999999 0.6532407407407408 0.009895833333333333 0.015740740740740743
0 0.9611979166666667 0.6671296296296296 0.009895833333333333 0.015740740740740743
0 0.9526041666666667 0.6791666666666667 0.010416666666666666 0.019444444444444445
0 0.9643229166666667 0.6837962962962963 0.009895833333333333 0.017592592592592594
