1 0.2949697017669678 0.8884768676757813 0.04555654525756836 0.09926727294921876
0 0.6050027847290039 0.37360649108886723 0.013092422485351562 0.018990173339843753
1 0.6345956325531006 0.6283561706542969 0.08701229095458984 0.077449951171875
0 0.857661247253418 0.6316234588623048 0.013364791870117188 0.019887542724609377
0 0.5045143604278565 0.4704509735107422 0.012103939056396484 0.018628997802734377
0 0.24312305450439453 0.09615692138671876 0.012083911895751953 0.019000701904296875
0 0.6934732437133789 0.3755032348632813 0.0121856689453125 0.018675537109375
0 0.015758021175861357 0.6454374694824219 0.012398099899291993 0.0184442138671875
2 0.43959550857543944 0.20536277770996095 0.02403230667114258 0.03613204956054688
0 0.8311262130737305 0.2920206451416016 0.011149978637695313 0.017950286865234377
0 0.3787640810012817 0.8979656219482423 0.012813854217529296 0.020032806396484377
0 0.04499513804912567 0.6317945861816406 0.01277967095375061 0.020281982421875
0 0.5683849334716797 0.41223175048828126 0.012053108215332032 0.017329864501953125
0 0.525823974609375 0.12624935150146485 0.012290000915527344 0.019126358032226565
0 0.7395549774169922 0.4780020141601563 0.012447166442871093 0.01930267333984375
0 0.162483811378479 0.24220821380615237 0.012352943420410156 0.017965240478515627
0 0.7866057395935059 0.5507991027832032 0.01227264404296875 0.018551177978515625
0 0.8510908126831055 0.916194305419922 0.011705398559570312 0.01859100341796875
0 0.7633822441101075 0.23478958129882815 0.011999702453613282 0.018730316162109375
0 0.7520635604858399 0.8336897277832032 0.01220855712890625 0.020374755859375
0 0.01292937844991684 0.45539260864257813 0.012207320332527161 0.019660491943359375
2 0.44136977195739746 0.22843750000000002 0.016744709014892577 0.015941314697265625
