1 0.5896241188049316 0.402435302734375 0.0593393325805664 0.08255530463324653
1 0.4378326416015625 0.835575188530816 0.07029457092285156 0.04066535101996528
1 0.6109222412109375 0.27810486687554253 0.01857624053955078 0.13894441392686632
0 0.9553404808044433 0.5845918443467882 0.011712455749511718 0.020406934950086806
0 0.005852579325437546 0.26136771308051215 0.011590026319026947 0.020291985405815973
0 0.2088071346282959 0.20879270765516494 0.01045379638671875 0.01653993394639757
0 0.321885347366333 0.6857759263780382 0.008490800857543945 0.016022745768229166
0 0.09391251802444459 0.3723003811306424 0.013292217254638672 0.022506374782986113
0 0.20974189970228405 0.18994679863070263 0.011748790740966797 0.01897218492296007
0 0.809306526184082 0.4466471354166667 0.008786773681640625 0.013236829969618056
0 0.10240917205810547 0.37659920586480033 0.009742403030395507 0.018908352322048613
0 0.0951388888888889 0.39043209876543206 0.011111111111111117 0.017901234567901218
