1 0.6319474220275879 0.07121751573350694 0.059020805358886715 0.09822625054253473
1 0.35246262550354 0.8803787231445312 0.01984882354736328 0.12717895507812502
1 0.34300687313079836 0.3445443895128038 0.06539521217346192 0.11216549343532986
0 0.5163315773010254 0.08417044745551215 0.012140846252441407 0.020344204372829862
2 0.4568464279174805 0.567083231608073 0.025042438507080076 0.04157290988498264
0 0.45631608963012693 0.8825718349880642 0.013220024108886718 0.021015591091579862
0 0.27947173118591306 0.9809114244249132 0.011158180236816407 0.020206705729166666
0 0.38919820785522463 0.9093064202202691 0.010861444473266601 0.019608391655815974
0 0.4105386734008789 0.8858841790093316 0.011280441284179687 0.02122344970703125
1 0.06743486523628235 0.839499749077691 0.025367605686187743 0.06759372287326389
0 0.5672816276550293 0.6182573106553819 0.00885944366455078 0.016721937391493056
0 0.345487380027771 0.024180687798394097 0.011406469345092773 0.01981048583984375
0 0.2353893756866455 0.6168178134494358 0.011831855773925782 0.020849778917100697
0 0.2064479483001197 0.2488979563100075 0.009387948678486482 0.017941667963981972
0 0.5858288626055101 0.5935810694982498 0.009870938424233582 0.01720889870787127
0 0.08656520843505859 0.024273257785373266 0.012037146091461181 0.020685831705729168
0 0.33373446464538575 0.09131240844726562 0.009794139862060547 0.016595628526475694
0 0.2881720542907715 0.9474589029947917 0.013266468048095703 0.02213168674045139
1 0.28916335105895996 0.5653205023871528 0.034732723236083986 0.037383355034722225
0 0.3174616813659668 0.04895896911621094 0.007980155944824218 0.01730380588107639
0 0.28678083419799805 0.3873016357421875 0.011028671264648437 0.01774664984809028
0 0.1857364859038252 0.664265677599403 0.010700614084073242 0.015642086535611468
0 0.3391357660293579 0.22888611687554256 0.010932064056396485 0.016817728678385418
0 0.17241988182067872 0.13196470472547744 0.012122774124145507 0.020641581217447916
0 0.013093905528861373 0.32076830118828614 0.010711729526519779 0.020644505818684898
0 0.6679291725158691 0.7502102322048612 0.014834308624267578 0.02467719184027778
0 0.06344317197799683 0.9624355740017362 0.009250378608703614 0.015600585937500001
0 0.0346032730631461 0.3213309774501531 0.011520623151524608 0.02053710072902838
0 0.6258027076721191 0.1708152770996094 0.012489891052246094 0.020650227864583336
0 0.26319150924682616 0.3190675523546007 0.012615776062011719 0.019336954752604166
0 0.3218512058258057 0.02694642808702257 0.010139560699462891 0.016512552897135418
0 0.663551139831543 0.7479412502712673 0.010503768920898438 0.018034871419270834
0 0.3231287956237793 0.07002165052625868 0.012403011322021484 0.019647216796875002
0 0.0233550626166155 0.3117135857205942 0.00913342833518982 0.01737247043185764
0 0.17408409118652343 0.11313239203559028 0.012327623367309571 0.0174072265625
0 0.20579308523124906 0.41209125876233205 0.011934776040187422 0.018299406630566856
0 0.5758492867867867 0.601976976976977 0.010557432432432515 0.017934601267934572
0 0.2123983739837398 0.6811201445347789 0.010162601626016284 0.02077687443541097
0 0.17644817073170727 0.671409214092141 0.008892276422764252 0.01580849141824756
0 0.16819105691056904 0.6565040650406505 0.01067073170731708 0.018518518518518517
0 0.022929116865869854 0.3280950272982146 0.011827689243027887 0.019551423933894006
0 0.20420932878270767 0.26608519782581214 0.010310011376564265 0.017696877765137144
0 0.21300839021615475 0.2755656680571356 0.010843287827076213 0.018960940462646965
