1 0.7519400119781494 0.13365989685058594 0.050590229034423825 0.11809806823730469
2 0.5531553268432617 0.3106144714355469 0.021987342834472658 0.036731262207031254
2 0.17882893085479737 0.7514929199218751 0.027817296981811523 0.03942184448242188
1 0.6069867134094238 0.7192684173583985 0.049880695343017575 0.09206024169921875
1 0.4022547721862793 0.301181640625 0.054061698913574215 0.04441741943359375
1 0.6805088996887207 0.6880548095703125 0.04736185073852539 0.058321380615234376
2 0.8050857543945312 0.5413146972656251 0.025554466247558593 0.043328552246093756
2 0.8076260566711425 0.4944852447509766 0.02227363586425781 0.03540573120117188
2 0.745084571838379 0.49894805908203127 0.022713851928710938 0.036121215820312504
0 0.021203866600990294 0.7781219482421875 0.011990278959274292 0.01849029541015625
2 0.7872308731079102 0.4644187927246094 0.024944496154785157 0.043810729980468754
2 0.7649713516235351 0.4987345123291016 0.017799186706542968 0.0380157470703125
1 0.23992133140563965 0.4195744323730469 0.06817083358764649 0.03221939086914063
2 0.7860623359680176 0.5058086395263672 0.022221183776855467 0.03377517700195313
0 0.3400243282318115 0.2834239959716797 0.011861324310302734 0.017241668701171876
2 0.8131369590759278 0.46593505859375 0.01828632354736328 0.022908935546875002
2 0.8275610923767089 0.44935882568359375 0.0140380859375 0.020310363769531253
1 0.3176537036895752 0.5377706909179688 0.05610475540161133 0.04789581298828125
