0 0.39201908111572265 0.5285536193847656 0.010660648345947266 0.0173297119140625
0 0.15732164382934571 0.5975933837890626 0.011149072647094726 0.0170025634765625
2 0.9382382392883301 0.6502488708496094 0.021380615234375 0.03575927734375
2 0.8549468994140624 0.8149706268310547 0.02267036437988281 0.03625335693359375
1 0.07212121284232949 0.5508623183148462 0.03309462070465088 0.14920623779296877
2 0.06921118497848511 0.7139559936523437 0.024379611015319824 0.0371466064453125
2 0.9889171600341796 0.8642564392089844 0.02155914306640625 0.036143493652343754
0 0.21500768661499023 0.3831758880615235 0.010966968536376954 0.01725067138671875
2 0.9784196853637696 0.8404585266113281 0.018258094787597656 0.028889465332031253
0 0.12629584074020386 0.8365159606933594 0.01411747932434082 0.02422576904296875
1 0.0458185927672956 0.626375786163522 0.08181014150943396 0.04756289308176103
