1 0.5473697662353516 0.6411103820800782 0.036179733276367185 0.12117218017578125
0 0.8203344345092773 0.9757711791992189 0.012658309936523436 0.019436645507812503
0 0.40465731620788575 0.024654808044433596 0.011350440979003906 0.017439193725585937
0 0.5959514141082763 0.477175521850586 0.012133121490478516 0.01956451416015625
0 0.3938062429428101 0.6091505432128906 0.011286163330078125 0.017468872070312502
0 0.1448359727859497 0.10598587036132813 0.012505722045898436 0.01964447021484375
0 0.547938346862793 0.3559440612792969 0.011093425750732421 0.016239013671875
0 0.2796717643737793 0.5532337951660157 0.012082242965698242 0.017110290527343752
0 0.9632468223571777 0.9671688842773438 0.012372398376464843 0.019826049804687502
0 0.2874481201171875 0.5672229766845703 0.011782503128051758 0.0175079345703125
