1 0.34713541666666664 0.6291666666666667 0.050520833333333334 0.0638888888888889
0 0.12317708333333333 0.009722222222222222 0.018229166666666668 0.017592592592592594
0 0.13333333333333333 0.3231481481481482 0.013541666666666667 0.018518518518518517
0 0.13880208333333333 0.33981481481481485 0.009895833333333333 0.018518518518518517
0 0.0984375 0.4949074074074074 0.0125 0.019444444444444445
0 0.31223958333333335 0.40601851851851856 0.0109375 0.017592592592592594
0 0.28359375 0.6421296296296296 0.013020833333333334 0.019444444444444445
0 0.0484375 0.8143518518518519 0.013541666666666667 0.019444444444444445
0 0.058333333333333334 0.8092592592592593 0.011458333333333333 0.016666666666666666
0 0.05625 0.8277777777777778 0.011458333333333333 0.016666666666666666
0 0.0671875 0.8375 0.010416666666666666 0.019444444444444445
0 0.08072916666666667 0.8111111111111111 0.011458333333333333 0.016666666666666666
0 0.21015625 0.9458333333333334 0.009895833333333333 0.01388888888888889
0 0.225 0.9356481481481482 0.013541666666666667 0.02314814814814815
0 0.4791666666666667 0.12824074074074074 0.010416666666666666 0.021296296296296296
0 0.684375 0.038425925925925926 0.013541666666666667 0.021296296296296296
0 0.8098958333333334 0.1726851851851852 0.0125 0.017592592592592594
0 0.7520833333333333 0.2662037037037037 0.0125 0.015740740740740743
0 0.6372395833333333 0.4967592592592593 0.011979166666666666 0.019444444444444445
0 0.5484375 0.5509259259259259 0.010416666666666666 0.018518518518518517
0 0.6708333333333333 0.5800925925925926 0.011458333333333333 0.017592592592592594
0 0.62421875 0.7375 0.011979166666666666 0.021296296296296296
0 0.75078125 0.725925925925926 0.011979166666666666 0.020370370370370372
0 0.82421875 0.8111111111111111 0.0109375 0.018518518518518517
0 0.7973958333333333 0.8476851851851852 0.0125 0.021296296296296296
0 0.8002604166666667 0.9333333333333333 0.0109375 0.014814814814814815
0 0.9307291666666666 0.9430555555555556 0.0125 0.017592592592592594
