1 0.7933354377746582 0.21645016140407988 0.07299880981445313 0.0521759033203125
1 0.09360020756721496 0.6474258422851563 0.019079840183258055 0.13199293348524305
0 0.427675724029541 0.9515328301323785 0.010992431640625 0.019245741102430557
0 0.7277602195739746 0.5709297180175782 0.01132049560546875 0.020412868923611112
0 0.028681346774101255 0.9098042805989583 0.011867904663085937 0.01915622287326389
0 0.738262939453125 0.10394956800672743 0.012546634674072266 0.021669514973958335
0 0.06031249165534973 0.8317981296115452 0.012397801876068116 0.02078314887152778
0 0.9871578216552734 0.7041187710232205 0.011539459228515625 0.01997951931423611
0 0.7894746397877787 0.42765427241249687 0.008705253391475409 0.01770732819087918
0 0.5994001116071428 0.16865079365079366 0.008370535714285764 0.017361111111111112
0 0.7992645375457876 0.4310388685388685 0.010016025641025668 0.01704314204314204
