1 0.3225903034210205 0.6946839904785157 0.026901435852050782 0.1242510986328125
0 0.7915061950683594 0.31092960357666016 0.012695884704589844 0.018583755493164062
0 0.2445439338684082 0.9660213470458985 0.011566066741943359 0.018468627929687502
0 0.6531624317169189 0.35203506469726564 0.009703350067138673 0.014870605468750001
0 0.585076379776001 0.1308080291748047 0.012113380432128906 0.01835296630859375
0 0.14260368347167968 0.7898516082763672 0.011258983612060547 0.0170849609375
0 0.35768914222717285 0.2877422332763672 0.011568927764892578 0.017682495117187502
0 0.9577220916748047 0.26787952423095707 0.013944816589355468 0.023134078979492188
0 0.7467846870422363 0.8127561950683594 0.010581588745117188 0.015213470458984376
0 0.7244057655334473 0.1670553207397461 0.011847305297851562 0.017360000610351565
0 0.7373737373737372 0.8174242424242424 0.008838383838383734 0.01767676767676761
0 0.6125315656565656 0.05277777777777778 0.010416666666666666 0.017676767676767683
0 0.8000315656565656 0.26464646464646463 0.011047979797979815 0.01717171717171719
0 0.02439024390243897 0.8097560975609757 0.011178861788617888 0.016260162601626008
