2 0.24394803047180175 0.9049569702148438 0.023337459564208983 0.037186889648437506
1 0.18047399520874025 0.4616648864746094 0.06869707107543946 0.09676727294921876
1 0.4958675384521484 0.3512762260437012 0.028299903869628905 0.11915744781494142
2 0.8215802192687988 0.2125254821777344 0.021794891357421874 0.035692901611328126
1 0.7662801265716552 0.7735418701171876 0.07793607711791992 0.039461669921875005
2 0.6213043212890625 0.24977264404296876 0.021860313415527344 0.03422500610351563
1 0.5496880531311035 0.5812104034423828 0.05538358688354492 0.0485198974609375
0 0.8276179313659667 0.32190139770507814 0.012038421630859376 0.01813018798828125
0 0.36382761001586916 0.2499337387084961 0.011643648147583008 0.01797050476074219
1 0.5564233779907226 0.3187290191650391 0.02826385498046875 0.13875808715820315
2 0.610316276550293 0.22040122985839844 0.02295818328857422 0.03357719421386719
1 0.6508746147155762 0.1835446929931641 0.05431842803955078 0.08926162719726563
0 0.4630227565765381 0.9853259658813477 0.012157344818115234 0.018796310424804688
