1 0.4539353847503662 0.504993667602539 0.07844476699829102 0.06913528442382813
1 0.5260161399841309 0.3100157928466797 0.067059326171875 0.056528320312500005
1 0.8699899673461914 0.9278033447265626 0.07261314392089843 0.058828125
0 0.3202749490737915 0.9883941650390625 0.011170053482055664 0.015921630859375
0 0.9246147155761718 0.9075592041015625 0.013667297363281249 0.02219329833984375
1 0.1290696382522583 0.9788016510009766 0.06697449684143067 0.04239669799804688
0 0.3611715316772461 0.598712387084961 0.011205387115478516 0.016824645996093752
0 0.9295761108398437 0.8805811309814454 0.017331695556640624 0.023734130859375
1 0.3387124538421631 0.5408003234863281 0.02517242431640625 0.142935791015625
0 0.3759451866149902 0.7737773132324219 0.011259031295776368 0.01950653076171875
0 0.14790010452270508 0.31564460754394535 0.009081053733825683 0.014070053100585938
