2 0.41941967010498044 0.37262878417968753 0.025419902801513673 0.04093051486545139
2 0.9050666809082031 0.6265323215060764 0.023996353149414062 0.04513888888888889
2 0.5804762840270996 0.921144273546007 0.02200145721435547 0.03730417887369792
1 0.5164695739746094 0.442498524983724 0.06449899673461915 0.037219407823350696
0 0.8669611930847168 0.7506805419921875 0.01136016845703125 0.01800910101996528
0 0.17207250595092774 0.755830807156033 0.01203935146331787 0.02013193766276042
0 0.4566573143005371 0.29603216383192277 0.012325096130371093 0.019591267903645834
0 0.4266815185546875 0.8158532884385851 0.0110809326171875 0.017767503526475697
0 0.8660255432128906 0.7324644300672744 0.011536407470703124 0.01553531222873264
0 0.5427183151245117 0.46913943820529513 0.012017250061035156 0.018455335828993055
0 0.11546015739440918 0.3836011250813802 0.01236720085144043 0.02057342529296875
0 0.13029820919036866 0.3857082790798611 0.010328865051269532 0.019866943359375
0 0.3907707691192627 0.15446099175347222 0.01055765151977539 0.017754618326822916
0 0.10956112146377563 0.394999016655816 0.010556626319885253 0.01882663302951389
0 0.2695997476577759 0.42940317789713545 0.011624526977539063 0.018688625759548612
0 0.5903954029083252 0.44619344075520834 0.008777904510498046 0.014080471462673612
0 0.7432900428771972 0.7869855244954428 0.011357498168945313 0.021005418565538194
2 0.0498051792383194 0.2984431372748481 0.020524245500564576 0.03331442938910591
0 0.4886473655700683 0.49705234103732643 0.014118194580078125 0.0220367431640625
1 0.5300871849060058 0.37773895263671875 0.022075653076171875 0.06931983100043403
0 0.28667545318603516 0.4314679463704427 0.008243751525878907 0.013320414225260417
0 0.7090446472167968 0.9793504503038195 0.01120290756225586 0.018542819552951388
0 0.18235034942626954 0.5340214199490018 0.012990474700927734 0.02590365939670139
2 0.18240329027175903 0.3121468438042535 0.013291907310485839 0.023758443196614583
0 0.18502452373504638 0.5248335944281685 0.010372638702392578 0.01777682834201389
0 0.22190049533799533 0.38668738668738667 0.010016025641025638 0.01715876715876716
0 0.27380171911421913 0.41339678839678834 0.010016025641025668 0.0161875161875162
0 0.21097392191142195 0.4268324268324269 0.009651806526806528 0.01715876715876716
0 0.5478306574923548 0.7402593725223694 0.010034403669724768 0.017272624306263477
