1 0.43840484619140624 0.4139683532714844 0.051921844482421875 0.113233642578125
1 0.06458896398544312 0.37218383789062504 0.055531883239746095 0.09601486206054688
1 0.6981720924377441 0.08953536987304687 0.07616825103759765 0.030133666992187502
0 0.6290282249450684 0.7265108489990235 0.011822509765625 0.01770050048828125
0 0.11834920644760132 0.7722710418701172 0.012419772148132325 0.01846588134765625
0 0.9960756301879883 0.7488071441650391 0.007848739624023438 0.01921356201171875
0 0.018619835376739502 0.19419395446777346 0.011812478303909302 0.019143524169921877
0 0.9583264350891113 0.4124272155761719 0.01237030029296875 0.01812957763671875
0 0.9945745468139648 0.9654049682617188 0.010594940185546875 0.018655395507812502
0 0.4100629806518555 0.09448883056640625 0.011994361877441406 0.017697296142578128
0 0.8433113098144531 0.18903106689453125 0.010500717163085937 0.016050796508789062
0 0.20892720222473143 0.707620849609375 0.010549163818359375 0.0157232666015625
0 0.7357747077941894 0.5274072265625 0.011146163940429688 0.016917572021484376
0 0.9035776138305663 0.270291748046875 0.012537384033203125 0.018046417236328126
0 0.7507163524627686 0.15286617279052736 0.012335872650146485 0.018693771362304688
0 0.9739820480346679 0.6908703613281251 0.012019157409667969 0.018043212890625
0 0.7503705501556397 0.4492625427246094 0.012653160095214843 0.0190069580078125
0 0.31264729499816896 0.31439239501953126 0.013662147521972656 0.021259002685546875
0 0.4998415946960449 0.3741340637207031 0.012753677368164061 0.02048126220703125
