1 0.9135839462280273 0.6030667114257813 0.071624755859375 0.08133453369140625
0 0.27952027320861816 0.7702484130859375 0.011666011810302735 0.01752044677734375
0 0.640635633468628 0.3906022644042969 0.012117481231689453 0.0195458984375
0 0.7193797111511231 0.2333833694458008 0.011853599548339843 0.01888572692871094
2 0.32609901428222654 0.2816595458984375 0.02459430694580078 0.03896614074707031
0 0.015263999998569488 0.26597946166992187 0.011797821521759034 0.018943328857421875
0 0.9463502883911132 0.9903207397460938 0.012068939208984376 0.017663574218750002
0 0.16234893798828126 0.5173180389404297 0.0130143404006958 0.019552001953125002
0 0.3898418426513672 0.1504901123046875 0.010725784301757812 0.016289520263671878
0 0.7035693168640137 0.4982493591308594 0.014802169799804686 0.02287200927734375
0 0.39883534908294677 0.16590797424316409 0.011727857589721679 0.016779632568359376
0 0.6013257575757576 0.5396464646464646 0.009469696969697001 0.01565656565656563
