1 0.39581363201141356 0.5810636901855469 0.061737775802612305 0.12897735595703125
1 0.14960838556289674 0.8576515197753907 0.04744422435760498 0.10782806396484376
0 0.39595723152160645 0.1379439163208008 0.011901664733886718 0.01766448974609375
0 0.23174545764923096 0.7509223937988282 0.009745216369628907 0.014690856933593751
0 0.16896984577178956 0.22352184295654298 0.011739110946655274 0.017232360839843752
0 0.12821536064147948 0.8948880004882813 0.011251735687255859 0.019617156982421877
0 0.16555922031402587 0.9930102539062501 0.010024166107177735 0.0137896728515625
0 0.513001537322998 0.3867783355712891 0.012145233154296876 0.0188482666015625
0 0.24891195297241211 0.2163451385498047 0.014453697204589843 0.023226318359375
0 0.6873219373219372 0.9102564102564104 0.011574074074074165 0.01709401709401694
