1 0.0690672218799591 0.3998204040527344 0.04488520622253418 0.1286119079589844
0 0.9286785125732422 0.16938690185546876 0.01297454833984375 0.019988174438476565
1 0.8119960784912109 0.9365952301025391 0.054430580139160155 0.08026779174804688
2 0.26445918083190917 0.3115498352050781 0.025347137451171873 0.038562622070312504
0 0.224338960647583 0.8761519622802735 0.013320159912109374 0.020648651123046875
2 0.507542610168457 0.12869606018066407 0.02501239776611328 0.04116729736328125
0 0.6596224308013916 0.6265110778808595 0.010891246795654296 0.016277618408203125
0 0.49435701370239254 0.7684819793701172 0.010670089721679687 0.01586395263671875
0 0.9333477020263672 0.9866490173339845 0.01201019287109375 0.01748291015625
1 0.6621933937072754 0.3961728096008301 0.02354011535644531 0.1306167221069336
0 0.718878698348999 0.22153728485107424 0.011919593811035157 0.01886833190917969
0 0.8637121200561523 0.19779335021972658 0.010574150085449218 0.015894012451171877
0 0.4475144863128662 0.2779943084716797 0.011067867279052734 0.017396774291992188
