1 0.8275969505310058 0.358731918334961 0.07959270477294922 0.07339309692382813
2 0.8554204940795899 0.4561619567871094 0.022815704345703125 0.033815307617187505
0 0.04640107452869415 0.8557983398437501 0.011940139532089233 0.01842315673828125
0 0.4724921703338623 0.5781150817871095 0.011890983581542969 0.0182867431640625
0 0.4710214614868164 0.22819019317626954 0.010822296142578125 0.015687637329101563
0 0.008915255963802337 0.1452599334716797 0.012841072678565978 0.01943206787109375
0 0.8423458099365234 0.31510826110839846 0.0124420166015625 0.019338378906250002
1 0.23609366416931152 0.3701092338562012 0.023409080505371094 0.08246250152587892
0 0.9700927734375 0.6326779174804688 0.012437820434570312 0.01822601318359375
0 0.5116383552551269 0.7650834655761719 0.011514663696289062 0.01867340087890625
0 0.13408907651901245 0.7872360992431641 0.01040322780609131 0.01608154296875
0 0.995596981048584 0.7412906646728517 0.00880603790283203 0.020518035888671876
0 0.14257826805114746 0.43705780029296876 0.011042428016662598 0.016602020263671875
0 0.20366815924644469 0.8538487243652344 0.011103928089141846 0.0167193603515625
0 0.33185701370239257 0.8837968444824219 0.011829376220703125 0.01841278076171875
2 0.22753467559814453 0.7568032836914063 0.022223234176635742 0.040322265625
0 0.5215922355651855 0.7627191925048828 0.011932754516601562 0.019878387451171875
0 0.5637392997741699 0.6853717041015626 0.010378456115722657 0.01700469970703125
0 0.46793713872832376 0.900529865125241 0.011741329479768758 0.014932562620423938
