1 0.46158761978149415 0.259039306640625 0.06492271423339843 0.039636484781901044
2 0.7430095672607422 0.415932125515408 0.02398204803466797 0.03884073893229167
2 0.741432523727417 0.3731206258138021 0.024008655548095705 0.03909098307291667
2 0.9686495780944824 0.07129016452365451 0.02290973663330078 0.04104444715711806
2 0.9288839340209961 0.35685229831271703 0.02237701416015625 0.03921000162760417
0 0.7953804969787598 0.3635901557074653 0.013196563720703125 0.020866563585069445
2 0.7835667610168457 0.39365488688151046 0.021341896057128905 0.03553415934244792
2 0.9464441299438476 0.3303607304890951 0.023961639404296874 0.04403690761990017
2 0.7630748271942138 0.39123399522569446 0.020108604431152345 0.03710123697916667
0 0.42960119247436523 0.25369720458984374 0.009706783294677734 0.021474202473958336
0 0.41946373456790115 0.2551440329218107 0.009452160493827163 0.0212620027434842
