2 0.06864184141159058 0.6340394592285157 0.022594761848449708 0.03688140869140625
1 0.36161303520202637 0.42480911254882814 0.07759637832641601 0.03912078857421875
0 0.5902798652648926 0.689139633178711 0.011411952972412109 0.01711669921875
2 0.7370908737182618 0.9064602661132813 0.021904182434082032 0.03558807373046875
0 0.17821184396743775 0.8367990112304688 0.011157774925231933 0.01766021728515625
0 0.7967693328857421 0.3902978515625 0.012568473815917969 0.01837371826171875
2 0.21497960090637205 0.44056343078613286 0.02395467758178711 0.03465957641601563
0 0.5690536499023438 0.24949432373046876 0.010199165344238282 0.015406036376953126
0 0.43789997100830075 0.6457080078125 0.012451744079589844 0.020056610107421876
0 0.845886752136752 0.2592592592592593 0.010461182336182281 0.015669515669515684
