1 0.8640191078186035 0.24071971893310548 0.08545055389404296 0.05272911071777344
0 0.3694769382476807 0.2663659286499024 0.012353277206420899 0.01967552185058594
0 0.34006681442260744 0.6420236206054688 0.012250900268554688 0.01907318115234375
0 0.4810734748840332 0.48424087524414067 0.011745834350585937 0.01903900146484375
0 0.838687515258789 0.9590596008300782 0.012763023376464844 0.020142822265625002
1 0.15323190689086913 0.7685349273681641 0.02845585346221924 0.09595794677734376
2 0.4946291923522949 0.6596984100341797 0.02223958969116211 0.03226394653320313
0 0.6097336769104004 0.6391110229492188 0.01123046875 0.01632232666015625
0 0.17566877603530884 0.5566641235351563 0.013108086585998534 0.02082000732421875
0 0.27423007246376807 0.5079710144927536 0.012228260869565234 0.017391304347826046
