1 0.49321069717407223 0.7164437866210938 0.06373863220214844 0.09161773681640625
0 0.8682674407958985 0.8329764556884767 0.012005996704101563 0.018060455322265627
1 0.694401741027832 0.5089830017089844 0.06553525924682617 0.0775152587890625
1 0.7751168251037598 0.26223220825195315 0.047975921630859376 0.07341629028320312
0 0.2847740173339844 0.031237525939941408 0.012233924865722657 0.018281478881835938
1 0.6840622901916504 0.3213014602661133 0.08494796752929687 0.029991226196289064
0 0.4615854263305664 0.42255706787109376 0.01239776611328125 0.019097290039062503
0 0.7016199111938477 0.5425930786132813 0.013535690307617186 0.0178253173828125
0 0.8744670867919921 0.05009372711181641 0.012932205200195312 0.019375076293945314
0 0.9096479415893555 0.7326983642578125 0.011907958984375 0.01784393310546875
0 0.21894705295562744 0.652358627319336 0.009461688995361327 0.0150946044921875
0 0.9830604553222656 0.28035118103027346 0.0104888916015625 0.014891738891601563
0 0.7710397720336915 0.018217544555664062 0.012070846557617188 0.018101882934570313
0 0.43694047927856444 0.980946502685547 0.012311172485351563 0.019864196777343752
0 0.8278698921203613 0.0280487060546875 0.008219146728515625 0.012676696777343751
0 0.024147727272727272 0.8035353535353535 0.01294191919191919 0.018181818181818226
