1 0.027999985218048095 0.534303207397461 0.05599997043609619 0.06478118896484375
1 0.40273098945617675 0.05352046966552735 0.07585611343383789 0.09499725341796876
2 0.8436723709106445 0.40628990173339846 0.024649810791015626 0.03819961547851563
2 0.5948339462280273 0.5257833862304688 0.02394561767578125 0.03520980834960938
2 0.7796424865722656 0.6904801177978516 0.022716712951660157 0.03896072387695313
2 0.3625016450881958 0.56605224609375 0.021120357513427734 0.029432067871093752
2 0.21271798767886316 0.20633525918254925 0.01698618581443479 0.03604743035285026
2 0.35764427185058595 0.5993748474121094 0.015216350555419922 0.02692626953125
2 0.2303166389465332 0.20121379852294924 0.013846302032470703 0.024381027221679688
0 0.10805261301033661 0.2738693539126889 0.01176657676696776 0.017240142822265627
0 0.7017309665679932 0.6384383392333984 0.012096786499023437 0.018976287841796877
0 0.8982607841491699 0.27377086639404297 0.011776351928710937 0.019408950805664064
2 0.21586017608642577 0.16599082946777344 0.01813201904296875 0.031390686035156254
2 0.2365212912087912 0.1684981684981685 0.02089056776556776 0.0357142857142857
0 0.4407051282051282 0.14102564102564102 0.013163919413919404 0.015567765567765549
1 0.4996565934065934 0.20489926739926742 0.04750457875457877 0.1076007326007326
1 0.38060897435897434 0.5904304029304029 0.045787545787545805 0.09478021978021976
0 0.21319826007326007 0.8273809523809523 0.012019230769230779 0.019230769230769246
0 0.4009271978021978 0.5222069597069596 0.012019230769230779 0.017857142857142873
