1 0.1265535831451416 0.25334365844726564 0.06852939128875732 0.0691851806640625
1 0.5942392349243164 0.05972481727600098 0.05387392044067383 0.10801755905151368
1 0.07871923446655274 0.4422026062011719 0.03679096698760986 0.08943786621093751
0 0.7778651237487793 0.7329454040527345 0.011388015747070313 0.016542053222656252
0 0.7158445358276367 0.5630325317382813 0.012116146087646485 0.01834716796875
0 0.541560173034668 0.30595916748046875 0.012632369995117188 0.0191937255859375
1 0.13889295756816863 0.49302879333496097 0.09169426560401917 0.04236602783203125
0 0.7423576354980469 0.09227558135986329 0.010145950317382812 0.015555953979492188
0 0.0985198199748993 0.6034242248535157 0.01272803544998169 0.0191192626953125
0 0.38356618881225585 0.14704658508300783 0.012122488021850586 0.018446807861328126
0 0.943644905090332 0.006882553100585938 0.0109954833984375 0.013765106201171875
0 0.05854940414428711 0.41328819274902345 0.01367347240447998 0.020396270751953126
0 0.21154961585998536 0.06150543212890625 0.012342071533203125 0.018884201049804688
0 0.9323268890380859 0.47568435668945314 0.010113716125488281 0.014677734375000001
1 0.3888669013977051 0.343152084350586 0.04688568115234375 0.027669677734375002
0 0.9347442626953125 0.4885948181152344 0.009477615356445312 0.0137554931640625
