1 0.7405293464660645 0.6300877380371094 0.0876617431640625 0.09605255126953126
1 0.49040699005126953 0.29794387817382817 0.03767471313476563 0.11151168823242188
0 0.6159296989440918 0.22889991760253908 0.012030220031738282 0.019528350830078128
1 0.08876602649688721 0.34070447921752933 0.04703402519226074 0.11645664215087892
1 0.03105659559369087 0.3371208953857422 0.031465815007686616 0.13570510864257812
1 0.6233407974243164 0.5714704895019531 0.07239761352539062 0.028030242919921875
1 0.021587955951690673 0.988165283203125 0.04286344051361084 0.02366943359375
0 0.9077524185180664 0.7778927612304688 0.012472152709960938 0.018646697998046875
1 0.5003657968076941 0.18795963339609642 0.03497816895785396 0.10537132158671342
0 0.4118958473205566 0.3491233825683594 0.012028121948242187 0.017834625244140628
