2 0.046823137998580934 0.5534188164605035 0.024978482723236085 0.039587910970052084
2 0.6060977935791015 0.9082187228732639 0.024056720733642577 0.04351094563802083
2 0.5258890151977539 0.9763366699218751 0.02290687561035156 0.041351318359375
2 0.027452027052640913 0.8143063015407986 0.0279520645737648 0.04995354546440972
2 0.2446974277496338 0.8004218207465278 0.021515560150146485 0.04054328070746528
2 0.5588966369628906 0.7824023776584201 0.02260618209838867 0.037144809299045144
2 0.09396176934242248 0.7869195726182726 0.030545556545257566 0.03878665500217014
2 0.22247588634490967 0.7851874457465278 0.021365642547607422 0.040106879340277776
2 0.38351500034332275 0.17877722846137153 0.022090721130371093 0.040924919976128474
2 0.6579020977020263 0.9747336493598091 0.02169380187988281 0.03593970404730903
0 0.6603504180908203 0.7554071214463975 0.010220146179199219 0.0182159423828125
2 0.6747432708740234 0.9533912658691407 0.02208232879638672 0.047251722547743055
2 0.5892584800720215 0.8329716152615018 0.020377540588378908 0.03570810953776042
0 0.025714652985334395 0.9680380927191841 0.013074065744876861 0.022730170355902777
0 0.07412997484207154 0.6679429796006945 0.012598097324371338 0.02083774142795139
2 0.5663453102111816 0.8326229519314237 0.021650218963623048 0.037623765733506946
2 0.5794384002685546 0.7973676893446181 0.022959327697753905 0.03620537651909722
0 0.554425676419602 0.18641766447014943 0.00930641541030764 0.01902410728773805
0 0.23602724075317383 0.42227410210503474 0.012334585189819336 0.01996799045138889
0 0.6491280555725097 0.6817630343967014 0.011447715759277343 0.020536634657118056
0 0.5615934300341296 0.1979838199974719 0.009421217292377666 0.016748830742004794
