0 0.3024876594543457 0.6301942443847657 0.011258983612060547 0.017791748046875
0 0.7531168460845947 0.2941604995727539 0.012069320678710938 0.0178057861328125
0 0.7304149627685547 0.23788421630859377 0.011669158935546875 0.01975273132324219
0 0.22231531143188477 0.7726603698730469 0.01177668571472168 0.01809906005859375
0 0.6455441474914551 0.0872589111328125 0.012836265563964843 0.020500030517578125
0 0.05109269469976425 0.3709888458251953 0.01224525272846222 0.0186920166015625
0 0.2660038948059082 0.9221025085449219 0.011647415161132813 0.017714691162109376
0 0.30248003005981444 0.6489708709716797 0.01083526611328125 0.016984252929687502
0 0.03083663061261177 0.3215271759033203 0.012309680879116058 0.01875885009765625
0 0.674072265625 0.7347271728515625 0.011758995056152344 0.01892791748046875
1 0.924641227722168 0.101282958984375 0.07494525909423828 0.042339172363281254
0 0.610265064239502 0.5181842041015625 0.011700630187988281 0.01821807861328125
0 0.6975053787231446 0.05879196166992188 0.011586284637451172 0.019149627685546875
0 0.890596580505371 0.11115196228027345 0.01087646484375 0.018993377685546875
0 0.345629358291626 0.30133255004882814 0.011836051940917969 0.018617095947265627
0 0.02553293704986572 0.3554612731933594 0.012179088592529298 0.019971923828125
0 0.23133542537689208 0.4685728454589844 0.011652660369873048 0.01833648681640625
0 0.5886882781982422 0.5427183532714844 0.010968589782714843 0.017541198730468752
0 0.06066290736198425 0.2570742797851563 0.011043667793273926 0.016777496337890625
0 0.5608126163482666 0.30673252105712895 0.010514163970947265 0.016262664794921874
0 0.041524508595466615 0.9295806884765626 0.012487107515335083 0.01770599365234375
0 0.5891408920288086 0.1811835479736328 0.011507415771484375 0.018636932373046877
0 0.9121435165405273 0.3100456237792969 0.012514495849609375 0.018846282958984377
1 0.9331521987915039 0.08259223937988282 0.06402244567871093 0.06277694702148438
0 0.5621350849256899 0.3829617834394905 0.012274416135881101 0.017515923566878987
0 0.9056528662420381 0.3795116772823779 0.011942675159235586 0.020169851380042448
0 0.3527848639455782 0.07891156462585033 0.009991496598639434 0.017687074829931967
