0 0.872892951965332 0.6665206909179688 0.013254547119140625 0.019563446044921877
0 0.3601453065872192 0.7924362945556641 0.011689281463623047 0.018025817871093752
2 0.6701035499572754 0.3227498245239258 0.02333488464355469 0.03593757629394531
1 0.12244000434875488 0.26954055786132813 0.024611806869506835 0.1220489501953125
1 0.4947784423828125 0.4322631072998047 0.025682830810546873 0.14355880737304688
2 0.6673567771911622 0.27771099090576173 0.021591758728027342 0.04173873901367188
0 0.198000168800354 0.9062974548339844 0.01062469482421875 0.016301879882812502
0 0.9964638233184814 0.03152099609375 0.007072353363037109 0.018532714843750003
1 0.5180086135864258 0.844891357421875 0.061184692382812496 0.04307342529296875
0 0.5721012115478515 0.7648822784423829 0.008649253845214843 0.012982025146484376
0 0.837218189239502 0.8122787475585938 0.012723731994628906 0.0185504150390625
