0 0.7692022323608398 0.9769363403320312 0.012808799743652344 0.020558336046006945
0 0.8360322952270508 0.7629300435384115 0.015680885314941405 0.025837537977430557
0 0.5051462173461914 0.33000191582573785 0.011653709411621093 0.019502766927083335
0 0.5545324802398681 0.33281801011827256 0.013419151306152344 0.021263292100694445
0 0.4827241897583008 0.04597273932562934 0.011539268493652343 0.019075012207031252
0 0.7319960594177246 0.13716396755642363 0.012640380859375 0.02094336615668403
0 0.4211359977722168 0.9365792168511285 0.012053298950195312 0.020143636067708335
0 0.9414787292480469 0.7345867580837674 0.012643051147460936 0.021868218315972222
2 0.17072658538818358 0.18318871392144098 0.026898860931396484 0.043494839138454866
0 0.13371708393096923 0.8039876302083334 0.012481045722961426 0.020684644911024307
0 0.6576179981231689 0.5767213609483507 0.011084461212158203 0.01825832790798611
0 0.9598735809326172 0.6935467190212674 0.012762832641601562 0.020574951171875
0 0.8422791481018066 0.30690087212456596 0.012171745300292969 0.020332166883680558
0 0.8442777633666992 0.6619917127821181 0.012257766723632813 0.02025485568576389
0 0.7408852577209473 0.31464669969346787 0.011517333984375 0.019755638970269097
0 0.8895777702331543 0.07529729207356771 0.013213157653808594 0.022241465250651044
0 0.9782464027404785 0.6003011067708334 0.011012649536132813 0.01917961968315972
0 0.8398336410522461 0.573931376139323 0.011706733703613281 0.02267829047309028
0 0.09777178764343261 0.27429194980197485 0.012230134010314942 0.020557996961805557
0 0.9060441970825195 0.4467971801757813 0.011574172973632812 0.019326782226562502
0 0.7037917137145996 0.8212455749511719 0.01259765625 0.02088283962673611
0 0.7337710857391357 0.660961405436198 0.012734222412109374 0.020037841796875
0 0.35313384532928466 0.17859492831759982 0.011331605911254882 0.01977174546983507
0 0.2471938133239746 0.22333836025661893 0.011618232727050782 0.018968963623046876
0 0.6609892845153809 0.4884470621744792 0.011410713195800781 0.01926235622829861
0 0.34881842136383057 0.38737063937717015 0.012942028045654296 0.021178860134548613
0 0.6534792900085449 0.11657693650987414 0.011640167236328125 0.01918241712782118
0 0.5166130065917969 0.7583599514431424 0.008817672729492188 0.015407307942708334
0 0.7272658348083496 0.9265958997938368 0.01167144775390625 0.01862148708767361
0 0.8592203140258788 0.5476306491427951 0.011674308776855468 0.019883558485243057
0 0.4854716300964355 0.392423333062066 0.012988090515136719 0.021365865071614584
0 0.36432957649230957 0.6043481614854601 0.010418987274169922 0.016899956597222224
0 0.5107461452484131 0.987070549858941 0.01218709945678711 0.020167371961805555
0 0.6557264804840088 0.6302291870117188 0.012521076202392577 0.022241210937500002
0 0.9473335266113281 0.3166444566514757 0.011705780029296875 0.01924201117621528
0 0.9835714340209961 0.08914273579915365 0.011680984497070312 0.019930182562934027
0 0.6069128513336182 0.949763912624783 0.011424636840820313 0.018871900770399307
0 0.5972381114959717 0.9477611965603299 0.011898326873779296 0.019059583875868057
0 0.7979097366333008 0.4171966552734375 0.012046432495117188 0.021133083767361113
0 0.9505874633789062 0.3346953497992622 0.012822723388671875 0.021128675672743055
0 0.7757933139801025 0.7787504408094619 0.012445831298828125 0.0204315185546875
0 0.7774199485778809 0.29898173014322915 0.013863182067871094 0.02196392483181424
0 0.9832025527954101 0.11288876003689237 0.012066650390625 0.02002648247612847
2 0.2494964599609375 0.3268558926052518 0.01867084503173828 0.03191646999782986
0 0.9890358924865722 0.12919726901584203 0.011170005798339844 0.018602159288194444
0 0.5817886829376221 0.9871830410427518 0.01294412612915039 0.02063632541232639
0 0.2942961692810059 0.007376458909776476 0.010574626922607421 0.014752917819552952
2 0.7434654235839844 0.7974746704101563 0.014969635009765624 0.022469414605034724
0 0.7872435092127303 0.4208542713567839 0.009945561139028551 0.020007444630560235
0 0.012163173652694611 0.7228875582168997 0.0124750499001996 0.019960079840319306
