1 0.1575668692588806 0.7221895005967882 0.05707285404205322 0.11198187934027778
1 0.8054275512695312 0.2041322496202257 0.05265827178955078 0.08723856608072918
0 0.018115650117397308 0.640460459391276 0.011896592378616334 0.01941748725043403
0 0.7205056190490723 0.15721800062391494 0.011697196960449218 0.020104302300347224
0 0.40749106407165525 0.7980051676432292 0.013216686248779296 0.020201280381944447
0 0.6100915908813477 0.28920601738823787 0.011794662475585938 0.019774373372395834
0 0.5900064468383789 0.5027318318684896 0.01229705810546875 0.020938618977864584
0 0.4402748107910156 0.9843619452582466 0.01056365966796875 0.018937513563368057
0 0.0887316644191742 0.8077683342827692 0.012086915969848632 0.020683797200520833
0 0.12024643421173095 0.2526368882921007 0.012676811218261719 0.019289822048611113
0 0.5439688682556152 0.47361314561631945 0.011843585968017578 0.019603135850694446
0 0.8267257690429687 0.0616302490234375 0.011164665222167969 0.019644673665364584
0 0.2824901580810547 0.8347173055013021 0.014492416381835937 0.02347174750434028
0 0.6054919242858887 0.2027361551920573 0.010842514038085938 0.01829833984375
0 0.11020327806472778 0.2057222154405382 0.012548041343688964 0.019957478841145834
0 0.22848100662231444 0.6674306233723959 0.013124370574951172 0.02338104248046875
0 0.5099247932434082 0.4529609680175781 0.011117935180664062 0.01872049967447917
0 0.3680142879486084 0.3020187377929688 0.011675596237182617 0.02037785847981771
0 0.38222856521606446 0.7435640123155383 0.012899017333984375 0.02043982611762153
0 0.6022795677185059 0.14247440761990018 0.011773490905761718 0.02006556193033854
0 0.24106550216674805 0.5689870198567708 0.011512851715087891 0.020008680555555557
0 0.1135932445526123 0.1853318108452691 0.012208366394042968 0.019512430826822916
0 0.3550983190536499 0.47886505126953127 0.01283564567565918 0.022082180447048613
0 0.9469490051269531 0.00938337114122179 0.011721038818359375 0.01876674228244358
0 0.46207475662231445 0.32878958384195967 0.012307167053222656 0.020174874199761286
