2 0.09623399376869202 0.040448040432400176 0.01682337522506714 0.03351703219943576
2 0.8003059387207031 0.1351288265652127 0.02511940002441406 0.044354417588975695
2 0.7703190803527832 0.20545268588595922 0.02356586456298828 0.037511020236545144
2 0.07503857016563416 0.04308675130208334 0.024765372276306152 0.04616546630859375
2 0.9923579692840576 0.15876269870334203 0.015284061431884766 0.043736097547743054
2 0.4341287612915039 0.5204099867078993 0.02221336364746094 0.04308946397569444
2 0.7402531623840332 0.12338027954101563 0.02104015350341797 0.04587758382161459
2 0.9722308158874512 0.6719848632812501 0.0230194091796875 0.03692423502604167
0 0.6813404083251953 0.9331414964463977 0.01222991943359375 0.01994781494140625
2 0.45875988006591795 0.5143514845106337 0.025568580627441405 0.04828287760416667
2 0.8080959320068359 0.03553602430555556 0.02181835174560547 0.03850538465711806
2 0.4581864356994629 0.5829837375217014 0.026458358764648436 0.04452277289496528
2 0.4290758609771728 0.9812093946668837 0.021555137634277344 0.03758121066623264
0 0.29862151145935056 0.7340126037597656 0.012169647216796874 0.019573635525173612
2 0.7250082969665528 0.049708387586805555 0.021393013000488282 0.039948357476128474
2 0.7843969821929931 0.02651774088541667 0.024848079681396483 0.04102181328667535
0 0.6051144599914551 0.5945670233832465 0.011458969116210938 0.01826510959201389
0 0.6042492866516114 0.6172154744466146 0.011941909790039062 0.019307793511284723
2 0.7726552009582519 0.09376585218641494 0.024381065368652345 0.03986019558376736
2 0.7932092189788819 0.06907759772406684 0.022200489044189455 0.038976626925998265
2 0.7439977645874023 0.08096728854709202 0.02654857635498047 0.03816189236111111
0 0.6216097354888916 0.5993538750542535 0.016776561737060547 0.024305894639756947
2 0.7491122245788574 0.02156278822157118 0.03905677795410156 0.04312557644314236
2 0.44994640350341797 0.9739329020182292 0.023009777069091797 0.04281005859375
2 0.9953065395355224 0.20581639607747396 0.009386920928955078 0.045504760742187504
0 0.8381574630737304 0.5077696058485244 0.012052154541015625 0.020474921332465278
0 0.5261611938476562 0.4626999749077691 0.01295166015625 0.020714314778645833
