1 0.2735793113708496 0.29208573235405816 0.0905369758605957 0.040494283040364586
2 0.10805877447128295 0.5326626247829861 0.02501380443572998 0.03940192328559028
2 0.5456332206726074 0.4133352491590712 0.025093936920166014 0.04345652262369792
0 0.5401320457458496 0.7334732055664063 0.012241935729980469 0.019542270236545138
0 0.6927454948425293 0.2625648922390408 0.01188831329345703 0.020867835150824653
1 0.15550763607025148 0.05796534220377604 0.07281150817871093 0.0663177490234375
0 0.3785844802856445 0.8300388760036893 0.01250457763671875 0.019962565104166666
0 0.06576882600784302 0.22667355007595488 0.011674737930297852 0.018982103135850695
0 0.46367015838623044 0.48465415106879345 0.011342430114746093 0.01679263644748264
0 0.13209521770477295 0.46812625461154517 0.011322546005249023 0.01947394476996528
0 0.061873847246170045 0.20909915500217013 0.009919536113739014 0.01674262152777778
0 0.0287493628950051 0.12141805413976667 0.010034403669724771 0.019821044285876097
