0 0.20289838314056396 0.5577691650390625 0.013370990753173828 0.019818420410156252
0 0.3773085594177246 0.18254135131835938 0.012264156341552734 0.019065093994140626
0 0.2982199668884277 0.7746923828125001 0.011507272720336914 0.018335266113281252
0 0.5461675643920898 0.1043886947631836 0.012118148803710937 0.01774986267089844
2 0.8763864517211913 0.8844802856445313 0.022173309326171876 0.036473236083984374
0 0.7713942527770996 0.5836814117431641 0.00985260009765625 0.014968414306640625
1 0.951329231262207 0.24697914123535158 0.01885223388671875 0.1288298797607422
0 0.8949028968811035 0.5473466491699219 0.011039352416992188 0.015996704101562502
0 0.6328297615051269 0.09757621765136719 0.011966323852539063 0.017952423095703125
2 0.8359999656677246 0.898248748779297 0.021809768676757813 0.03916244506835938
2 0.8550228118896485 0.8877632141113282 0.018927001953125 0.03429428100585938
0 0.24621782302856446 0.14927722930908205 0.010896968841552734 0.015568771362304688
0 0.24615230560302734 0.16598716735839844 0.011618900299072265 0.0182489013671875
0 0.23706703186035155 0.18501716613769534 0.01248617172241211 0.019566345214843753
0 0.03616253137588501 0.39913711547851566 0.01165611743927002 0.01870697021484375
0 0.9949846267700195 0.36998184204101564 0.008622360229492188 0.013174438476562501
0 0.5339319229125976 0.11834812164306642 0.009712123870849609 0.015053863525390626
0 0.3502721471471471 0.19857357357357358 0.009853603603603567 0.02027027027027027
