2 0.1665745496749878 0.7520712280273438 0.020642900466918947 0.034373779296875004
1 0.416384220123291 0.3985111236572266 0.06405858993530274 0.06043212890625001
1 0.7246560096740723 0.6090185546875 0.07934141159057617 0.052737121582031254
2 0.22979178428649902 0.2337154769897461 0.022559452056884765 0.0393487548828125
0 0.44147796630859376 0.03353595733642578 0.009620094299316406 0.014686889648437501
2 0.20836506485939024 0.8443958282470704 0.02631195783615112 0.03901473999023438
1 0.3403625965118408 0.7846336364746094 0.06570997238159179 0.07520217895507814
0 0.6344667911529541 0.8132450103759766 0.013342761993408203 0.018967590332031253
2 0.4840394973754883 0.21604896545410157 0.021687889099121095 0.03636978149414063
2 0.45789041519165036 0.40748817443847657 0.025259971618652344 0.04101593017578125
2 0.31035141944885253 0.6880485534667969 0.022406959533691408 0.03170745849609375
2 0.4355643272399902 0.27336685180664066 0.024202728271484376 0.03266105651855469
2 0.4074416637420654 0.8218125152587891 0.02157735824584961 0.04252639770507813
2 0.5350582599639893 0.4662705993652344 0.020609569549560548 0.0326654052734375
2 0.48090085983276365 0.5697767639160156 0.02299842834472656 0.034335632324218754
2 0.7072333812713623 0.37173583984375 0.024484920501708984 0.03784820556640625
2 0.3308477640151978 0.7115045166015626 0.022688770294189455 0.039187927246093754
0 0.5287932872772216 0.07221431732177735 0.01202859878540039 0.0165093994140625
2 0.9858725547790527 0.518416748046875 0.025876617431640624 0.03665985107421875
2 0.3750659942626953 0.9291987609863281 0.021800994873046875 0.03308929443359375
2 0.1268601655960083 0.6795732116699219 0.026670312881469725 0.036264648437500005
0 0.166656494140625 0.5239866638183595 0.011951875686645509 0.01790618896484375
2 0.3014359951019287 0.6353122711181641 0.024056434631347656 0.03728408813476563
2 0.1895465850830078 0.7577407836914063 0.02563643455505371 0.03591217041015625
2 0.11906161308288574 0.6149075317382813 0.02039809226989746 0.034587097167968754
0 0.13170959949493408 0.4969303131103516 0.011449146270751952 0.018076019287109377
2 0.3540488243103027 0.9389636230468751 0.02266721725463867 0.0379754638671875
2 0.31663222312927247 0.7706256103515625 0.020594120025634766 0.0377703857421875
0 0.6455978393554688 0.4887432098388672 0.013068962097167968 0.019278564453125
2 0.6686442852020263 0.06709304809570313 0.023105525970458986 0.03148345947265625
2 0.2957674503326416 0.7218101501464844 0.026862430572509765 0.038529663085937506
0 0.3635394096374512 0.43905410766601566 0.012293577194213867 0.019501953125000002
1 0.5530252456665039 0.6304435729980469 0.04344997406005859 0.07986968994140625
2 0.699034595489502 0.33838035583496096 0.02526826858520508 0.0304473876953125
2 0.008363940566778184 0.8304559326171875 0.016659177839756012 0.0437744140625
0 0.5251383781433105 0.11558265686035157 0.013342094421386718 0.0211566162109375
2 0.03731646239757538 0.7015272521972656 0.020193952322006225 0.03529205322265625
1 0.5176177978515625 0.48264617919921876 0.028582000732421873 0.059809875488281254
2 0.0605353832244873 0.7147282409667969 0.02418588399887085 0.04154937744140625
2 0.43044023513793944 0.8367332458496094 0.020507049560546876 0.03106964111328125
2 0.6670515060424804 0.0992669677734375 0.02402191162109375 0.032009124755859375
2 0.0881166934967041 0.7205645751953126 0.02380232810974121 0.03710113525390625
0 0.9241071428571428 0.8205357142857143 0.011160714285714236 0.01607142857142861
