2 0.3696604251861572 0.9561879475911459 0.025816726684570312 0.0433624267578125
2 0.380494213104248 0.18847630818684896 0.022798919677734376 0.04389784071180556
2 0.6063758850097656 0.6235250684950087 0.025542640686035154 0.04127078586154514
0 0.8667325019836426 0.9296745300292969 0.011275291442871094 0.018001302083333334
2 0.2513070583343506 0.37980499267578127 0.026576519012451172 0.04189656575520834
0 0.6478340148925781 0.22472449408637155 0.010969924926757812 0.01725565592447917
2 0.25063314437866213 0.4223192850748698 0.022046566009521484 0.04029218885633681
0 0.03001914918422699 0.6385830349392362 0.012170898914337158 0.01996731228298611
0 0.04468092918395996 0.5915335761176216 0.012882208824157715 0.021369764539930558
2 0.2721297264099121 0.4163098653157552 0.02217211723327637 0.04099477132161458
0 0.41752333641052247 0.7489632500542535 0.012537384033203125 0.020470174153645833
0 0.005496057868003845 0.9434088812934028 0.010714888572692871 0.02267523871527778
0 0.5884294986724854 0.8962641398111979 0.011923694610595703 0.019157918294270833
0 0.9956398010253906 0.8703358968098959 0.008494186401367187 0.017643229166666666
0 0.7263068675994873 0.9615481906467014 0.010880088806152344 0.018939378526475696
0 0.4547722339630127 0.07812864515516493 0.012825393676757812 0.02298007541232639
0 0.19978233830845768 0.3657177077575088 0.010883084577114429 0.01842638658559058
