1 0.4116356372833252 0.9715985107421876 0.08351278305053711 0.056802978515625005
1 0.7491311073303223 0.7514145660400391 0.03908758163452149 0.13601058959960938
0 0.7919276237487793 0.19579421997070315 0.011329078674316406 0.01774658203125
0 0.1533202886581421 0.011709785461425782 0.012345361709594726 0.0189898681640625
0 0.6210522174835205 0.629795150756836 0.011979103088378906 0.017572021484375002
2 0.9805000305175781 0.3285592651367188 0.024718093872070312 0.03780532836914063
0 0.05839133262634277 0.5957942199707031 0.011957120895385743 0.018319396972656252
2 0.21286315917968748 0.3699836730957031 0.024315929412841795 0.04097686767578125
0 0.3211470127105713 0.5448319244384766 0.011893939971923829 0.017720642089843752
0 0.40515575408935545 0.8679839324951173 0.010765266418457032 0.016535186767578126
0 0.8204968452453613 0.5134994506835938 0.012224769592285157 0.017535400390625
0 0.3197523593902588 0.15570941925048828 0.011652565002441407 0.018017349243164064
0 0.7700267791748047 0.7517327880859376 0.010754585266113281 0.018983154296875002
1 0.17224440574645997 0.9412406921386719 0.10556163787841796 0.08346801757812501
1 0.029195797443389893 0.7792846679687501 0.05839159488677979 0.044588623046875005
0 0.0731162667274475 0.7364903259277344 0.011679339408874511 0.0173675537109375
0 0.01608957089483738 0.4899949645996094 0.011066734045743942 0.016705627441406252
0 0.006579916924238205 0.7171875000000001 0.01246570199728012 0.0187066650390625
0 0.49033689498901367 0.6748411560058594 0.009930229187011719 0.01572113037109375
0 0.178640878200531 0.8706965637207031 0.010731720924377441 0.017310791015625
0 0.4366156578063965 0.8488311004638672 0.012704849243164062 0.018220062255859377
0 0.0651568591594696 0.8858516693115235 0.00889991521835327 0.013354644775390626
0 0.016383887827396394 0.5084500122070312 0.011434593796730041 0.01786468505859375
0 0.4079930535862955 0.6665160369873048 0.011710739135742188 0.016713562011718752
0 0.3734536647796631 0.7027830505371094 0.011467409133911134 0.017065582275390626
0 0.8753660202026367 0.6832965087890626 0.012687301635742188 0.020455322265625003
0 0.11839406490325928 0.6750179290771485 0.01137242317199707 0.017076568603515627
0 0.00645715594291687 0.741228256225586 0.0127738356590271 0.020821228027343753
0 0.08466622237855574 0.7553830801860224 0.012666618913300468 0.018260056856419737
0 0.4301177978515625 0.6443598937988282 0.012381172180175782 0.01635772705078125
0 0.18705098628997802 0.8836566162109376 0.011011457443237305 0.016400451660156252
0 0.10637223720550537 0.7700309753417969 0.013805341720581054 0.01825714111328125
0 0.3844101905822754 0.6917140197753907 0.01191558837890625 0.015293884277343751
0 0.11430277824401855 0.9379980468750001 0.011208057403564453 0.01726898193359375
0 0.4164116859436035 0.6765048217773438 0.0115325927734375 0.0178643798828125
0 0.006119196861982345 0.5137641143798829 0.01061074286699295 0.015308990478515626
0 0.10446954407495505 0.8050525602419278 0.009927953048591754 0.015363044310151869
0 0.1982800245285034 0.9035572814941407 0.011975383758544922 0.01708160400390625
0 0.139443039894104 0.669697723388672 0.01032848358154297 0.015459289550781252
0 0.12549647092819213 0.7864476013183594 0.012444615364074707 0.018285980224609377
0 0.4287346839904785 0.6817828369140625 0.012114143371582032 0.0183819580078125
0 0.11153898239135741 0.7986817932128907 0.013341140747070311 0.016541290283203128
0 0.10343341827392578 0.74261962890625 0.010898852348327636 0.018246002197265625
0 0.13854724168777466 0.6826394653320313 0.009963703155517579 0.014559631347656251
0 0.11531822681427002 0.7191374206542969 0.011185884475708008 0.016255187988281253
0 0.2081130266189575 0.9182855224609375 0.011345291137695312 0.017364501953125
0 0.12863442897796631 0.6899266815185547 0.012897777557373046 0.0137823486328125
0 0.1298842191696167 0.7046442413330078 0.015907669067382814 0.02220458984375
0 0.39467176730266673 0.6777235891220721 0.010925660151220918 0.012998514639750833
0 0.12787818908691406 0.7502088165283204 0.012672901153564453 0.016709289550781253
0 0.49895134228187926 0.6647091722595079 0.011535234899328846 0.019574944071588336
0 0.3875526685393258 0.7070458801498127 0.011411516853932586 0.013342696629213531
0 0.3967696629213483 0.697565543071161 0.009948501872659202 0.013576779026217215
0 0.10936036985018725 0.7825374531835206 0.01068000936329588 0.012640449438202193
0 0.32769235889243875 0.3992279020234292 0.009484824281150198 0.013578274760383428
