1 0.8347860336303711 0.7242203606499567 0.06037483215332031 0.12481180826822917
2 0.7563371658325195 0.8009319729275174 0.022539138793945312 0.04108039008246528
0 0.2191446304321289 0.5489620632595487 0.012363529205322266 0.019675191243489584
1 0.6563955783843994 0.3655715942382813 0.048272705078125 0.05314229329427084
1 0.6554261207580566 0.33735122680664065 0.050904464721679685 0.11535373263888889
0 0.10630919933319091 0.22302203708224827 0.011765837669372559 0.020839775933159724
0 0.47315340042114257 0.7094563802083333 0.011997795104980469 0.021691216362847224
0 0.3668533802032471 0.9408286200629341 0.011102390289306641 0.017921956380208333
1 0.6414193630218505 0.3425513585408529 0.024971771240234374 0.11935047573513455
0 0.9676408767700195 0.7947249518500434 0.0108917236328125 0.019845750596788194
0 0.9094105720520019 0.32109892103407117 0.011768913269042969 0.02194027370876736
0 0.4675763130187988 0.23479457431369358 0.01124725341796875 0.02157719930013021
0 0.7774545669555664 0.12424545288085938 0.010548973083496093 0.019598897298177084
0 0.9046324729919434 0.2526086595323351 0.011108589172363282 0.018238745795355903
0 0.5367264747619629 0.19122823079427084 0.012441253662109375 0.020923021104600696
0 0.9130949020385742 0.959734598795573 0.01225452423095703 0.019073994954427083
0 0.30221354166666664 0.545138888888889 0.00859375 0.016203703703703703
