2 0.4749992847442627 0.6670244852701823 0.024047470092773436 0.03744862874348959
2 0.9180768966674805 0.3734425014919705 0.02308368682861328 0.04357486300998264
1 0.3571929931640625 0.3418739318847656 0.06550130844116211 0.02884521484375
0 0.28078019618988037 0.4863432142469618 0.010681390762329102 0.01925014919704861
2 0.4992812156677246 0.697025383843316 0.023406219482421876 0.03777092827690973
2 0.49934949874877926 0.6576992458767361 0.024177169799804686 0.03814341227213542
0 0.6202504634857178 0.9703570048014323 0.013695049285888671 0.020761277940538194
0 0.7961067199707031 0.4291788736979167 0.012672805786132812 0.021568467881944445
0 0.21035776138305665 0.407079823811849 0.011048698425292968 0.02120853000217014
0 0.21427706704103858 0.918239553776069 0.008262062072753906 0.014266289605034723
0 0.3621199324324324 0.40344511177844516 0.010557432432432397 0.016266266266266306
