2 0.968599796295166 0.8131300354003906 0.024131965637207032 0.0358349609375
2 0.12298505306243897 0.5704203796386719 0.02346792221069336 0.03629226684570313
1 0.7792220115661621 0.5720826721191407 0.06659202575683594 0.08437255859375001
2 0.4484075546264648 0.17145259857177736 0.02216053009033203 0.03873710632324219
2 0.6665033817291259 0.3880811309814453 0.019077491760253907 0.03765701293945313
2 0.396467399597168 0.3441059112548828 0.023252105712890624 0.0344525146484375
2 0.7892655849456787 0.4692472076416016 0.023314571380615233 0.033825531005859374
2 0.7636199951171875 0.48958724975585943 0.022432518005371094 0.03918365478515625
2 0.7251149177551269 0.6448372650146484 0.023253631591796876 0.036813659667968755
2 0.9374351501464844 0.34566368103027345 0.02427330017089844 0.03952590942382813
2 0.7342686653137207 0.47985595703125006 0.024127388000488283 0.037593078613281254
2 0.09322259426116944 0.4831364440917969 0.020152854919433593 0.035624084472656255
2 0.2445960760116577 0.66970458984375 0.01758570671081543 0.03681610107421875
2 0.2570732355117798 0.6402359008789062 0.023020553588867187 0.035158843994140626
2 0.067791748046875 0.6108224487304688 0.02350437641143799 0.035400390625
2 0.2846384525299072 0.6597982788085938 0.023191261291503906 0.0353131103515625
2 0.783936595916748 0.5053214263916016 0.02090167999267578 0.03576614379882813
2 0.7005146980285645 0.6471205139160157 0.023284149169921876 0.03819793701171875
2 0.07819349765777588 0.523896484375 0.02136862277984619 0.03325592041015625
2 0.9838754653930664 0.7508464050292969 0.023071670532226564 0.037317810058593755
2 0.06415265202522277 0.571951904296875 0.025229012966156004 0.038592529296875004
2 0.08503857851028443 0.5592648315429688 0.020340371131896972 0.034235839843750004
2 0.03972532153129578 0.5654051208496094 0.022934389114379884 0.032726135253906254
2 0.06084059625864029 0.4718077850341797 0.02287163436412811 0.037813873291015626
2 0.310431170463562 0.6614923095703126 0.021962690353393554 0.0405242919921875
2 0.9664993286132812 0.7329698181152344 0.02104034423828125 0.0343096923828125
2 0.09974724054336548 0.51868896484375 0.01995396614074707 0.03430877685546875
2 0.9953248023986816 0.7635940551757813 0.00925617218017578 0.0264801025390625
2 0.21554136276245117 0.5320046997070312 0.020658302307128906 0.027527770996093753
2 0.26332793235778806 0.6760718536376954 0.02261357307434082 0.036374053955078124
