1 0.9069070816040039 0.9475450134277345 0.030710601806640623 0.104063720703125
2 0.28076696395874023 0.1388909912109375 0.02272176742553711 0.035496673583984374
0 0.3212757110595703 0.3041140365600586 0.012235450744628906 0.0187420654296875
2 0.24243574142456054 0.2795337295532227 0.02574329376220703 0.03427223205566406
1 0.7158567905426025 0.2899900817871094 0.08394651412963867 0.034341735839843755
0 0.7534879684448242 0.15527923583984377 0.011397743225097656 0.018959808349609378
1 0.7724615573883057 0.7593130493164063 0.06028738021850586 0.08483734130859376
0 0.23742198944091797 0.6425299835205078 0.01202535629272461 0.017674407958984378
0 0.40885257720947266 0.45262451171875 0.011046028137207032 0.0168182373046875
0 0.45174460411071776 0.9040930938720704 0.012583923339843749 0.017480163574218752
2 0.9548577308654785 0.4509368133544922 0.021377754211425782 0.032498016357421874
0 0.9085957527160644 0.06099609375 0.012371444702148437 0.019321136474609375
0 0.44837726757369617 0.9186507936507936 0.010983560090702938 0.015306122448979713
