1 0.3907820701599121 0.2503792232937283 0.057528114318847655 0.102899169921875
2 0.5202178478240966 0.7966786702473959 0.023107051849365234 0.04053921169704861
2 0.267134428024292 0.08435897827148438 0.021905946731567382 0.04520687527126736
2 0.3604248285293579 0.9735539754231771 0.022460222244262695 0.04209967719184028
2 0.34212119579315187 0.166599612765842 0.02291116714477539 0.04417588975694445
2 0.39511587619781496 0.8816710578070747 0.023010873794555665 0.03836432562934028
2 0.6809200763702392 0.613043212890625 0.023706722259521484 0.04225531684027778
2 0.5890670776367187 0.3573799133300781 0.02109050750732422 0.040782335069444446
0 0.777769947052002 0.28896620008680557 0.011622810363769531 0.019181654188368057
2 0.5613476753234863 0.24182756212022571 0.02122631072998047 0.04001820882161458
0 0.33635735511779785 0.3117127736409505 0.012634658813476562 0.02076729668511285
2 0.4127942085266113 0.979306157430013 0.023677635192871093 0.041387685139973956
2 0.5192349433898926 0.9174853006998698 0.023658275604248047 0.03913353814019097
0 0.20453686714172362 0.6846564398871529 0.01064891815185547 0.016790771484375
2 0.4097384452819824 0.20513640509711373 0.023604965209960936 0.04704954359266493
2 0.5406246185302734 0.2877628750271268 0.024655246734619142 0.03876258002387153
2 0.6779820442199707 0.5217345343695746 0.02384176254272461 0.04478658040364584
2 0.7896489143371582 0.5570677015516493 0.021257972717285155 0.03926306830512153
2 0.6960081100463867 0.42674662272135416 0.022258758544921875 0.03436652289496528
2 0.5041375637054444 0.13569789462619358 0.025545120239257812 0.04110666910807292
2 0.5132156372070312 0.1743150075276693 0.021492671966552735 0.03889448377821181
2 0.5177841186523438 0.21500091552734377 0.024060630798339845 0.04158664279513889
2 0.4732941150665283 0.20245191786024305 0.021505165100097656 0.04283667670355903
2 0.4990235328674316 0.9584231906467015 0.023163032531738282 0.044362046983506945
2 0.7191381931304932 0.4730595906575521 0.019845104217529295 0.037631225585937504
2 0.18945597410202025 0.9846755133734809 0.02156078815460205 0.030648973253038194
2 0.5826739311218262 0.40054406060112846 0.025704383850097656 0.044198099772135416
2 0.45249323844909667 0.9124159071180555 0.020770740509033204 0.0414581298828125
2 0.49298229217529294 0.9146492852105035 0.021674156188964844 0.040717230902777776
2 0.4811166763305664 0.15878100925021701 0.024559974670410156 0.04137624104817708
2 0.41416311264038086 0.9347134060329861 0.019408226013183594 0.03789164225260417
2 0.467056131362915 0.8715669420030382 0.02219877243041992 0.03606601291232639
2 0.5337886333465576 0.2472507052951389 0.023122692108154298 0.04039900037977431
2 0.49579272270202634 0.20608376397026912 0.02195291519165039 0.04264272054036459
2 0.4338342189788818 0.9071923997667101 0.018758201599121095 0.039547559950086804
2 0.41775760650634763 0.8745279100206164 0.020845699310302734 0.040129937065972225
2 0.44155406951904297 0.87120115492079 0.024413394927978515 0.037366231282552086
2 0.4735406875610351 0.9478218926323785 0.020746612548828126 0.03537224663628472
2 0.6989350318908691 0.5252510070800781 0.022185134887695312 0.036650933159722225
2 0.4563697814941406 0.20448379516601564 0.01741199493408203 0.03347125583224826
2 0.6780744075775147 0.47615161471896705 0.022078418731689455 0.035834418402777776
2 0.46884794235229493 0.9832194010416667 0.023484230041503906 0.03356119791666667
0 0.026388120651245118 0.42768681844075523 0.010674786567687989 0.017816670735677085
2 0.43747663497924805 0.985692850748698 0.021599197387695314 0.028614298502604166
2 0.6997879981994629 0.5037352667914496 0.02220439910888672 0.04383799235026042
2 0.6962746305418719 0.45931399379675236 0.020525451559934283 0.032840722495894925
