1 0.2108980178833008 0.1079046630859375 0.029564571380615235 0.09800262451171876
0 0.6222744941711426 0.30135250091552734 0.013419723510742188 0.02084220886230469
0 0.6152115821838379 0.8298457336425782 0.011022377014160156 0.017404479980468752
1 0.35532803535461427 0.6621063232421875 0.055401039123535153 0.06911895751953126
2 0.024641744792461395 0.5042068481445313 0.024865201115608214 0.0416571044921875
2 0.10025310516357422 0.15776256561279298 0.025451231002807616 0.040740737915039064
0 0.7598417282104493 0.5525435638427735 0.011583518981933594 0.01721923828125
2 0.140022611618042 0.4803975677490235 0.027567958831787108 0.038492889404296876
1 0.7343255996704101 0.25064853668212894 0.049360466003417966 0.07540992736816407
2 0.08581961989402771 0.28542083740234375 0.02651146650314331 0.041070251464843756
2 0.13353240489959717 0.5540634155273438 0.02322664260864258 0.037120666503906254
2 0.08112920522689819 0.35648664474487307 0.024889755249023437 0.03844150543212891
2 0.060996387898921964 0.3842474365234375 0.02768752872943878 0.0359173583984375
2 0.04380305707454681 0.25570598602294925 0.02498167157173157 0.03834251403808594
2 0.04482840597629547 0.35095306396484377 0.026166290044784546 0.03778656005859375
0 0.44776163101196287 0.9755812072753907 0.011429023742675782 0.016339721679687502
2 0.036981981992721555 0.3124015045166016 0.02352098226547241 0.03682052612304688
2 0.12387018203735352 0.6263079833984375 0.01829352378845215 0.03032196044921875
2 0.1536877155303955 0.5750200653076172 0.02114076614379883 0.0403802490234375
2 0.11894716024398803 0.5858514404296875 0.02067587375640869 0.0429840087890625
2 0.05712991803884506 0.2869400405883789 0.023319509625434876 0.03427604675292969
0 0.16303770542144774 0.932332000732422 0.01250615119934082 0.0180426025390625
2 0.09241644144058228 0.3215954208374024 0.02302870750427246 0.03347770690917969
2 0.062381905317306516 0.32388130187988284 0.025166475772857664 0.041654052734375
0 0.03782044649124146 0.6216583251953125 0.012698245048522948 0.0188214111328125
0 0.3822129726409912 0.6285760498046875 0.012166690826416016 0.0171856689453125
0 0.006420807540416717 0.6819820404052734 0.011832344532012939 0.018228454589843752
2 0.13701616525650023 0.5985625457763672 0.019607686996459962 0.029361877441406253
0 0.17357144355773926 0.5870050048828125 0.012733221054077148 0.017393798828125
