0 0.19056298732757568 0.753525390625 0.012025690078735352 0.0177874755859375
2 0.6363191604614258 0.42776138305664063 0.022804450988769532 0.033962097167968754
0 0.19415590763092042 0.5229915618896485 0.012089824676513672 0.019180755615234375
0 0.09105607271194457 0.7419973754882813 0.012107419967651366 0.0182025146484375
1 0.29733953475952146 0.5595965576171875 0.01857614517211914 0.12752349853515627
1 0.8775150299072265 0.2839655303955078 0.019020843505859374 0.13612762451171875
0 0.32612335681915283 0.22172554016113283 0.012040138244628906 0.018776092529296875
0 0.21421446800231933 0.6927171325683594 0.01091470718383789 0.01634613037109375
0 0.20755860805511475 0.7058304595947266 0.011672639846801757 0.014943084716796876
0 0.21412534713745116 0.7158411407470704 0.010845470428466796 0.015503234863281251
0 0.7743375778198243 0.5791610717773438 0.012595939636230468 0.019495849609375
0 0.710624885559082 0.8621467590332031 0.011221885681152344 0.01963653564453125
0 0.22311158180236815 0.7048585510253906 0.012239789962768555 0.016428985595703126
