1 0.2779124975204468 0.9027798461914063 0.061741399765014644 0.07961471557617188
1 0.7383648872375488 0.05897850036621094 0.05665245056152344 0.06451797485351562
0 0.5092722415924072 0.22565452575683595 0.01191568374633789 0.017855377197265626
2 0.5872071266174317 0.533111572265625 0.023717880249023438 0.03674163818359375
1 0.4000816822052002 0.8687623596191407 0.023351001739501952 0.13347503662109375
0 0.029191845655441282 0.2723581314086914 0.012536603212356567 0.019591522216796876
0 0.9577497482299805 0.2176638412475586 0.011340713500976563 0.018272171020507814
0 0.7009599685668946 0.2256401062011719 0.012739944458007812 0.01857635498046875
1 0.08153921961784363 0.3830783081054688 0.0351310133934021 0.05876754760742188
0 0.5896445274353027 0.7869574737548829 0.012041854858398437 0.01938934326171875
0 0.5783620834350586 0.7887845611572266 0.011476707458496094 0.01907012939453125
0 0.10396063625812531 0.42382263183593755 0.01242942214012146 0.01998931884765625
