2 0.2243028163909912 0.38578245374891496 0.023305988311767577 0.0387422349717882
0 0.23366217613220214 0.6693245781792535 0.012659454345703125 0.021319580078125
2 0.4449949264526367 0.05309371948242188 0.023546791076660155 0.041535441080729166
0 0.5648111820220947 0.04071095784505208 0.012423419952392578 0.021079508463541667
0 0.7761214256286622 0.19590030246310763 0.01163015365600586 0.01908806694878472
2 0.034435243159532544 0.6227574666341146 0.02080315202474594 0.0441864013671875
2 0.553860855102539 0.7677328321668837 0.020034980773925782 0.03825208875868056
0 0.5658864498138427 0.7988922119140626 0.010511302947998047 0.018488226996527777
0 0.6152703285217285 0.6562811957465278 0.013645553588867187 0.020653618706597224
0 0.45011425018310547 0.8455958048502604 0.013264846801757811 0.022153388129340278
2 0.19543893337249757 0.18388726976182726 0.01949162483215332 0.030975935194227432
0 0.5988954544067383 0.3345674302842882 0.010955047607421876 0.01855400933159722
