1 0.35039467811584474 0.5144303894042969 0.06318378448486328 0.0823602294921875
1 0.5792610168457031 0.631932373046875 0.07598609924316406 0.058580932617187505
0 0.6488323211669922 0.8288104248046876 0.011759090423583984 0.017581787109375
1 0.47003979682922364 0.49376892089843755 0.0773350715637207 0.0437542724609375
1 0.7562719345092773 0.6949340820312501 0.08787193298339843 0.05077362060546875
0 0.033184278011322024 0.3657395935058594 0.012220668792724609 0.018729248046875
0 0.7134160041809082 0.14421600341796875 0.013014984130859374 0.020156631469726564
0 0.38599705696105957 0.4761880493164063 0.011312198638916016 0.017563781738281253
0 0.5728166580200196 0.5321623992919923 0.011655235290527343 0.017332611083984376
0 0.5764045715332031 0.5137138366699219 0.011285400390625 0.016793670654296877
0 0.12606686353683472 0.4328240966796875 0.01149735450744629 0.017971801757812503
0 0.29421749114990237 0.9012834167480469 0.011528491973876953 0.018447265625
0 0.22537294238683128 0.7811213991769548 0.010288065843621385 0.015946502057613166
