2 0.5918761253356933 0.16044688754611547 0.022535991668701173 0.0410965813530816
2 0.30332307815551757 0.9718309190538195 0.027214717864990235 0.03938530815972222
2 0.09756711721420289 0.6790917290581597 0.023831820487976073 0.03857964409722223
0 0.6279124259948731 0.04442554050021701 0.012580204010009765 0.021489800347222223
2 0.028657614439725875 0.7614261203342014 0.024422086775302887 0.04216783311631945
2 0.09173659682273864 0.6377778795030382 0.021801888942718506 0.040959337022569445
2 0.04879916906356811 0.5926878187391493 0.023027515411376952 0.04063618977864583
0 0.3335883140563965 0.4843756781684028 0.012354373931884766 0.020960489908854168
2 0.8980634689331054 0.4572799682617188 0.021048927307128908 0.04200981987847222
2 0.07407107949256897 0.5969009399414062 0.021273541450500488 0.035809495713975695
0 0.5132887840270997 0.5661258273654514 0.011037445068359375 0.016962348090277777
2 0.8625767707824706 0.4644315931532118 0.021627426147460938 0.040169949001736115
0 0.5225362777709961 0.5632883707682292 0.010567760467529297 0.019213697645399305
2 0.881044578552246 0.4692682902018229 0.017456245422363282 0.029872979058159724
