2 0.8938357353210449 0.5952882554796007 0.023948860168457032 0.04724494086371528
2 0.6974265575408936 0.5180598788791233 0.0250701904296875 0.04784223768446181
2 0.5961225509643555 0.08053148057725695 0.02440814971923828 0.039704386393229166
2 0.25617878437042235 0.7372450086805555 0.02937326431274414 0.04818386501736111
2 0.5911033153533936 0.04061063130696615 0.02309141159057617 0.03806644015842014
2 0.011313292384147643 0.19227286444769967 0.02234233617782593 0.045929802788628474
2 0.9613140106201171 0.23487913343641495 0.022562599182128905 0.04033796522352431
2 0.16910030841827392 0.12617581685384116 0.02512874603271484 0.03792173597547743
1 0.6505167484283447 0.9614864773220486 0.06976871490478516 0.039933437771267365
0 0.9378164291381835 0.1245942857530382 0.01093120574951172 0.01957770453559028
0 0.24881143569946287 0.6265837775336371 0.01142106056213379 0.020208740234375
0 0.5568324089050293 0.06290045844184028 0.009820938110351562 0.01711188422309028
0 0.500546646118164 0.5521477593315972 0.012279701232910157 0.018224419487847223
0 0.23695054945054944 0.6363451363451363 0.009729853479853497 0.016280016280016223
0 0.3433344414893617 0.21178092986603625 0.010250443262411401 0.019700551615445216
