0 0.016578154265880586 0.19714080810546877 0.011363428831100465 0.01821075439453125
2 0.5629727840423584 0.8225443267822267 0.024678993225097656 0.03973159790039063
2 0.19315724372863768 0.8370421600341797 0.02207026481628418 0.03321182250976563
1 0.945659065246582 0.8663310241699219 0.08132820129394532 0.026534423828125
0 0.8673837661743163 0.5963603210449219 0.011672210693359376 0.01861083984375
1 0.044809409976005556 0.09515357971191407 0.06205349564552307 0.09043830871582031
0 0.8210582733154297 0.2700611877441406 0.0107635498046875 0.016346282958984375
2 0.009596916288137436 0.01809600830078125 0.0183695450425148 0.03400238037109375
0 0.6134540557861328 0.8130071258544922 0.011650466918945312 0.01605499267578125
1 0.5991125106811523 0.8956085205078126 0.04681835174560547 0.08864349365234375
