1 0.6468990325927735 0.5174205017089845 0.046446609497070315 0.10889251708984375
0 0.23064918518066405 0.8971127319335938 0.010986328125 0.017423095703125002
2 0.7904242992401123 0.696294174194336 0.022898387908935548 0.03827590942382813
2 0.15991570949554443 0.9211846923828125 0.01752305030822754 0.03258270263671875
2 0.6981345176696777 0.8069327545166016 0.023202896118164062 0.03616500854492188
1 0.26179914474487304 0.17502243041992188 0.08068714141845704 0.044542846679687505
2 0.7161620140075684 0.7730524444580079 0.026015472412109376 0.04253311157226563
1 0.5060951232910156 0.35802444458007815 0.08465862274169922 0.03759490966796875
1 0.012172392010688782 0.6632656860351563 0.02414718270301819 0.055803222656250005
1 0.49409856796264645 0.1893443298339844 0.07148761749267578 0.02772758483886719
0 0.18183250427246095 0.8534807586669922 0.009174442291259766 0.013926544189453126
