1 0.6599716186523438 0.3960905456542969 0.06888828277587891 0.060328063964843755
0 0.26003317832946776 0.28489715576171876 0.012256050109863281 0.018572998046875
1 0.22186028957366943 0.36864776611328126 0.08123421669006348 0.039361877441406255
2 0.34960737228393557 0.5520436096191407 0.021934032440185547 0.035223388671875
0 0.4104837417602539 0.16340702056884768 0.012761116027832031 0.017480697631835938
0 0.2349766731262207 0.25789947509765626 0.012316703796386719 0.017705230712890627
0 0.4934958457946777 0.32217884063720703 0.01080007553100586 0.017295608520507814
0 0.7657930374145507 0.14877136230468752 0.012246513366699218 0.01921844482421875
0 0.5835691452026367 0.07265522003173829 0.01014251708984375 0.015853271484375
0 0.4091886043548584 0.5851989746093751 0.011327552795410156 0.017197570800781253
1 0.8272972345352173 0.06158912658691407 0.08704867362976074 0.04607147216796875
