2 0.48134341239929196 0.17454609341091581 0.023442554473876952 0.04151340060763889
2 0.5967133522033692 0.7109403822157119 0.02455902099609375 0.038346354166666666
0 0.14174842834472656 0.7787263658311632 0.012656784057617188 0.020916578504774307
0 0.12951077222824098 0.8070041232638889 0.012910079956054686 0.022712537977430558
0 0.11958658695220947 0.6153462727864584 0.012758350372314453 0.021685791015625
0 0.8071083068847656 0.18727298312717014 0.013184738159179686 0.021903483072916667
0 0.42639589309692383 0.9795803493923612 0.011549091339111328 0.020391167534722223
0 0.7798269748687744 0.007789696587456598 0.01083078384399414 0.015579393174913195
0 0.08967430591583252 0.7447375827365452 0.01286025047302246 0.01996527777777778
0 0.5052632331848145 0.5111131456163195 0.011042404174804687 0.019283040364583334
2 0.5202665328979492 0.492333730061849 0.022106742858886717 0.048209465874565975
0 0.10232479572296142 0.7678619384765625 0.013620281219482422 0.02295498318142361
