0 0.6944856643676758 0.5278607177734376 0.012001991271972656 0.018227386474609378
1 0.7222166538238526 0.6875498962402344 0.026213932037353515 0.10157867431640626
1 0.606346607208252 0.8257118225097657 0.06026954650878906 0.06335845947265625
0 0.3092056751251221 0.9048231506347657 0.011797428131103516 0.01868438720703125
2 0.37656006813049314 0.22304878234863282 0.022508859634399414 0.03577384948730469
1 0.5064102172851562 0.4126914978027344 0.046474647521972653 0.111783447265625
1 0.11397035419940948 0.31668575286865236 0.061888450384140016 0.03504226684570313
1 0.5494863033294678 0.5795985412597656 0.06310806274414063 0.04042251586914063
0 0.9638489723205567 0.5133781433105469 0.011971664428710938 0.019978485107421878
1 0.7684538841247559 0.8993687438964845 0.05311574935913086 0.13966888427734375
0 0.2706126689910889 0.17832527160644532 0.011939048767089844 0.017953186035156252
0 0.4507443428039551 0.4623796081542969 0.012357139587402343 0.018029479980468752
0 0.580100679397583 0.05467849731445313 0.009812068939208985 0.014705657958984377
1 0.9847532272338867 0.9840431594848633 0.029458236694335938 0.03191368103027344
0 0.5691764831542969 0.046624031066894535 0.010477066040039062 0.014841232299804689
0 0.7286281108856201 0.9271004486083985 0.011629772186279298 0.01716552734375
0 0.15677783489227295 0.9346775817871095 0.009539604187011719 0.013737487792968751
0 0.9320913314819336 0.13174362182617189 0.0130279541015625 0.02282257080078125
