2 0.24947916666666667 0.8453703703703704 0.020833333333333332 0.040740740740740744
2 0.2661458333333333 0.8388888888888889 0.015625 0.03518518518518519
2 0.2828125 0.8398148148148148 0.025 0.044444444444444446
0 0.5161458333333333 0.9157407407407407 0.008333333333333333 0.018518518518518517
0 0.5755208333333334 0.8837962962962963 0.011458333333333333 0.017592592592592594
0 0.7276041666666666 0.47962962962962963 0.011458333333333333 0.020370370370370372
0 0.7674479166666667 0.6013888888888889 0.008854166666666666 0.017592592592592594
0 0.75859375 0.5888888888888889 0.0109375 0.018518518518518517
0 0.9833333333333333 0.8166666666666667 0.0125 0.022222222222222223
1 0.6768229166666666 0.4569444444444445 0.018229166666666668 0.08055555555555556
