0 0.5353232860565186 0.5833082411024306 0.01264810562133789 0.021343655056423612
2 0.36751322746276854 0.38326924641927085 0.02056465148925781 0.04008721245659722
2 0.3012364864349365 0.42386661105685763 0.02729482650756836 0.04364251030815972
2 0.39213085174560547 0.3827455308702257 0.02451610565185547 0.04217393663194444
0 0.5790063381195069 0.2408226013183594 0.012931251525878906 0.02009006076388889
0 0.2521256685256958 0.4212933010525174 0.011536836624145508 0.02040896945529514
2 0.13106225728988646 0.6273710462782118 0.02374997138977051 0.047936333550347224
1 0.2342893123626709 0.8963743421766494 0.04472475051879883 0.08122965494791667
0 0.43094382321618735 0.10812329901786773 0.009318423855165096 0.022186723464678745
2 0.1447061538696289 0.4958686828613281 0.030330920219421385 0.058869425455729166
2 0.13444201946258544 0.5762730916341146 0.02581615447998047 0.04790717230902778
2 0.1514909029006958 0.6059563530815972 0.021161580085754396 0.03820749918619792
0 0.8209928512573242 0.20507159762912328 0.01202850341796875 0.018310207790798613
0 0.928281021118164 0.2352084689670139 0.012060165405273438 0.02075229220920139
0 0.9389459609985351 0.22296490139431424 0.011260032653808594 0.019091457790798613
0 0.6602839946746826 0.8849577162000868 0.011255264282226562 0.01721564398871528
0 0.6727313995361328 0.4913516574435764 0.012452125549316406 0.021461317274305558
0 0.685658073425293 0.466650136311849 0.01233224868774414 0.020488315158420138
0 0.2569640948222233 0.9045905458281863 0.010410752663245551 0.017252312902032132
2 0.18355352878570558 0.47562883165147574 0.02142014503479004 0.04108462863498264
0 0.818406867980957 0.1861085679796007 0.011085891723632812 0.019244215223524305
0 0.4504175253188648 0.11207150443603749 0.010639922738202164 0.02198171009609452
0 0.25147260834427154 0.6835219938437096 0.00722010949554992 0.017128388442061382
0 0.8292604446411133 0.19261754353841146 0.010317039489746094 0.01951531304253472
0 0.6865572452545166 0.47580320570203993 0.013556861877441406 0.01875678168402778
0 0.9944340705871582 0.08259056939019098 0.009920120239257812 0.01975046793619792
0 0.8370969772338867 0.9601818508572049 0.012205123901367188 0.01916571723090278
2 0.1699817180633545 0.48333901299370663 0.027619004249572754 0.037346733940972224
0 0.688670301437378 0.48460854424370664 0.011582565307617188 0.017872789171006945
0 0.6805555555555555 0.49804275820535976 0.009485094850948528 0.018669075579644655
0 0.2614228327695354 0.6801766359372019 0.012427390527256558 0.02134842617416342
0 0.24658203125 0.9040909900284901 0.009390024038461528 0.020477207977208003
0 0.675855352303523 0.46815718157181574 0.011432926829268315 0.01761517615176155
0 0.4407614483493078 0.10723583007928056 0.009651224707135243 0.02100343154656254
