1 0.8478307723999023 0.27210502624511723 0.09275131225585938 0.032946166992187505
0 0.13946934938430786 0.4300389099121094 0.01239759922027588 0.018872680664062502
2 0.08580950498580933 0.3464854621887207 0.022452282905578613 0.035765037536621094
1 0.07149550914764405 0.7632144165039063 0.0900221586227417 0.0444647216796875
2 0.6376764297485351 0.9079147338867188 0.02523040771484375 0.04165786743164063
0 0.7589685440063476 0.5834971618652344 0.01054553985595703 0.016046600341796877
0 0.3843656539916992 0.5679153442382813 0.01177682876586914 0.018070983886718753
0 0.47362680435180665 0.6909115600585938 0.01132659912109375 0.01772979736328125
0 0.7866071224212646 0.6291202545166016 0.012807273864746093 0.018234405517578125
0 0.9765499114990234 0.45470108032226564 0.011315727233886718 0.0173931884765625
0 0.5294939041137695 0.8280178833007813 0.01250629425048828 0.018011627197265626
0 0.6841646194458008 0.08884246826171875 0.011511611938476562 0.018650665283203128
0 0.07857998609542846 0.4487492370605469 0.009917593002319336 0.014500122070312501
0 0.9717084884643554 0.535517578125 0.011526870727539062 0.018082122802734375
0 0.9610917091369628 0.5288953399658204 0.011165046691894531 0.01827545166015625
1 0.9948551177978515 0.7698167419433595 0.010289764404296875 0.1217620849609375
0 0.24755425453186033 0.3082121276855469 0.008974838256835937 0.013570709228515625
0 0.6294231574539364 0.7610971524288108 0.009945561139028551 0.015494137353433834
