1 0.24053616523742674 0.5317674424913195 0.04884824752807617 0.08505927191840278
2 0.7429255485534668 0.2653209686279297 0.02326374053955078 0.04026175604926215
0 0.40343923568725587 0.8023987664116754 0.012034225463867187 0.02002631293402778
1 0.3781248092651367 0.4113616943359375 0.01684536933898926 0.1501897176106771
1 0.21839418411254882 0.972991222805447 0.03694663047790527 0.0540175543891059
0 0.9567861557006836 0.13912527296278213 0.012211227416992187 0.020240444607204863
0 0.10368776321411133 0.8244727240668404 0.013344287872314453 0.02110934787326389
0 0.4295067310333252 0.09294200473361545 0.012851715087890625 0.019397396511501738
0 0.4800072193145752 0.1530088636610243 0.010686206817626952 0.020593770345052085
0 0.18310699462890626 0.024236043294270836 0.010558176040649413 0.017617967393663194
0 0.7108379364013672 0.34122729831271703 0.011187362670898437 0.018864610460069445
0 0.13454074859619142 0.33918906317816844 0.01124587059020996 0.023058912489149305
0 0.17235301733016967 0.01517884996202257 0.011845874786376952 0.01941477457682292
0 0.4156329154968262 0.0870690663655599 0.012700271606445311 0.023066541883680555
0 0.015217018127441405 0.424672359890408 0.011440849304199219 0.01791314019097222
0 0.6809531211853027 0.3081932915581597 0.011305618286132812 0.017785474989149307
0 0.6807742118835449 0.28720160590277777 0.011500930786132813 0.016237046983506944
0 0.11581833362579345 0.8521748860677084 0.01356043815612793 0.02213134765625
0 0.29831771850585936 0.4716451856825087 0.011356353759765625 0.021984185112847224
0 0.07330299615859985 0.15054711235894097 0.011681175231933594 0.019662645128038194
0 0.09527707099914551 0.1404356214735243 0.010869145393371582 0.020495690239800347
0 0.3614708423614502 0.02996741400824653 0.010425186157226563 0.016441175672743055
0 0.5790986084131803 0.8866153383280599 0.012135696411132813 0.01764492458767361
0 0.03208397328853607 0.7207053290473091 0.011941999197006226 0.021314832899305556
0 0.15884379148483277 0.3350436740451389 0.010726189613342286 0.02276611328125
0 0.9186855316162109 0.6765436808268229 0.012923240661621094 0.022557915581597223
0 0.09718003140555488 0.159628517245069 0.011803131633334699 0.013701478934582378
0 0.09815189507272509 0.1767252321596499 0.012029543187883155 0.021549535680700234
0 0.08414291739463806 0.14036941528320312 0.011042356491088867 0.021988423665364583
0 0.026370054483413695 0.42092073228624133 0.011408805847167969 0.01625620524088542
0 0.5687173843383789 0.8877414279513889 0.00960540771484375 0.015916612413194444
0 0.503382682800293 0.05813056098090278 0.013861846923828124 0.021242607964409722
0 0.023744713928964403 0.4403485992808401 0.010561787419848975 0.0180296532901717
0 0.561435317993164 0.9074126349555122 0.01122875213623047 0.016994730631510416
0 0.5729355452717215 0.9038425130224714 0.009322146171532944 0.01571808721324283
0 0.6735132217407227 0.3037795172797309 0.011745452880859375 0.01860928005642361
0 0.017393944039940833 0.1459771474202474 0.011103283613920212 0.020882076687282987
0 0.08908347189426422 0.17617015603147906 0.009981179899639543 0.01976616941852335
0 0.556243896484375 0.24699105156792536 0.01144857406616211 0.016189744737413195
0 0.4458279079861111 0.5224247685185185 0.011664496527777738 0.0178433641975309
0 0.5843900966183574 0.9021739130434783 0.008152173913043488 0.01583467525496516
0 0.36418876262626265 0.012345679012345678 0.009311868686868684 0.014029180695847361
