1 0.7402541160583496 0.4496994018554688 0.04358329772949219 0.09672195434570313
1 0.06948032528162003 0.04784992218017579 0.05540134608745575 0.0691455078125
1 0.1828186631202698 0.6667451477050782 0.0730029821395874 0.05209320068359375
0 0.6771172523498535 0.9895042419433594 0.013824081420898438 0.019171142578125
0 0.7816135883331299 0.09764987945556641 0.012019729614257813 0.021632461547851565
0 0.5654103279113769 0.7139981079101563 0.012194633483886719 0.0185430908203125
0 0.4607078552246094 0.1467851257324219 0.01078329086303711 0.017377166748046877
2 0.036585631966590884 0.949723358154297 0.022926628589630127 0.03139129638671875
0 0.44628286361694336 0.3224253845214844 0.011512565612792968 0.016836090087890627
0 0.49390382766723634 0.32148567199707034 0.012349510192871093 0.018747100830078127
0 0.027060221880674362 0.9289182281494142 0.01085984855890274 0.016607666015625
0 0.16300587654113768 0.6013249206542969 0.009165239334106446 0.0130023193359375
0 0.6490203380584717 0.7341001892089845 0.011800003051757813 0.0184368896484375
0 0.6370210647583008 0.7350140380859376 0.012308311462402344 0.019151000976562502
0 0.8686208010335917 0.3583656330749354 0.010497416020671816 0.014534883720930244
