1 0.19643397331237794 0.4735017395019532 0.031062602996826172 0.0926641845703125
1 0.6481884479522705 0.7249873352050782 0.07088537216186523 0.06337615966796875
0 0.677938175201416 0.5555630493164063 0.011521530151367188 0.017683258056640627
2 0.7846614837646484 0.024170751571655276 0.02476215362548828 0.04428514480590821
0 0.34145445823669435 0.8048726654052735 0.012873125076293944 0.020762786865234376
2 0.45915946960449217 0.7253042602539063 0.022339534759521485 0.034839477539062504
0 0.0332449734210968 0.8470495605468751 0.011191761493682862 0.016748046875000002
0 0.7891801834106446 0.43193572998046875 0.010938644409179688 0.017129211425781252
0 0.5704540252685547 0.7852568054199219 0.01228504180908203 0.018853149414062503
0 0.34612016677856444 0.5530107116699219 0.012540340423583984 0.017849578857421874
0 0.6615180015563965 0.19936241149902345 0.01266794204711914 0.019773406982421877
0 0.7332165718078614 0.5286651611328126 0.009090614318847657 0.013146057128906251
0 0.6107046127319335 0.16120826721191409 0.008428382873535156 0.013031387329101564
0 0.4363073348999023 0.7755659484863282 0.011524009704589843 0.01907989501953125
0 0.7285149097442627 0.4855039978027344 0.01121826171875 0.0175439453125
0 0.44771385192871094 0.7743177032470704 0.010917377471923829 0.01762969970703125
0 0.7187585830688477 0.48275161743164063 0.011192893981933594 0.018606414794921877
0 0.3513629913330078 0.5677523803710938 0.010547399520874023 0.014820098876953127
0 0.7203621031746031 0.4994047619047619 0.011160714285714354 0.014682539682539662
