1 0.5130632877349853 0.24770897759331598 0.03759622573852539 0.13172412448459203
2 0.8623302459716796 0.9319237603081597 0.030829620361328126 0.0442903306749132
0 0.6539350032806397 0.5372770521375868 0.012588024139404297 0.01724039713541667
0 0.6540014266967773 0.5177482604980469 0.012549018859863282 0.021083577473958334
0 0.036770039796829225 0.8961924235026042 0.01429392099380493 0.022880215115017363
0 0.3260066032409668 0.23734707302517363 0.012106227874755859 0.020234510633680557
0 0.04567251205444336 0.46200705634223094 0.011528730392456055 0.02223849826388889
0 0.2774837493896484 0.9185175577799479 0.01619234085083008 0.021425713433159722
0 0.6253207206726075 0.3568400065104167 0.013121604919433594 0.022066243489583335
0 0.4333738327026367 0.3428005642361111 0.009971046447753906 0.014605373806423612
0 0.025535618513822553 0.4844935099283854 0.012287367880344392 0.020255703396267363
