1 0.8936748504638672 0.8289448547363282 0.07558479309082031 0.08255554199218751
1 0.16890616416931153 0.07493278503417969 0.0742992877960205 0.07866973876953126
1 0.26795454025268556 0.5939947509765625 0.060751008987426754 0.027748413085937503
0 0.7601317405700684 0.7843881225585938 0.012228584289550782 0.018933715820312502
1 0.661556339263916 0.2752373504638672 0.046504878997802736 0.12933761596679688
0 0.6411563396453858 0.7834053039550781 0.011217689514160157 0.01708038330078125
0 0.4771255493164062 0.49023696899414065 0.012250518798828125 0.017939605712890626
0 0.27051963806152346 0.48587539672851565 0.01149435043334961 0.01821441650390625
1 0.2702176570892334 0.09722930908203126 0.025576686859130858 0.1415062713623047
1 0.8153687477111816 0.6909837341308595 0.020880699157714844 0.08197296142578125
0 0.057601332664489746 0.5257972717285156 0.010495138168334962 0.016011352539062502
1 0.6771279335021972 0.36132102966308594 0.06093521118164062 0.08356781005859376
0 0.34625606536865233 0.415721435546875 0.010258197784423828 0.014832458496093751
0 0.18204779624938966 0.839947509765625 0.013222360610961914 0.01890594482421875
0 0.004107761383056641 0.5950767517089844 0.008053179085254668 0.015982513427734376
0 0.3446180555555555 0.40046296296296297 0.009837962962962975 0.013888888888888859
