1 0.7414456367492676 0.353055648803711 0.05331344604492187 0.0833245849609375
1 0.761255931854248 0.09362464904785157 0.0630563735961914 0.074141845703125
2 0.3443826913833618 0.48703491210937505 0.024637126922607423 0.03192230224609375
0 0.8266475677490234 0.7766323852539063 0.012641525268554688 0.017977447509765626
0 0.4109030723571777 0.5357016754150391 0.011905097961425781 0.019283905029296878
1 0.02299121618270874 0.17828102111816407 0.04598243236541748 0.05904998779296875
0 0.42090730667114257 0.21255908966064455 0.012848949432373047 0.01871307373046875
0 0.9402366638183594 0.11114643096923829 0.011160469055175782 0.0170733642578125
0 0.9314647674560547 0.12334434509277345 0.011493682861328125 0.017670822143554688
0 0.5788094520568847 0.5045111083984375 0.014016246795654297 0.021737518310546877
0 0.2809103488922119 0.5816248321533204 0.01141061782836914 0.018223114013671875
0 0.15184296369552613 0.8609478759765625 0.011783266067504882 0.019151000976562502
0 0.4014155864715576 0.19864913940429688 0.011812400817871094 0.01864654541015625
