1 0.7368309020996093 0.23779415130615236 0.07031393051147461 0.07476051330566406
1 0.08658859729766846 0.8448342895507813 0.039097929000854494 0.12139007568359375
1 0.17701253890991211 0.6764315795898438 0.06708307266235351 0.08462997436523438
1 0.33773956298828123 0.56404296875 0.08599300384521484 0.040156402587890626
1 0.3850714206695557 0.4995626831054688 0.06332969665527344 0.058377685546875
1 0.40140819549560547 0.9209887695312501 0.07978878021240235 0.031358642578125005
0 0.5390053749084472 0.9667329406738282 0.01126689910888672 0.0175439453125
0 0.12642959356307984 0.6052960205078125 0.011154937744140624 0.0161993408203125
0 0.8711089134216309 0.09249763488769532 0.012912559509277343 0.01862335205078125
2 0.3593050894854587 0.4759507829977629 0.023070469798657692 0.03020134228187923
2 0.35633389261744974 0.5067114093959733 0.02272091722595082 0.02796420581655487
0 0.8035864093959733 0.4007270693512304 0.013282997762863501 0.015100671140939615
