1 0.32836499214172366 0.18867022196451824 0.041135311126708984 0.128422122531467
1 0.08459764122962951 0.4493190341525608 0.03705099821090698 0.05521952311197917
1 0.2624909581364812 0.18647870867897526 0.08734916480811865 0.03478365704979075
2 0.5932974815368652 0.1497411092122396 0.02324542999267578 0.04483795166015625
0 0.18349835872650147 0.11148927476671007 0.011684942245483398 0.019521247016059028
1 0.2861461162567139 0.5257188585069444 0.05393495559692383 0.06953328450520833
0 0.20276966094970703 0.028009965684678822 0.011378335952758788 0.01922641330295139
0 0.7841532707214356 0.48752407497829864 0.012190532684326173 0.021180216471354166
0 0.5005630493164063 0.7996934678819445 0.012360954284667968 0.02214152018229167
2 0.30698667417417413 0.19052385719052392 0.01900337837837842 0.04170837504170837
