0 0.045675146579742434 0.043814468383789065 0.013008451461791993 0.020251846313476565
0 0.9221261978149414 0.49339141845703127 0.011928939819335937 0.016614379882812502
0 0.7424613952636718 0.15757625579833986 0.013142204284667969 0.021795730590820316
0 0.7320241928100586 0.31218330383300785 0.011536598205566406 0.017848358154296876
0 0.630556869506836 0.4257962036132813 0.011340999603271484 0.017564392089843752
1 0.8065685033798218 0.8416055297851563 0.05792202949523926 0.07297698974609375
0 0.7062163352966309 0.8778336334228516 0.013010215759277343 0.02077728271484375
0 0.9630746841430664 0.7437646484375 0.012125587463378907 0.018433532714843753
2 0.7062802314758301 0.8775338745117188 0.013511085510253906 0.020997619628906252
0 0.8739542007446289 0.04086254119873047 0.012372589111328125 0.019255218505859376
0 0.7993197278911564 0.6784013605442177 0.009353741496598645 0.015306122448979618
