1 0.5367939949035645 0.4021237182617188 0.038855361938476565 0.11790985107421875
1 0.6850280284881591 0.7665512847900391 0.06009111404418945 0.0763232421875
2 0.6931557655334473 0.8732289123535156 0.028032493591308594 0.04217376708984375
0 0.8049121856689453 0.6658779907226563 0.0112579345703125 0.017987518310546877
1 0.7608159065246582 0.3341861343383789 0.04006185531616211 0.10378944396972657
0 0.4054840087890625 0.06772632598876954 0.011352062225341797 0.018136825561523438
0 0.8855765342712402 0.8803033447265626 0.010581588745117188 0.016317291259765627
0 0.19028403759002685 0.930406494140625 0.01019129753112793 0.015486907958984376
1 0.6931900978088379 0.03497269630432129 0.019891357421875 0.06797163009643555
0 0.01903223544359207 0.6434174346923829 0.011637219786643982 0.017821502685546876
0 0.05467072576284408 0.8661189270019531 0.013054040074348449 0.0185198974609375
0 0.9119757652282715 0.11183372497558594 0.0125213623046875 0.01946136474609375
0 0.05648161172866821 0.37582862854003907 0.009679031372070313 0.014832458496093751
0 0.05317108035087585 0.8932878112792969 0.011988699436187744 0.020516967773437502
0 0.9291157722473145 0.50271728515625 0.0117828369140625 0.017805023193359377
0 0.16992290019989015 0.5764459991455079 0.011541223526000977 0.017181396484375
0 0.7461612224578857 0.5872741699218751 0.011434459686279297 0.016442871093750002
0 0.038367333596630186 0.885871831048509 0.013641905784606933 0.0249163818359375
0 0.20798919200897217 0.5322648620605469 0.011568641662597657 0.01791961669921875
0 0.5886428356170654 0.646185302734375 0.011634254455566406 0.017240447998046877
0 0.1851322889328003 0.6216134643554688 0.011725139617919923 0.017899169921875
0 0.03733643889427185 0.8646438598632813 0.012596333026885986 0.017937622070312503
0 0.23637721538543702 0.8243453979492188 0.01150655746459961 0.017480773925781252
0 0.4734809875488281 0.9066883850097657 0.011125755310058594 0.016698303222656252
0 0.5107560634613038 0.3417471313476563 0.011933517456054688 0.018144531250000002
0 0.2042190134525299 0.06560798645019532 0.008841121196746826 0.013995513916015626
0 0.3630941390991211 0.9721952819824219 0.012445163726806641 0.0185833740234375
0 0.5219770551801801 0.33868243243243246 0.008973817567567603 0.017454954954954947
0 0.06967905405405406 0.5192849099099099 0.009501689189189196 0.01604729729729731
0 0.3115505642361111 0.7098524305555557 0.011664496527777738 0.01605902777777781
0 0.37529839409722227 0.9696180555555557 0.009494357638888869 0.01736111111111124
