1 0.35120272636413574 0.33224182128906254 0.059948158264160153 0.06640487670898437
1 0.28900794982910155 0.5325675201416016 0.03525190353393555 0.12935409545898438
0 0.06666982769966126 0.5682695007324219 0.011220443248748779 0.017951202392578126
2 0.8647035598754883 0.7180854797363282 0.02140388488769531 0.034366149902343754
0 0.8724010467529296 0.2843955993652344 0.011387252807617187 0.017274780273437502
0 0.8835225105285645 0.2808873748779297 0.013093948364257812 0.018229522705078126
0 0.6019564151763916 0.184598388671875 0.01248760223388672 0.017493438720703126
0 0.8953428268432617 0.24712127685546875 0.01041259765625 0.014345474243164064
0 0.8719828605651855 0.23398311614990236 0.010010147094726562 0.017795486450195314
0 0.07739524841308594 0.756332015991211 0.011256742477416991 0.01876678466796875
0 0.8803934097290039 0.2439196014404297 0.011564254760742188 0.01602142333984375
0 0.9449168138987043 0.3998822143698469 0.011962603062426306 0.020612485276796235
0 0.8841835983510011 0.49146054181389864 0.011594522968197888 0.01590106007067135
0 0.8872277178257394 0.26009192645883294 0.008618105515587497 0.016187050359712223
