2 0.5927657127380371 0.6378458658854167 0.02304105758666992 0.04206882052951389
2 0.08361338376998902 0.6018477545844184 0.02070193290710449 0.04124264187282986
0 0.24022998809814453 0.5553597344292535 0.011187267303466798 0.0191192626953125
0 0.18148500919342042 0.09013315836588542 0.01203608512878418 0.02092658148871528
0 0.8178859710693359 0.35297037760416666 0.011967086791992187 0.02081332736545139
0 0.9835810661315918 0.6071400960286458 0.01282196044921875 0.021798706054687502
0 0.8707822799682617 0.8744671291775173 0.012654876708984375 0.021404690212673612
0 0.6040994167327881 0.3409674750434028 0.011904239654541016 0.01973029242621528
0 0.10799963474273681 0.7265414767795139 0.011675882339477538 0.02020721435546875
0 0.4210807800292969 0.5851587931315104 0.012465858459472656 0.020435587565104166
0 0.051027160882949826 0.8007339477539063 0.011902427673339844 0.020992702907986112
0 0.06579462885856628 0.03551504347059462 0.012546324729919433 0.021668243408203124
0 0.16515134572982787 0.5694463094075521 0.012440252304077148 0.020259602864583334
0 0.5395345687866211 0.13183776007758247 0.011081695556640625 0.019170125325520836
0 0.21372556686401367 0.9847687615288628 0.011916160583496094 0.020649380154079862
0 0.8810951232910156 0.9414349026150174 0.012119483947753907 0.02026740180121528
0 0.7283036231994628 0.9889141930474176 0.013561248779296875 0.022171613905164932
0 0.7012528896331787 0.7911478678385417 0.011747360229492188 0.020393541124131945
0 0.1680891513824463 0.774087863498264 0.01167914867401123 0.017541673448350694
0 0.7860336303710938 0.8743198818630643 0.012368011474609374 0.01859079996744792
0 0.8765011787414551 0.21389940049913195 0.011100006103515626 0.01898040771484375
0 0.14747085571289062 0.6315299140082465 0.011938834190368652 0.020090738932291668
0 0.16072733402252198 0.7563774956597222 0.010756111145019532 0.018176099989149305
0 0.17028822898864746 0.7547961764865452 0.010195207595825196 0.015236070421006945
0 0.29525127410888674 0.901287333170573 0.014026260375976563 0.021565416124131945
0 0.4111339569091797 0.5468741522894965 0.012294387817382813 0.02013888888888889
0 0.7807311534881591 0.8938939412434896 0.012349796295166016 0.0209564208984375
0 0.29837965965270996 0.9456920199924046 0.012186336517333984 0.020730760362413194
0 0.4010649181547619 0.541087962962963 0.009300595238095255 0.020667989417989405
0 0.1782796451914099 0.7640315385413424 0.009628851540616257 0.015561780267662619
