1 0.14008491039276122 0.8115985446506077 0.01441819667816162 0.11084425184461806
0 0.7780816078186035 0.8239288330078125 0.012621116638183593 0.021115790473090278
0 0.27877535820007326 0.20145479838053387 0.01250009536743164 0.021001349555121528
1 0.38678750991821287 0.9770355224609375 0.04674577713012695 0.045928955078125
2 0.49714698791503903 0.16570010715060765 0.024009895324707032 0.043662346733940975
0 0.4890584945678711 0.21827659606933594 0.011517143249511719 0.017666202121310766
0 0.8973114967346191 0.6317437065972222 0.011965370178222657 0.021762932671440974
0 0.5945436954498291 0.901799774169922 0.011818695068359374 0.020897759331597224
0 0.4887509822845459 0.238718499077691 0.011492156982421875 0.01802758110894097
0 0.8272011756896972 0.6538882785373265 0.012680816650390624 0.021002027723524306
0 0.3571901798248291 0.2870238410101997 0.009955215454101562 0.014336310492621528
0 0.3614262235303028 0.2714717027823394 0.010420417785644532 0.018490091959635416
0 0.349554311774461 0.27542841348811503 0.0103648424543947 0.01842638658559058
