2 0.3454915523529053 0.94682373046875 0.02514338493347168 0.041918792724609376
1 0.7250156879425049 0.3149041748046875 0.054771804809570314 0.07491058349609375
0 0.757179069519043 0.05067543029785156 0.012756156921386718 0.019116210937500003
2 0.26254706382751464 0.8576190185546876 0.023603248596191406 0.0354205322265625
1 0.40715445280075074 0.6870499420166016 0.06828405857086181 0.024089813232421875
2 0.4887327194213867 0.5721464538574219 0.022911739349365235 0.04129425048828125
2 0.20985691547393798 0.9289771270751954 0.022672462463378906 0.03391891479492188
2 0.2337484359741211 0.9046571350097656 0.025438976287841798 0.036547851562500004
2 0.21245946884155273 0.8706568908691407 0.021622467041015624 0.03251663208007813
2 0.19614454507827758 0.8978575134277345 0.020771718025207518 0.043498840332031254
2 0.5024245262145997 0.6048908996582032 0.021469497680664064 0.044512023925781255
2 0.23639154434204102 0.8650733947753907 0.024363327026367187 0.03413360595703125
0 0.016140425577759743 0.916978759765625 0.011365460604429245 0.017824859619140626
0 0.02775251269340515 0.9219189453125001 0.011886888742446899 0.0182177734375
0 0.022156998158379373 0.9399171270718232 0.010359116022099445 0.014272559852670385
0 0.014963167587476981 0.8998618784530387 0.010934622467771639 0.016114180478821256
