1 0.6769251823425293 0.53565185546875 0.05372219085693359 0.08308746337890625
0 0.8064001083374023 0.35448608398437503 0.011441802978515625 0.01736358642578125
2 0.889363956451416 0.21077552795410157 0.026330947875976562 0.042002410888671876
1 0.3229670524597168 0.06650917053222656 0.0906834602355957 0.04473983764648438
0 0.16959298849105836 0.5217613220214844 0.012073945999145509 0.020224609375
0 0.781494140625 0.13184707641601565 0.011510562896728516 0.01750457763671875
0 0.9697843551635742 0.7056349182128907 0.01175098419189453 0.018145751953125
0 0.881047248840332 0.06325439453125001 0.010958480834960937 0.0174639892578125
0 0.2135756254196167 0.587027816772461 0.011768341064453125 0.018915100097656252
0 0.8513227462768554 0.3692222595214844 0.011220932006835938 0.0172412109375
0 0.536829662322998 0.7783897399902344 0.01254434585571289 0.01923797607421875
0 0.8935645103454589 0.6096379089355469 0.012218666076660157 0.016991882324218752
