1 0.316092848777771 0.7562325371636285 0.06098508834838867 0.11548461914062501
1 0.02001164257526398 0.42675264146592884 0.04002328515052796 0.08490464952256944
0 0.47796859741210934 0.9823097229003906 0.011803436279296874 0.020663621690538196
2 0.9619464874267578 0.8480226304796007 0.028034210205078125 0.04394565158420139
2 0.3537344217300415 0.37269490559895835 0.025222587585449218 0.041583251953125004
0 0.7275522232055665 0.8254748874240452 0.011199188232421876 0.018132527669270836
0 0.34084477424621584 0.3083855946858724 0.0125213623046875 0.019944593641493057
0 0.6129657745361328 0.43433142768012156 0.01091938018798828 0.019091118706597222
0 0.7554048538208008 0.33463160196940106 0.012881660461425781 0.023927307128906252
0 0.7197893619537353 0.8425686306423611 0.009811115264892579 0.017136467827690974
0 0.340444540977478 0.3320985582139757 0.01097278594970703 0.01971249050564236
0 0.33606433868408203 0.8269685533311633 0.012319469451904297 0.021630181206597224
0 0.17700822353363038 0.9244244045681423 0.011964511871337891 0.019797770182291667
1 0.2731515407562256 0.12169825236002604 0.02766904830932617 0.05538533528645834
0 0.24197964668273925 0.39778883192274306 0.009935665130615234 0.018412272135416668
0 0.6138873100280762 0.9284388224283855 0.00939178466796875 0.016497633192274305
0 0.04446580410003662 0.36140696207682294 0.01224139928817749 0.020490349663628473
