1 0.5745683670043945 0.31774673461914066 0.058141326904296874 0.13210296630859375
0 0.39497947692871094 0.49250115288628477 0.012552642822265625 0.021113755967881946
0 0.18351117372512818 0.886478508843316 0.012247776985168457 0.020305379231770834
0 0.22793939113616943 0.7164738972981771 0.012417173385620118 0.019619072808159724
0 0.4227391242980957 0.2306303236219618 0.012486648559570313 0.019643063015407986
0 0.26906747817993165 0.04905933803982205 0.01261749267578125 0.01757693820529514
0 0.8491405487060547 0.07437989976671007 0.012273406982421875 0.018936326768663195
0 0.4464106559753418 0.12784737481011285 0.010769462585449219 0.021246507432725697
0 0.37073564529418945 0.5487528483072917 0.013123512268066406 0.019836256239149308
0 0.369173002243042 0.5694644504123264 0.012954807281494141 0.02104763454861111
0 0.43599662780761717 0.1355439927842882 0.011725425720214844 0.02029910617404514
0 0.2641064940962761 0.06603505400887578 0.008231153496821086 0.016683550272691455
0 0.7700813293457032 0.9523588392469619 0.013290500640869141 0.02088656955295139
0 0.49845597313759016 0.1549851100181212 0.011076775529330795 0.017863252534072286
0 0.5620182037353516 0.8676786634657119 0.012470436096191407 0.020096842447916666
0 0.43572492599487306 0.12099372016059028 0.011490249633789062 0.01705822414822049
0 0.49868154525756836 0.1383099873860677 0.011722373962402343 0.01859978569878472
0 0.5080083020050126 0.14529379003063214 0.009202694235588933 0.019145084934558635
0 0.27368585376930066 0.06819557977596123 0.009224568574023569 0.014885457664749214
