0 0.516093111038208 0.9541729736328126 0.013303947448730468 0.020085449218750002
0 0.33591105937957766 0.9639582061767579 0.012699413299560546 0.019631805419921877
2 0.9565670013427734 0.07102874755859376 0.02274017333984375 0.037525177001953125
0 0.5186808586120606 0.7737530517578125 0.012329769134521485 0.017945251464843753
2 0.390938925743103 0.13034751892089844 0.022821569442749025 0.03811050415039063
0 0.4054835319519043 0.4109574127197266 0.010592842102050781 0.016645050048828127
0 0.12884256839752198 0.5236997985839844 0.012366080284118652 0.0184747314453125
0 0.629330062866211 0.76774169921875 0.013473320007324218 0.018861694335937502
1 0.14363900423049927 0.8341314697265626 0.018973898887634278 0.0935638427734375
1 0.2675095319747925 0.19711959838867188 0.02952442169189453 0.12850601196289063
2 0.3463681697845459 0.36018157958984376 0.02372140884399414 0.03589752197265625
0 0.14387137889862062 0.23901973724365236 0.01245737075805664 0.0199847412109375
2 0.33073241710662843 0.3893355560302735 0.025258398056030272 0.04102157592773438
0 0.4881829261779785 0.32583816528320314 0.012547874450683593 0.019123992919921878
0 0.07904524803161621 0.43290496826171876 0.009670722484588622 0.014628295898437501
0 0.5362479209899902 0.49470352172851567 0.011491966247558594 0.017423400878906252
0 0.46826634407043455 0.8227066040039063 0.011349296569824219 0.01742523193359375
0 0.7918369770050049 0.42920425415039065 0.011555767059326172 0.015661010742187502
0 0.18052501678466798 0.4748983764648438 0.009125041961669921 0.01332611083984375
0 0.19526031017303466 0.9389572143554689 0.012047672271728515 0.019067382812500002
0 0.7739677429199219 0.45781623840332036 0.012573623657226562 0.018963623046875003
0 0.7155286788940429 0.5945826721191406 0.011093902587890624 0.016228637695312503
0 0.7561896324157715 0.09970890045166016 0.013226509094238281 0.02045829772949219
0 0.6317399024963379 0.05057823181152344 0.012238216400146485 0.01766632080078125
0 0.7269365310668945 0.6031031036376954 0.01157379150390625 0.018097839355468753
0 0.7882593154907227 0.44603889465332036 0.012472915649414062 0.0192254638671875
0 0.6661710262298584 0.3676689910888672 0.008144474029541016 0.012135314941406251
0 0.7848540306091308 0.4644120788574219 0.0121185302734375 0.0170770263671875
0 0.9675312042236328 0.03960983276367188 0.011670303344726563 0.017279510498046876
0 0.3169057846069336 0.10064132690429688 0.012259244918823242 0.019680023193359375
0 0.7137287139892579 0.5779901885986328 0.012256431579589843 0.017658996582031253
0 0.7796835839598998 0.48041979949874686 0.010573308270676662 0.017230576441102794
0 0.72671914160401 0.5781641604010025 0.011160714285714354 0.015977443609022545
0 0.7364113408521303 0.5794172932330827 0.010181704260651615 0.015977443609022545
0 0.6711180795847751 0.35611303344867357 0.007569204152249161 0.013840830449827025
0 0.936698717948718 0.06801994301994303 0.010461182336182281 0.015669515669515674
