1 0.5357298851013184 0.21440704345703127 0.06347084045410156 0.05716552734375
1 0.7133755683898926 0.0659397029876709 0.02971200942993164 0.11673219680786133
2 0.48423051834106445 0.8279884338378907 0.022748947143554688 0.034029235839843755
1 0.6017029285430908 0.15192317962646484 0.04184770584106445 0.10934181213378907
0 0.5092742919921875 0.8462579345703125 0.012481498718261718 0.019286346435546876
0 0.4760412216186523 0.6915452575683594 0.012093925476074218 0.0185455322265625
0 0.8973181724548339 0.9020577239990235 0.01329803466796875 0.018052062988281253
1 0.3259262561798096 0.2515776824951172 0.07263927459716797 0.026820831298828125
1 0.7524888038635253 0.193754997253418 0.06260604858398437 0.089561767578125
2 0.01604197360575199 0.04727981567382813 0.021518640965223313 0.038919067382812506
0 0.47406301498413084 0.8832691955566406 0.011736011505126953 0.01953765869140625
0 0.5923242568969727 0.5228919982910156 0.011242294311523437 0.01771881103515625
0 0.8817222595214843 0.047426452636718755 0.011299705505371094 0.01627960205078125
1 0.7517794609069824 0.13185924530029297 0.053948974609375 0.14260444641113282
1 0.5513484954833985 0.9417543029785157 0.08429584503173829 0.024743957519531252
