2 0.904692268371582 0.5686430189344618 0.023994255065917968 0.040709771050347225
2 0.08823049664497376 0.23372912936740453 0.02574557065963745 0.051625400119357644
2 0.3164695978164673 0.16318940056694878 0.02050919532775879 0.045417446560329866
2 0.3657327890396118 0.13976881239149305 0.022696971893310547 0.039740668402777776
2 0.021385955810546874 0.2210751003689236 0.025431954860687254 0.04270595974392361
2 0.17835829257965088 0.46282501220703126 0.02107980251312256 0.03393012152777778
2 0.19941906929016112 0.19482286241319446 0.025786209106445312 0.037831878662109374
2 0.17593011856079102 0.3951636420355903 0.026474189758300782 0.038605753580729166
2 0.23301985263824462 0.2938971201578776 0.025612497329711912 0.04556884765625
0 0.9339346885681152 0.621474372016059 0.01112957000732422 0.018113199869791666
1 0.821288013458252 0.4060022989908854 0.04955902099609375 0.04037339952256944
2 0.1916596531867981 0.42988391452365454 0.024392151832580568 0.037903679741753474
2 0.16848818063735962 0.4297554863823785 0.019055271148681642 0.03664923773871528
2 0.16450611352920533 0.2671380784776476 0.02232038974761963 0.0490571763780382
2 0.1668022632598877 0.34969448513454865 0.022242140769958497 0.033009168836805554
2 0.1717139482498169 0.31139636569552953 0.026982975006103516 0.03803829616970486
2 0.18893656730651856 0.27326397365993926 0.028387451171874998 0.04014943440755209
2 0.2023622751235962 0.39733522203233507 0.02292184829711914 0.03748745388454861
2 0.21955091953277586 0.3431014166937934 0.026658439636230467 0.05561998155381945
2 0.17983900308609008 0.23010821872287326 0.034331870079040525 0.043822903103298616
0 0.9443395614624023 0.6374599880642361 0.011051177978515625 0.018230523003472224
2 0.19978797435760498 0.3131762186686198 0.02526683807373047 0.043695068359375
0 0.574190092086792 0.20832447475857205 0.011661338806152343 0.01964365641276042
2 0.1918400287628174 0.3545194837782118 0.0290377140045166 0.03438076443142361
2 0.18952500820159912 0.23011245727539065 0.02242588996887207 0.0376267327202691
0 0.9664048865619547 0.9884138064766338 0.010907504363001762 0.020360674810936424
