1 0.8069948434829711 0.30355224609375003 0.048924589157104494 0.11130767822265626
0 0.40523447990417477 0.47098320007324224 0.01238393783569336 0.01885986328125
1 0.8270721435546875 0.7867958068847657 0.02962360382080078 0.08033279418945313
0 0.8597976684570312 0.11588661193847657 0.012318038940429687 0.01956199645996094
0 0.9600675582885742 0.8144253540039063 0.011483001708984374 0.01793914794921875
2 0.6486202239990234 0.07110588073730469 0.021987533569335936 0.03693092346191407
2 0.671036672592163 0.07118930816650391 0.02267589569091797 0.03888252258300782
0 0.9833653450012206 0.14121009826660158 0.011896705627441407 0.019198379516601565
0 0.6121464729309082 0.35201019287109375 0.012233352661132813 0.0181488037109375
0 0.8628870010375976 0.532974853515625 0.012507629394531249 0.018953857421875
