1 0.13466037511825563 0.4332286071777344 0.05932238101959229 0.101898193359375
1 0.6521713256835937 0.37032379150390626 0.027309703826904296 0.10428619384765625
2 0.1497328519821167 0.25053466796875 0.025646305084228514 0.04076934814453125
2 0.6558541297912598 0.9146392822265625 0.022738265991210937 0.034830017089843755
2 0.7698692798614502 0.9017794799804688 0.024062442779541015 0.03865570068359375
2 0.7856936454772949 0.8655418395996094 0.022930717468261717 0.04161773681640625
2 0.036112021654844284 0.15556148529052735 0.022465993463993073 0.03878273010253906
2 0.6600542068481445 0.30430564880371097 0.025217437744140623 0.035970458984375
2 0.09893722534179687 0.8581597900390625 0.021170711517333983 0.032810058593750004
0 0.6826579093933105 0.8561568450927735 0.013348960876464843 0.017587890625
2 0.10922118425369262 0.9311810302734376 0.026941657066345215 0.03832855224609375
2 0.1321729063987732 0.9657588195800781 0.027289986610412598 0.040555419921875
2 0.12146097421646118 0.8443953704833985 0.025784564018249512 0.047100372314453125
2 0.10959300994873046 0.8913546752929689 0.02436838150024414 0.036239013671875
2 0.13547443151473998 0.9000982666015626 0.024918246269226074 0.041788024902343755
0 0.0488045334815979 0.47451156616210943 0.010898840427398682 0.015379486083984376
2 0.1049132615327835 0.9552885437011719 0.023038095235824584 0.03808990478515625
