2 0.5256742477416992 0.4551608276367188 0.024917030334472658 0.03724014282226563
1 0.1417583703994751 0.35653221130371093 0.07139296531677246 0.054924621582031256
1 0.5156213760375976 0.7374468994140625 0.027361106872558594 0.12469329833984376
2 0.6497644424438477 0.2734467315673828 0.018737316131591797 0.031125183105468752
2 0.6726899147033691 0.9376142883300782 0.021019554138183592 0.0331280517578125
1 0.2718006134033203 0.2895498657226563 0.0474665641784668 0.11011474609375001
2 0.2962801933288574 0.09105110168457031 0.02318124771118164 0.033954925537109375
2 0.6601059913635254 0.8353001403808594 0.02377662658691406 0.03573654174804688
2 0.6374808311462402 0.7582801055908204 0.024492359161376952 0.036723937988281254
2 0.8582035064697265 0.5820359802246095 0.02122955322265625 0.03294097900390625
0 0.4402908325195312 0.2568572235107422 0.011246395111083985 0.018648300170898437
2 0.6468521118164062 0.21721374511718752 0.020731449127197266 0.032101898193359374
2 0.9048544883728027 0.5156065368652344 0.022179031372070314 0.032998962402343755
2 0.5632604598999024 0.060854644775390626 0.025331497192382812 0.03565231323242188
2 0.8725868225097656 0.5068902587890626 0.02304420471191406 0.03759628295898438
1 0.849046409214642 0.12708970405813086 0.053589272329993186 0.08742815689555862
2 0.9115816116333008 0.5639210510253907 0.022817230224609374 0.034915313720703126
1 0.8392682075500488 0.06337905883789063 0.023507118225097656 0.11928932189941407
0 0.3794387340545654 0.04573265075683594 0.010579586029052734 0.0169256591796875
2 0.2775887966156006 0.10940834045410157 0.01801156997680664 0.03446762084960938
2 0.8879064559936524 0.56706787109375 0.01938972473144531 0.031260375976562504
2 0.565052604675293 0.09641857147216798 0.019813919067382814 0.026934280395507815
1 0.8837698936462403 0.34278526306152346 0.08777294158935547 0.02996810913085938
2 0.8513191223144531 0.5237442779541016 0.019673919677734374 0.034610595703125004
0 0.694432258605957 0.3919853210449219 0.0111724853515625 0.018099212646484376
0 0.5945895671844482 0.5387059020996094 0.011574268341064453 0.01832977294921875
0 0.03277928829193115 0.5131936645507813 0.011330783367156982 0.016198730468750002
2 0.7629223823547363 0.9853181457519532 0.02012214660644531 0.026429443359375002
2 0.8686154134448256 0.5536116711411353 0.021782175474415057 0.03580266244586208
2 0.8785769462585449 0.4019485473632813 0.018521499633789063 0.03055450439453125
0 0.32088656425476075 0.9474655151367188 0.011510086059570313 0.017392730712890627
2 0.6279513888888888 0.3769444444444445 0.021180555555555595 0.03722222222222224
2 0.8924349881796692 0.5292553191489362 0.022901891252955053 0.03723404255319148
