1 0.5064135551452636 0.920700920952691 0.07205162048339844 0.06342061360677084
2 0.40628269910812376 0.3938754611545139 0.024599671363830566 0.04084048800998264
0 0.31785268783569337 0.663683827718099 0.012288093566894531 0.02076263427734375
0 0.5329001426696778 0.7155239529079861 0.012820434570312499 0.020265706380208335
2 0.57954421043396 0.9367902119954428 0.023502349853515625 0.03845621744791667
0 0.2818183898925781 0.5301364474826389 0.012767314910888672 0.02073516845703125
2 0.05048206895589828 0.19179890950520834 0.023751404881477357 0.042838711208767366
0 0.25523464679718016 0.6197242736816406 0.011455345153808593 0.01920199924045139
0 0.20226622223854065 0.3784264458550347 0.011785590648651123 0.020058186848958333
0 0.791654109954834 0.1787432352701823 0.011419296264648438 0.018593343098958333
0 0.09190655946731567 0.24741032918294273 0.012010693550109863 0.01820441351996528
0 0.4965634346008301 0.7177698771158855 0.01342029571533203 0.022308519151475695
0 0.8653553009033202 0.6811026679144966 0.011295700073242187 0.019637044270833334
0 0.42131080627441403 0.305184088812934 0.011673355102539062 0.019643147786458336
0 0.40651588439941405 0.9037038167317709 0.01182727813720703 0.01944647894965278
0 0.7681009292602539 0.9145601060655383 0.011031341552734376 0.018842909071180556
0 0.5153994560241699 0.5270014444986979 0.01067962646484375 0.017498101128472224
0 0.5068470001220703 0.7327241685655382 0.011190414428710938 0.018916829427083334
0 0.07041827440261841 0.9399097018771702 0.011615705490112305 0.02019992404513889
0 0.19425498247146605 0.8569346110026042 0.013260340690612793 0.02272406684027778
0 0.38192009925842285 0.2972613016764323 0.010933208465576171 0.019834221733940973
0 0.5091951847076416 0.7133402506510417 0.012035655975341796 0.021004231770833333
0 0.980218505859375 0.4140521579318577 0.0122894287109375 0.020322333441840278
0 0.4245411532808585 0.9145608495290395 0.009938880266896296 0.01822963634106503
0 0.054165349900722505 0.8416818406846789 0.009644106030464172 0.016467454698350696
0 0.5194216728210449 0.7372457716200087 0.014175224304199218 0.021616956922743055
0 0.7498123123123122 0.517308975642309 0.008915165165165106 0.016266266266266198
0 0.41386537184594946 0.9177733510402833 0.008507636122177923 0.014018002065810825
