2 0.03558568060398102 0.3055060958862305 0.022803610563278197 0.03643989562988281
2 0.18292994499206544 0.7758760070800782 0.020074009895324707 0.033075561523437505
1 0.33791024684906007 0.21957988739013673 0.08043403625488281 0.02997528076171875
1 0.7805356979370117 0.4003557586669922 0.015158462524414062 0.12092147827148439
2 0.5839985847473145 0.21700408935546878 0.024166584014892578 0.04010208129882813
0 0.2686538457870483 0.29210098266601564 0.009203958511352538 0.0145318603515625
2 0.7432063102722168 0.9704193115234375 0.018880844116210938 0.02379486083984375
0 0.9585675472050755 0.6570481319648906 0.0116455078125 0.016802215576171876
2 0.7524728298187255 0.9504099273681641 0.011704635620117188 0.017870330810546876
1 0.16196222305297853 0.7090135192871094 0.0689265251159668 0.028583679199218753
2 0.7416524887084961 0.9811410140991211 0.01849956512451172 0.022833938598632815
2 0.7247625612745098 0.951076437258253 0.0218290441176471 0.04308424706552558
0 0.14820772058823525 0.4610906862745098 0.011488970588235295 0.01654411764705884
0 0.27765012254901955 0.5392156862745098 0.010723039215686292 0.01960784313725488
0 0.9526585820895521 0.6413764510779436 0.010105721393034747 0.01658374792703152
0 0.9425528606965173 0.6492537313432836 0.008032752902155948 0.01741293532338309
