1 0.4270471692085266 0.5797351074218751 0.05492875576019287 0.07982482910156251
2 0.22950072288513182 0.7884210968017579 0.025289297103881836 0.037359619140625
1 0.3531772613525391 0.8112213134765626 0.031477165222167966 0.09065643310546875
2 0.7356866359710693 0.7616867065429688 0.023381996154785156 0.03599578857421875
0 0.20496490001678466 0.6232213592529298 0.011998271942138672 0.01924102783203125
1 0.02049846649169922 0.14323131561279298 0.03900424242019653 0.10013130187988283
2 0.8174794197082519 0.2810405349731446 0.022049140930175782 0.037771987915039065
2 0.7266519069671631 0.6347394561767579 0.023578548431396486 0.03190719604492188
2 0.5021795272827149 0.5752256774902345 0.02228374481201172 0.03374374389648438
1 0.30972652435302733 0.6473368072509766 0.08833808898925781 0.04098907470703125
2 0.5224316120147705 0.5634571075439454 0.02128591537475586 0.033877105712890626
0 0.018352019786834716 0.642389373779297 0.012360170483589172 0.018267059326171876
0 0.9560836791992188 0.45334442138671877 0.011182022094726563 0.017179718017578127
2 0.023320284485816956 0.4303144836425781 0.019970393180847167 0.03928268432617188
