1 0.4952375888824463 0.5964729309082032 0.043048667907714847 0.11740356445312501
0 0.04005795121192932 0.6239436340332032 0.011659753322601319 0.01838958740234375
0 0.24628057479858398 0.12923656463623048 0.012119579315185546 0.018529434204101563
0 0.15237734317779542 0.761357421875 0.0122833251953125 0.01906219482421875
0 0.4068150520324707 0.16650886535644532 0.011945343017578125 0.019040985107421877
0 0.23181581497192383 0.27128780364990235 0.01154184341430664 0.017759094238281252
0 0.2459538459777832 0.2277726745605469 0.012243175506591797 0.017916259765625
0 0.8642908096313476 0.4861637878417969 0.011043930053710937 0.018871612548828125
0 0.7477246284484863 0.23073944091796877 0.01159200668334961 0.017419738769531252
0 0.20222830772399902 0.34518989562988284 0.010855913162231445 0.017339630126953127
0 0.8157608985900878 0.2033116149902344 0.011509323120117187 0.016705093383789064
0 0.7415159225463868 0.08841693878173829 0.011994743347167968 0.017662200927734375
0 0.3224872827529907 0.007774200439453125 0.01185302734375 0.01554840087890625
0 0.12965379953384398 0.15219032287597659 0.011164689064025879 0.016785125732421875
0 0.8399172782897949 0.46678665161132815 0.009246444702148438 0.01592620849609375
0 0.6048371315002441 0.14131439208984375 0.011470413208007813 0.01879486083984375
0 0.6565513610839844 0.5585939025878907 0.012306404113769532 0.01895172119140625
2 0.2656948328018188 0.525224609375 0.009974098205566407 0.017819824218750002
0 0.852688217163086 0.22359870910644533 0.010777664184570313 0.01678062438964844
0 0.18126893043518066 0.45195343017578127 0.011209678649902344 0.016610412597656252
0 0.14233057498931884 0.15120086669921876 0.012149238586425781 0.018465118408203127
0 0.6447473526000976 0.1258721923828125 0.011064434051513672 0.018666839599609377
0 0.277928900718689 0.4412399291992188 0.012511968612670898 0.01895751953125
0 0.8400300979614258 0.22590671539306642 0.011048126220703124 0.018251037597656252
2 0.6564682006835938 0.5581944274902344 0.013175868988037109 0.01891143798828125
1 0.5232553482055664 0.3163684463500977 0.029461669921875 0.04756340026855469
0 0.14352967739105224 0.34203605651855473 0.011093807220458985 0.017205047607421878
0 0.21942057609558105 0.5709364318847656 0.012317085266113281 0.01791656494140625
0 0.1516751126126126 0.17886636636636635 0.011026651651651656 0.016141141141141138
0 0.12399117867867868 0.3286411411411411 0.009618993993993982 0.013888888888888859
0 0.5498670212765958 0.2763741134751773 0.010527482269503589 0.018173758865248194
0 0.15494791666666669 0.03900709219858156 0.009696365248226969 0.015957446808510637
0 0.93176775147929 0.780078895463511 0.012635601577909364 0.020710059171597666
0 0.9832347140039448 0.858974358974359 0.010786489151873723 0.01972386587771202
