1 0.62667818069458 0.23898712158203125 0.06556262969970703 0.07604904174804689
1 0.29439539909362794 0.9148797607421876 0.02486114501953125 0.0813104248046875
2 0.12152807712554932 0.7491128540039063 0.020017337799072266 0.0314373779296875
0 0.6480994701385498 0.3764349365234375 0.011978721618652344 0.01834716796875
0 0.6590601921081543 0.377808837890625 0.010139942169189453 0.0171881103515625
0 0.16001417636871337 0.8833656311035157 0.01127934455871582 0.017659912109375002
0 0.9539852142333984 0.6539471435546875 0.011649703979492188 0.016586456298828125
0 0.9539182662963867 0.6223516845703125 0.011574363708496094 0.018571777343750002
0 0.5121107578277588 0.835485076904297 0.01104736328125 0.017079772949218752
0 0.3193085193634033 0.8772923278808594 0.011984539031982423 0.017800598144531252
0 0.9645024299621582 0.6309016418457032 0.011039161682128906 0.01663421630859375
0 0.29346637725830077 0.653053207397461 0.011708831787109375 0.013859405517578126
0 0.3150252525252525 0.86010101010101 0.01199494949494948 0.015151515151515015
1 0.7317708333333334 0.6988095238095238 0.02232142857142859 0.11190476190476195
0 0.9540016501650165 0.6379950495049506 0.012376237623762401 0.01443894389438943
