1 0.5599696159362793 0.11208969116210939 0.04128837585449219 0.1416192626953125
1 0.7287726879119873 0.5752764129638672 0.04239864349365234 0.10896820068359375
1 0.7761618614196777 0.6174946594238282 0.05983314514160156 0.057259521484375006
0 0.6314313888549805 0.0104461669921875 0.011233901977539063 0.016306800842285158
0 0.42055234909057615 0.8846122741699219 0.011709213256835938 0.01715362548828125
0 0.6338610172271728 0.47064712524414065 0.010441207885742187 0.0173065185546875
0 0.5578210830688477 0.37778076171875 0.010397052764892578 0.01719696044921875
0 0.031892144680023195 0.6047851562500001 0.01071094274520874 0.01601776123046875
0 0.6142443656921387 0.4951669311523438 0.01146240234375 0.01803436279296875
0 0.6260671221735092 0.500120850888938 0.010009193420410156 0.017579650878906252
0 0.6149622917175293 0.47843887329101564 0.011511421203613282 0.015858001708984375
0 0.624312106918239 0.46475366876310276 0.009499475890985327 0.015985324947589183
0 0.6132566823899371 0.4604297693920336 0.010973532494758942 0.016771488469601744
0 0.6488095238095238 0.6481937602627257 0.008723316912972123 0.014778325123152742
0 0.6453458538587848 0.6629720853858785 0.008979885057471293 0.014778325123152742
0 0.6566348522167488 0.6592775041050902 0.01051929392446643 0.014778325123152742
