1 0.3190927982330322 0.656073226928711 0.07718381881713868 0.06774459838867188
1 0.06831045001745224 0.7408773803710939 0.07337408363819123 0.07972320556640626
1 0.7781981468200684 0.35712526321411137 0.0719217300415039 0.07596065521240235
1 0.7603135585784913 0.7718951416015626 0.08162908554077149 0.04175994873046875
1 0.25496854782104494 0.16928932189941406 0.03993549346923828 0.06880920410156251
0 0.8182529449462891 0.9230341339111329 0.011517715454101563 0.018117523193359377
1 0.3721617221832275 0.09695869445800782 0.030978870391845704 0.05852371215820313
0 0.30906798839569094 0.13036773681640626 0.011266803741455078 0.016666717529296875
0 0.20906126499176025 0.2024574661254883 0.01574115753173828 0.027453155517578126
0 0.3165062665939331 0.11768379211425782 0.012197494506835938 0.01584075927734375
