0 0.6530839920043945 0.9729904937744142 0.011928558349609375 0.017351531982421876
2 0.6824607372283935 0.6422598266601562 0.02199382781982422 0.0357098388671875
0 0.9661350250244141 0.9308538818359375 0.013411712646484374 0.01983673095703125
0 0.6164562225341796 0.6956489562988282 0.012076187133789062 0.018430633544921877
1 0.8280348062515258 0.8623019409179689 0.05616297721862793 0.047933349609375
2 0.1631540060043335 0.3881643676757813 0.02509512901306152 0.03440765380859375
1 0.33027523714345647 0.648019170694418 0.044432043195604426 0.09324113859163295
0 0.7932915687561035 0.8732910156250001 0.012236404418945312 0.019039306640625
2 0.011289364099502564 0.7219822692871094 0.021124300360679627 0.02877349853515625
0 0.15862115621566772 0.9644833374023438 0.011942529678344726 0.017759094238281252
2 0.1600491762161255 0.45109443664550786 0.024472522735595702 0.038736877441406255
0 0.43988947868347167 0.3988619232177735 0.01202850341796875 0.018158416748046875
2 0.18753957748413086 0.4037673950195313 0.025354719161987303 0.043086242675781254
1 0.014570139348506927 0.09085361480712892 0.029140278697013855 0.044214172363281255
2 0.14723953008651733 0.4280548095703125 0.018693828582763673 0.031275939941406254
0 0.7739430427551269 0.5918943786621094 0.011156749725341798 0.01733306884765625
0 0.3563711643218994 0.8274155426025391 0.010188579559326172 0.014904632568359376
2 0.1805881977081299 0.44018081665039066 0.019208145141601563 0.028488159179687503
0 0.34827728271484376 0.8379129791259766 0.011594867706298828 0.019750823974609377
0 0.3741457462310791 0.9007093048095703 0.012310218811035157 0.019536132812500002
0 0.5506264568764568 0.9909673659673661 0.010926573426573445 0.01573426573426578
