1 0.0322498619556427 0.16204139709472656 0.05062721967697143 0.12489578247070313
2 0.30068316459655764 0.8366154479980469 0.023073101043701173 0.036766357421875
0 0.0980794906616211 0.08141273498535156 0.013199257850646972 0.02099517822265625
0 0.13905460834503175 0.330454330444336 0.012941837310791016 0.018828125
1 0.276987361907959 0.4192237854003906 0.023155784606933592 0.08319000244140626
0 0.1167701419302421 0.8998762576648374 0.012199878692626953 0.018281250000000002
0 0.7712360382080078 0.35611785888671876 0.011375808715820312 0.018462066650390626
0 0.059019368500371504 0.7300344913074155 0.00941704511642456 0.017793273925781252
0 0.04901960784313726 0.7217194570135748 0.012254901960784315 0.01508295625942689
0 0.04949095022624435 0.7390648567119156 0.012726244343891401 0.017345399698340886
0 0.12485431235431234 0.888986013986014 0.010926573426573416 0.016899766899766938
