1 0.05580905079841614 0.8787530687120226 0.08140113353729247 0.03506130642361111
2 0.05187551975250244 0.41366475423177085 0.026995277404785155 0.04490102132161459
2 0.4470972061157226 0.4231967502170139 0.024833869934082032 0.03544989691840278
2 0.775269603729248 0.514725579155816 0.028447914123535156 0.04736667209201389
2 0.6974721908569336 0.7955262078179254 0.025063514709472656 0.04130944146050347
2 0.5143298625946044 0.815720452202691 0.02631244659423828 0.03795674641927083
2 0.7206037521362305 0.8164572821723091 0.02267770767211914 0.04356621636284722
2 0.49924726486206056 0.8729912651909723 0.02570972442626953 0.03900383843315972
2 0.5685959815979004 0.9325017293294271 0.025398826599121092 0.036868286132812504
2 0.6492865562438965 0.9807615492078994 0.023096084594726562 0.03732435438368056
2 0.6493549346923828 0.8818729824490018 0.02126035690307617 0.039076741536458334
2 0.4916985988616943 0.8336910671657987 0.020551776885986327 0.03624504937065973
2 0.5977889060974121 0.9427059597439237 0.019490146636962892 0.030415513780381945
2 0.6660177707672119 0.9121983846028646 0.020355033874511718 0.035813395182291666
2 0.6591005325317383 0.947458733452691 0.020160675048828125 0.030582512749565974
2 0.6370476245880127 0.9460852728949654 0.021560859680175782 0.030784098307291667
2 0.537147331237793 0.988299772474501 0.01669473648071289 0.023400455050998265
