1 0.459810733795166 0.37697168986002605 0.058721923828125 0.03982526991102431
0 0.6780319213867188 0.7342724270290799 0.010370159149169922 0.017409939236111113
0 0.8530397415161133 0.7608856201171875 0.011442184448242188 0.018629625108506947
0 0.25187063217163086 0.801856909857856 0.013775920867919922 0.02197723388671875
0 0.9553888320922851 0.5697022332085504 0.011593246459960937 0.020008341471354166
2 0.23464066982269285 0.6996001349555122 0.02338094711303711 0.0418182373046875
0 0.42638282775878905 0.556185065375434 0.011437606811523438 0.020792304144965277
0 0.2508343458175659 0.628025139702691 0.012084054946899413 0.019242858886718752
0 0.3470395565032959 0.6138454013400608 0.012652015686035157 0.021022542317708334
0 0.35921218395233157 0.6057501051161025 0.012883758544921875 0.021501837836371527
0 0.007618647813796997 0.43596445719401045 0.0125360369682312 0.021410115559895835
0 0.5490930080413818 0.3925526089138455 0.011842823028564453 0.02040744357638889
0 0.08614020347595215 0.34026116265190975 0.006740200519561768 0.011997138129340279
0 0.026136796042617982 0.9007694909521394 0.009512937595129374 0.019025875190258737
0 0.054913432267884345 0.8555301877219685 0.010464231354642316 0.018180280737358338
