2 0.5321927070617676 0.708563232421875 0.023989486694335937 0.03994411892361111
2 0.396459174156189 0.5434226142035591 0.028104448318481443 0.03486514621310764
0 0.46609630584716794 0.18005684746636286 0.012358856201171876 0.021514723036024308
2 0.9828102111816406 0.5210278828938802 0.023553848266601562 0.04091339111328125
2 0.620452880859375 0.9211516486273872 0.022887420654296876 0.039828660753038196
2 0.18036240339279175 0.5651483323838976 0.023366165161132813 0.04269866943359375
2 0.15334248542785645 0.5343249850802951 0.02324671745300293 0.04194997151692709
2 0.1127345085144043 0.551043192545573 0.023397064208984374 0.043391587999131946
0 0.42808146476745607 0.4664421929253472 0.011372184753417969 0.019508192274305558
2 0.37999873161315917 0.815641106499566 0.02377605438232422 0.038626607259114584
2 0.6568813323974609 0.8262357923719619 0.019855308532714843 0.03671230740017361
2 0.09565951824188232 0.45418904622395834 0.023387336730957033 0.03472764756944444
2 0.6159941196441651 0.7150328742133247 0.023896503448486327 0.04210645887586806
2 0.46260414123535154 0.5088829888237847 0.019348621368408203 0.034423149956597225
2 0.1954709768295288 0.6166197035047744 0.022928571701049803 0.04254421657986111
2 0.6207827568054199 0.5143847995334202 0.021159553527832033 0.03655632866753472
2 0.221480393409729 0.5760315789116753 0.02250947952270508 0.037060546875
2 0.4065082550048828 0.8092637803819445 0.023453140258789064 0.03757510715060764
2 0.48386759757995607 0.5032967461480035 0.023173713684082033 0.04012315538194445
2 0.15682661533355713 0.8842727661132813 0.024646615982055663 0.03799777560763889
2 0.6257678508758545 0.27782219780815975 0.022918510437011718 0.045550537109375004
2 0.5165487289428711 0.6253565470377604 0.02386617660522461 0.03812391493055556
2 0.13563742637634277 0.32633132934570314 0.023257803916931153 0.039814927842881945
2 0.8810829162597656 0.09096993340386285 0.021202850341796874 0.03885430230034723
0 0.2061631441116333 0.34082005818684896 0.012586784362792968 0.019202677408854167
2 0.4914363861083984 0.2974682278103299 0.02652149200439453 0.04129062228732639
0 0.9671731948852539 0.1822299533420139 0.010231781005859374 0.01765289306640625
2 0.14132978916168212 0.9104173448350695 0.020901942253112794 0.03722737630208334
2 0.8585024833679199 0.09554629855685765 0.022645950317382812 0.0350616455078125
2 0.14899505376815797 0.35631391737196183 0.02012147903442383 0.033446248372395834
2 0.8456607818603515 0.05426792568630642 0.022388267517089843 0.04061533610026042
2 0.651308822631836 0.3029237111409505 0.02659168243408203 0.042444101969401044
2 0.9896905899047851 0.48724263509114585 0.019442176818847655 0.030858357747395836
2 0.08556022644042968 0.41958177354600695 0.020109128952026368 0.03203938802083334
2 0.183156418800354 0.6542193942599827 0.016722393035888673 0.03639085557725694
2 0.19582371711730956 0.6678554958767361 0.018732738494873048 0.03687303331163195
2 0.8708615303039551 0.05288263956705729 0.023617362976074217 0.039904954698350696
0 0.7116532325744629 0.7291951497395833 0.011647415161132813 0.01785346137152778
0 0.3204768657684326 0.9208734300401477 0.011923122406005859 0.020532735188802085
2 0.8724202156066895 0.03222770690917969 0.023929405212402343 0.025808291965060765
2 0.8896933555603027 0.0557318369547526 0.01690673828125 0.03202463785807292
2 0.11213393211364746 0.41300320095486115 0.02633845806121826 0.04027574327256945
2 0.6336075782775878 0.6847279018825955 0.018691825866699218 0.032909986707899304
2 0.2104025602340698 0.6478452894422744 0.018774032592773438 0.03103569878472222
