1 0.3285337448120117 0.8214104546440972 0.05515918731689453 0.05709669325086806
1 0.35717957019805907 0.5255316840277778 0.07206330299377442 0.02879062228732639
2 0.7776394367218018 0.3783436245388455 0.02224416732788086 0.039193386501736115
0 0.6404262542724609 0.7646809895833334 0.012611007690429688 0.022621324327256945
0 0.852835464477539 0.21581281026204427 0.01090412139892578 0.018735588921440973
1 0.2803030014038086 0.5729308234320747 0.026585102081298828 0.08203125
0 0.6445164203643798 0.6206982082790798 0.010131549835205079 0.019090779622395835
2 0.7885602474212646 0.3398824055989583 0.022476959228515624 0.03422749837239583
0 0.6354007720947266 0.6279159545898437 0.011693572998046875 0.018803236219618057
0 0.9634662628173828 0.053506596883138025 0.012334442138671875 0.020692274305555557
0 0.3995052337646484 0.05821753607855903 0.01253976821899414 0.020611063639322916
0 0.061069166660308837 0.5964068942599826 0.01192549467086792 0.021110704210069445
0 0.09976230425055932 0.68823017648521 0.010137024608501122 0.018021377081779772
0 0.10290827740492174 0.813758389261745 0.01433165548098434 0.016778523489932907
0 0.5228956935123042 0.8488690032314195 0.011884787472035837 0.019885657469550073
