1 0.6061015129089355 0.08913612365722656 0.04412651062011719 0.12041083441840278
2 0.23769054412841797 0.8841453552246095 0.026976776123046876 0.0403291490342882
0 0.7723204612731933 0.583412848578559 0.011867332458496093 0.020648532443576388
0 0.9797021865844726 0.9080109490288629 0.012970924377441406 0.020140245225694447
0 0.6859954357147217 0.6400319417317708 0.011710739135742188 0.0196868896484375
0 0.47714271545410153 0.6613169352213542 0.011336326599121094 0.018879360622829862
0 0.5064971923828125 0.39045011732313367 0.012687301635742188 0.022220018174913196
0 0.46182312965393063 0.1607290479871962 0.012805843353271484 0.02064242892795139
0 0.5713391780853272 0.53140869140625 0.011409473419189454 0.016029188368055555
0 0.832904052734375 0.6104500664605035 0.011716079711914063 0.017924669053819446
0 0.7225806236267089 0.9754307217068142 0.016684532165527344 0.02988349066840278
0 0.7094357013702393 0.9652041965060765 0.012482738494873047 0.022509087456597222
0 0.7347745895385742 0.6907601250542535 0.009253120422363282 0.017145453559027777
0 0.5634088366639379 0.516101429924726 0.010128116607666016 0.016581047905815972
0 0.5640338327370438 0.5469029686289936 0.009807861552518915 0.01648818038907191
0 0.7259114583333334 0.6778662854030502 0.009574142156862682 0.01668028322440086
