1 0.2609375 0.937962962962963 0.053125 0.05740740740740741
0 0.030989583333333334 0.3162037037037037 0.011979166666666666 0.02314814814814815
0 0.0421875 0.6305555555555555 0.0125 0.020370370370370372
0 0.04583333333333333 0.6472222222222223 0.0125 0.018518518518518517
0 0.005989583333333333 0.8032407407407408 0.0109375 0.021296296296296296
0 0.221875 0.7203703703703704 0.010416666666666666 0.016666666666666666
0 0.1921875 0.9555555555555556 0.0125 0.020370370370370372
0 0.3854166666666667 0.43472222222222223 0.011458333333333333 0.02314814814814815
0 0.5916666666666667 0.3472222222222222 0.014583333333333334 0.022222222222222223
0 0.46432291666666664 0.8625 0.009895833333333333 0.017592592592592594
0 0.54296875 0.8050925925925926 0.0109375 0.019444444444444445
0 0.57734375 0.8875000000000001 0.011979166666666666 0.017592592592592594
0 0.43645833333333334 0.0625 0.0125 0.019444444444444445
0 0.5140625 0.16481481481481483 0.0125 0.018518518518518517
0 0.72578125 0.17731481481481481 0.013020833333333334 0.021296296296296296
0 0.6861979166666666 0.25092592592592594 0.011979166666666666 0.020370370370370372
0 0.7213541666666666 0.48564814814814816 0.0125 0.02314814814814815
0 0.6598958333333333 0.5750000000000001 0.0125 0.016666666666666666
