1 0.9732419013977051 0.24427176581488716 0.03125972747802734 0.10051201714409723
1 0.7377138137817383 0.31810345119900174 0.026849842071533202 0.06710103352864584
2 0.20753154158592224 0.36942308213975694 0.025239002704620362 0.04047987196180556
0 0.5529047012329101 0.4609725952148438 0.01057281494140625 0.017860582139756945
0 0.016398381814360617 0.26317808363172746 0.011839009076356887 0.020396253797743055
0 0.35564069747924804 0.09252972073025174 0.011247825622558594 0.01962314181857639
0 0.26571083068847656 0.2817432827419705 0.011281824111938477 0.01850314670138889
0 0.6962346076965332 0.5908016628689237 0.01237802505493164 0.021377393934461808
1 0.1282405972480774 0.8484126620822483 0.04897334575653076 0.08667789035373265
0 0.39256365299224855 0.414914788140191 0.010741662979125977 0.018738810221354166
1 0.3371330738067627 0.5233020358615451 0.0471005916595459 0.11487223307291668
0 0.7535889148712158 0.7245912339952257 0.011899852752685547 0.019542439778645834
0 0.5880056381225586 0.5212960984971788 0.011460113525390624 0.019818623860677086
0 0.9297060012817383 0.6275282965766059 0.0108795166015625 0.018939717610677084
0 0.4523630142211914 0.8324607001410591 0.01264209747314453 0.022449069552951388
0 0.7992357866043615 0.15186915887850466 0.009735202492211789 0.01817237798546211
0 0.9575545171339565 0.610289027345102 0.00949182242990645 0.018605053651782662
0 0.9388142523364486 0.6208895811699551 0.009978582554517126 0.020768431983385256
0 0.9479410046728972 0.6111543786777431 0.010708722741433026 0.015143648321218364
0 0.9519567757009345 0.6278123918310834 0.012412383177570162 0.019903080650744153
