1 0.15333269834518432 0.6614267985026042 0.05506401062011718 0.056324937608506945
0 0.8049049377441406 0.023411051432291666 0.012456893920898438 0.020541551378038196
0 0.6098957061767578 0.31869994269477 0.012813949584960937 0.02078035142686632
0 0.9732011795043946 0.24661890665690106 0.012479019165039063 0.019832017686631946
0 0.20832302570343017 0.15448710123697917 0.01213088035583496 0.020690409342447917
0 0.7235984802246094 0.37173919677734374 0.012743186950683593 0.02319064670138889
0 0.526112413406372 0.04594573974609375 0.012006664276123047 0.02119140625
0 0.4303263664245605 0.9840210808648003 0.01184253692626953 0.020389302571614584
2 0.08597939014434815 0.9572677612304688 0.022834181785583496 0.038989257812500004
0 0.3111387252807617 0.7356299506293403 0.012770843505859374 0.01989542643229167
0 0.7873125553131104 0.969502427842882 0.011222743988037109 0.017633056640625002
0 0.6302981853485108 0.2130559285481771 0.01193828582763672 0.02012057834201389
0 0.0745620846748352 0.9343232896592882 0.013089609146118163 0.021802435980902778
0 0.8824234962463379 0.2541094885932075 0.01220245361328125 0.019190639919704863
0 0.6130883048562443 0.2284654247475086 0.010036625581629129 0.02087416139822904
0 0.3909411907196045 0.9565333048502604 0.014673280715942382 0.024608357747395834
0 0.9850931167602539 0.0847396002875434 0.011598968505859375 0.019747755262586805
0 0.869906556372549 0.38528050108932466 0.007659313725490217 0.012935729847494526
0 0.6185853247549019 0.21013752723311552 0.011680453431372466 0.02008442265795207
0 0.44845281862745096 0.27532679738562094 0.008042279411764674 0.01429738562091503
