0 0.08229272365570069 0.1313391791449653 0.012746405601501464 0.0211517333984375
0 0.9905373573303222 0.19965841505262588 0.011858558654785157 0.018702104356553822
1 0.2678363561630249 0.6417661878797744 0.04951820373535156 0.05077701144748264
2 0.32390537261962893 0.3697447882758247 0.025469398498535155 0.04898139105902778
0 0.3822658986977238 0.8004957758404145 0.009706211090087891 0.016283162434895835
0 0.5660473823547363 0.47562052408854166 0.012611007690429688 0.021382649739583336
0 0.4932663917541504 0.2497801462809245 0.010754871368408202 0.019531843397352432
0 0.8846800804138183 0.4204363505045573 0.013421440124511718 0.021682400173611113
0 0.46512503623962403 0.4910056220160591 0.010391998291015624 0.018992953830295138
0 0.1014914721250534 0.19219495985243057 0.01216617226600647 0.020672776963975695
0 0.47369937896728515 0.19736370510525175 0.011761665344238281 0.020372856987847222
0 0.7051767676767677 0.10072951739618406 0.009469696969697001 0.017396184062850723
0 0.37445846075433226 0.7864140899309096 0.009875127420998987 0.017838939857288474
0 0.19856039325842695 0.8428006658343737 0.009948501872659202 0.018102372034956328
