0 0.3284542798995972 0.4262797546386719 0.011215686798095703 0.01792816162109375
1 0.0766522765159607 0.4655085754394532 0.07633647918701172 0.03091644287109375
0 0.7439437866210937 0.5541213989257813 0.012262344360351562 0.018805999755859375
0 0.7298574447631836 0.2904399490356446 0.012348556518554687 0.01878326416015625
0 0.9792686462402344 0.6552165985107422 0.01354827880859375 0.020076446533203125
0 0.8114124298095703 0.20664474487304688 0.01170940399169922 0.01831474304199219
0 0.8048517227172851 0.4030716705322266 0.011421966552734374 0.01792877197265625
0 0.5124829292297364 0.4373712158203125 0.011314010620117188 0.015980072021484375
0 0.8538244247436523 0.7805435180664063 0.013507843017578125 0.020504150390625
0 0.49874305725097656 0.24768405914306643 0.010750961303710938 0.016755905151367188
0 0.026927551627159117 0.060944824218750006 0.012847667932510376 0.018980560302734376
0 0.2688760615711252 0.8903927813163481 0.012274416135881072 0.017515923566879036
0 0.6546908174097664 0.7205414012738853 0.010947452229299395 0.015392781316348211
