1 0.764585018157959 0.6804039001464844 0.059748268127441405 0.08039947509765626
0 0.98485107421875 0.2686587142944336 0.012045669555664062 0.017862167358398438
0 0.1442007303237915 0.5522554016113281 0.010341477394104005 0.016423645019531252
0 0.4226313591003418 0.13324684143066406 0.011111068725585937 0.015687408447265627
0 0.4279505729675293 0.14979583740234376 0.010231971740722656 0.016462020874023438
0 0.08220608234405517 0.2689955139160156 0.011594927310943604 0.018266525268554688
0 0.1523852229118347 0.5385293579101563 0.010928606986999512 0.01807342529296875
0 0.4172333717346191 0.15523914337158204 0.01172046661376953 0.017692108154296875
0 0.13329451084136962 0.10081230163574219 0.011945343017578125 0.0194464111328125
0 0.4140361952861953 0.14057239057239054 0.009469696969697001 0.015712682379349044
0 0.6451669472502805 0.6585297418630752 0.009820426487093196 0.015712682379349113
