2 0.1852430820465088 0.1626332473754883 0.025661659240722657 0.04229270935058594
2 0.07024797201156616 0.3816521453857422 0.02266528606414795 0.04012832641601563
2 0.8396036148071289 0.13109710693359375 0.021661376953125 0.034945678710937504
2 0.1683300495147705 0.7236544036865235 0.022637414932250976 0.038119659423828126
1 0.10946249961853027 0.7679808044433595 0.07268600463867188 0.052019653320312505
0 0.9439434051513672 0.8657313537597657 0.011279296875 0.017567749023437502
2 0.18999032974243163 0.7357268524169922 0.02130413055419922 0.032108917236328124
0 0.3354372024536133 0.17492748260498048 0.013607311248779296 0.020100555419921878
1 0.19840941429138184 0.8361177062988282 0.04325718879699707 0.061534423828125004
0 0.04473399519920349 0.5406626892089844 0.012537503242492675 0.01990875244140625
0 0.18062862015299067 0.4976186060962088 0.010599184036254882 0.018034515380859376
0 0.18545525074005126 0.4839071655273438 0.011312389373779297 0.015337982177734376
0 0.598369026184082 0.32492961883544924 0.009858512878417968 0.015855407714843752
