0 0.46044273376464845 0.18262388441297744 0.013055992126464843 0.021445210774739584
2 0.265102219581604 0.4104360792371962 0.021765995025634765 0.04361148410373264
0 0.9917705535888671 0.3127404106987847 0.013079452514648437 0.021198018391927084
2 0.3387328624725342 0.46837276882595485 0.025959205627441407 0.05011257595486111
2 0.357157039642334 0.30130352444118924 0.024968910217285156 0.037167527940538195
0 0.00795864760875702 0.5538656446668837 0.013976472616195678 0.021870252821180557
0 0.8704833984375 0.659710693359375 0.012759208679199219 0.021253797743055556
2 0.38709635734558107 0.3502631293402778 0.02232675552368164 0.04644232855902778
2 0.2526413440704346 0.7990827772352431 0.023880577087402342 0.03511996799045139
0 0.9839028358459473 0.7246732923719619 0.012431907653808593 0.021498616536458334
2 0.5895180225372314 0.016042243109809028 0.021129608154296875 0.032084486219618055
2 0.35805037021636965 0.34219769371880426 0.028103113174438477 0.04320606655544705
2 0.27199621200561525 0.7790785047743056 0.018205833435058594 0.03427853054470486
0 0.7331439971923828 0.49499037000868057 0.011398887634277344 0.01942138671875
2 0.26128687858581545 0.7481686062282986 0.023316192626953124 0.03857998318142361
2 0.23773038387298584 0.7496666802300348 0.02249884605407715 0.03764546712239583
0 0.9100380897521972 0.6893795437282987 0.01245269775390625 0.020984056260850696
0 0.7214614868164062 0.4946236504448785 0.011618232727050782 0.018657430013020834
0 0.9091926574707031 0.6992068820529515 0.012417984008789063 0.020268419053819445
0 0.7164263208997219 0.5123774489057035 0.008335010268682315 0.015391087590052798
0 0.8578190803527832 0.16635055541992189 0.010406875610351562 0.01562618679470486
2 0.3782994747161865 0.31114527384440105 0.018122768402099608 0.03704664442274306
0 0.7286724452554744 0.5136523384698567 0.008934002433089934 0.01554474182211415
0 0.7206888686131385 0.5259867531765342 0.011215024330900292 0.015882670992160095
