1 0.7911453247070312 0.6137012905544705 0.035910606384277344 0.14327918158637154
0 0.12264535427093505 0.26644600762261283 0.013186311721801758 0.022441948784722224
0 0.5543427467346191 0.8630599975585938 0.013562393188476561 0.0218505859375
0 0.6354796409606933 0.16243061489529081 0.012177658081054688 0.01997400919596354
0 0.6628976345062256 0.5748902214898004 0.013504886627197265 0.02230936686197917
0 0.7483654022216797 0.5202484978569879 0.011558151245117188 0.020481363932291666
0 0.7735655737704917 0.1244295893832996 0.009904371584699471 0.019507548616521615
0 0.8280080795288086 0.2809459262424045 0.011724853515625 0.02104068332248264
0 0.648857593536377 0.85726072523329 0.01428375244140625 0.020506456163194447
0 0.40539636611938473 0.28363138834635415 0.013038253784179688 0.019228956434461805
0 0.3946530818939209 0.2893537733289931 0.010630512237548828 0.020658026801215278
0 0.8211784756248766 0.2954654186366903 0.009501759992922605 0.021091020650116674
0 0.7545390129089355 0.11353013780381944 0.013362693786621093 0.021886189778645836
0 0.7630691528320312 0.07726512485080296 0.012498283386230468 0.016825527615017363
0 0.19860529899597168 0.09857779608832466 0.011915349960327148 0.020626322428385416
0 0.8133331298828125 0.27090979682074656 0.012730026245117187 0.020567576090494793
0 0.767226866164494 0.09659056811167678 0.009262114665547353 0.018924912786802237
0 0.7628927952604866 0.12490013900784629 0.009733535162086682 0.0234237657001544
0 0.4097073463683433 0.2996608315362796 0.011702328539909186 0.01803300747360081
0 0.390880728314239 0.3075238579958578 0.008780005455537379 0.01533962716158507
0 0.39292655482815053 0.3221646359944233 0.009632433169667168 0.01606352670182455
0 0.7798838797814207 0.11642380085003036 0.009904371584699352 0.01730418943533698
0 0.7561475409836066 0.09744990892531875 0.010928961748633862 0.015786278081360038
