1 0.5251852989196777 0.5841964721679688 0.025188255310058593 0.11236741807725695
0 0.44595870971679685 0.888337877061632 0.012993335723876953 0.022407362196180558
2 0.1776097059249878 0.7901821560329861 0.0232879638671875 0.04391072591145834
0 0.36986598968505857 0.46778225368923615 0.01228799819946289 0.020958455403645833
0 0.9844123840332031 0.8215174357096354 0.012697601318359375 0.022765774197048613
2 0.19113315343856813 0.5488715277777778 0.021973633766174318 0.040303378634982644
0 0.2465303897857666 0.019549730088975696 0.010642433166503906 0.017206827799479168
2 0.14767272472381593 0.6854170057508681 0.024938154220581054 0.040341525607638894
2 0.5268457889556885 0.04475123087565104 0.02340545654296875 0.03832244873046875
0 0.847468090057373 0.9540276421440973 0.013266372680664062 0.021134948730468752
0 0.5039941787719726 0.7490500556098091 0.012509536743164061 0.020366414388020834
1 0.34816536903381345 0.7153160942925347 0.08925371170043946 0.03615451388888889
2 0.2502344369888306 0.577434794108073 0.02556314468383789 0.04063483344184028
2 0.09256387352943421 0.5465945773654514 0.02366424798965454 0.03678877088758681
2 0.5218345642089843 0.08658214145236545 0.023723697662353514 0.04011688232421875
0 0.501227331161499 0.33366987440321183 0.011368465423583985 0.019530741373697917
2 0.19699286222457885 0.590132310655382 0.023562312126159668 0.037627156575520834
2 0.19004671573638915 0.8508458455403646 0.02296452522277832 0.038054741753472225
2 0.2536123752593994 0.6168540106879341 0.026942729949951172 0.032828436957465276
2 0.25723307132720946 0.654990471733941 0.023115110397338868 0.03622266981336806
2 0.22765648365020752 0.5964942084418403 0.021841812133789062 0.043503994411892365
2 0.22157349586486816 0.6737523396809896 0.024147510528564453 0.0482940673828125
2 0.10680798292160033 0.5807479858398438 0.018780207633972167 0.037236531575520836
0 0.004000822454690934 0.27527770996093753 0.007993824779987335 0.02369147406684028
2 0.1817333493913923 0.913331377947772 0.024321619669596353 0.056604439871651695
0 0.7653824806213378 0.6787774827745225 0.012595176696777344 0.021286858452690974
2 0.17715308779761904 0.8744626322751322 0.03208705357142859 0.03761574074074074
