2 0.82890625 0.6222222222222222 0.025520833333333333 0.04259259259259259
0 0.0859375 0.0699074074074074 0.011458333333333333 0.021296296296296296
0 0.20520833333333333 0.02314814814814815 0.013541666666666667 0.020370370370370372
0 0.08098958333333334 0.28750000000000003 0.011979166666666666 0.021296296296296296
0 0.06588541666666667 0.2712962962962963 0.011979166666666666 0.016666666666666666
0 0.06354166666666666 0.28935185185185186 0.011458333333333333 0.02314814814814815
0 0.36692708333333335 0.6393518518518518 0.011979166666666666 0.021296296296296296
0 0.4864583333333333 0.5814814814814815 0.011458333333333333 0.02592592592592593
0 0.6002604166666666 0.4847222222222222 0.0109375 0.017592592592592594
0 0.6541666666666667 0.14305555555555557 0.011458333333333333 0.019444444444444445
0 0.7244791666666667 0.4277777777777778 0.010416666666666666 0.018518518518518517
0 0.7341145833333333 0.4291666666666667 0.009895833333333333 0.021296296296296296
0 0.70859375 0.6078703703703704 0.009895833333333333 0.017592592592592594
0 0.45286458333333335 0.8152777777777778 0.0109375 0.019444444444444445
0 0.6549479166666666 0.9032407407407408 0.013020833333333334 0.019444444444444445
