1 0.6252896308898925 0.3693721347384983 0.06778907775878906 0.064971923828125
2 0.5465917587280273 0.9698228624131945 0.027716064453124998 0.039672173394097225
2 0.2602370262145996 0.32465686798095705 0.022099971771240234 0.04075109693739149
0 0.7664052486419678 0.9627074347601997 0.011441326141357422 0.018723551432291666
0 0.9845305442810058 0.6461205376519098 0.012100601196289062 0.017346700032552086
0 0.9220655441284179 0.5415727403428819 0.010609817504882813 0.020565456814236112
0 0.18718148469924928 0.9736278110080295 0.010296463966369629 0.017545403374565973
0 0.5616384983062744 0.6390314737955729 0.011687850952148438 0.019237942165798612
0 0.9691554069519043 0.6471588134765626 0.014422798156738281 0.025819227430555557
0 0.03659397959709167 0.28534249199761286 0.011543500423431396 0.02020331488715278
0 0.9335980415344238 0.541820780436198 0.009584808349609375 0.01958533393012153
0 0.20068027210884354 0.6116780045351474 0.01147959183673469 0.018518518518518517
0 0.20301870748299317 0.6324640967498111 0.011054421768707487 0.017762660619803437
