1 0.3883020877838135 0.6035416412353516 0.08791446685791016 0.09506958007812501
1 0.9458879470825196 0.5033330535888673 0.04686126708984375 0.10800216674804688
1 0.13728543519973754 0.2723300170898438 0.03745746612548828 0.11184249877929688
0 0.5557108879089355 0.7508537292480469 0.01204833984375 0.0181829833984375
0 0.26537694931030276 0.2033940887451172 0.011671733856201173 0.019120025634765628
1 0.7554531574249268 0.1606340789794922 0.022612953186035158 0.1380340576171875
1 0.27005419731140134 0.5445524597167969 0.07201385498046875 0.02855194091796875
0 0.059314405918121337 0.32294281005859377 0.011713504791259766 0.018149871826171875
1 0.15774742364883423 0.16757766723632814 0.016330528259277343 0.09906768798828125
0 0.28520908355712893 0.8683399963378907 0.014214801788330077 0.017765808105468753
