0 0.5265716552734375 0.43177581787109376 0.012952804565429688 0.01941497802734375
0 0.5965960502624512 0.7652959442138673 0.010966777801513672 0.016870880126953126
2 0.9095346450805664 0.3352977752685547 0.024337005615234376 0.03788162231445313
0 0.11885757446289062 0.2058330535888672 0.010493803024291991 0.016756362915039062
0 0.12999098300933837 0.20424095153808594 0.011818647384643555 0.0179180908203125
0 0.7389382362365723 0.9394836425781251 0.011654853820800781 0.019627685546875002
2 0.9037467956542968 0.3610689544677735 0.02274322509765625 0.026147308349609377
0 0.05184291005134582 0.7182942199707032 0.012832212448120116 0.019122772216796875
0 0.025700136612021876 0.13234289617486342 0.008751707650273225 0.014685792349726773
0 0.12538422131147542 0.2221653005464481 0.009605532786885244 0.014002732240437155
0 0.13402920081967212 0.22028688524590168 0.009392076502732246 0.01502732240437157
