0 0.08541666666666667 0.22268518518518518 0.013541666666666667 0.021296296296296296
0 0.19375 0.1726851851851852 0.011458333333333333 0.015740740740740743
0 0.2046875 0.046759259259259264 0.0125 0.02314814814814815
0 0.13125 0.45 0.0125 0.020370370370370372
0 0.04401041666666666 0.8615740740740742 0.009895833333333333 0.015740740740740743
0 0.04114583333333333 0.8449074074074074 0.009375 0.015740740740740743
0 0.03359375 0.8490740740740741 0.009895833333333333 0.016666666666666666
0 0.032552083333333336 0.8634259259259259 0.0109375 0.015740740740740743
0 0.20885416666666667 0.7212962962962963 0.0125 0.022222222222222223
0 0.21901041666666665 0.712962962962963 0.0109375 0.014814814814814815
0 0.46953125 0.5953703703703704 0.009895833333333333 0.016666666666666666
0 0.7247395833333333 0.625462962962963 0.013020833333333334 0.02314814814814815
0 0.7130208333333333 0.14583333333333334 0.011458333333333333 0.019444444444444445
0 0.8203125 0.19675925925925927 0.010416666666666666 0.019444444444444445
0 0.8080729166666667 0.3050925925925926 0.0109375 0.019444444444444445
2 0.7627604166666666 0.22962962962962963 0.025520833333333333 0.053703703703703705
1 0.628125 0.6287037037037038 0.08854166666666667 0.08148148148148149
