1 0.16536903381347656 0.3765293121337891 0.038109970092773435 0.11341629028320313
0 0.3309101819992065 0.17055835723876955 0.011801385879516601 0.018661575317382814
1 0.3689110517501831 0.8967129516601563 0.06841607093811035 0.04997161865234375
2 0.0725905179977417 0.690979461669922 0.023795878887176512 0.04298095703125
1 0.6391568183898926 0.27652069091796877 0.06161041259765625 0.07843704223632814
2 0.42141170501708985 0.9586897277832032 0.02606201171875 0.040773620605468755
0 0.013610586524009705 0.6046405029296875 0.012163764238357544 0.018175048828125002
2 0.4038503646850586 0.9812387084960938 0.024226665496826172 0.03616912841796875
2 0.652580451965332 0.22887947082519533 0.022979354858398436 0.04353439331054688
2 0.6635509014129639 0.2632052612304688 0.022140121459960936 0.03916732788085938
2 0.0064697757363319395 0.3511357116699219 0.012898793816566468 0.030063018798828126
