1 0.5807011604309082 0.7880072784423828 0.06378860473632812 0.06222518920898438
1 0.8208978652954101 0.20023559570312502 0.039391708374023435 0.12411087036132813
0 0.4151768684387207 0.45545654296875004 0.011142826080322266 0.017225036621093752
2 0.34498043060302735 0.15621368408203126 0.02356576919555664 0.039301452636718755
0 0.031198102235794067 0.5953192138671876 0.011620116233825684 0.017834777832031252
0 0.39329681396484373 0.064420166015625 0.011141586303710937 0.01742950439453125
0 0.03647029995918274 0.6226234436035156 0.01261451244354248 0.019055786132812502
0 0.16491456031799318 0.24240615844726565 0.011628341674804688 0.016259460449218752
0 0.40040111541748047 0.09670181274414064 0.012784385681152343 0.0199652099609375
0 0.518885326385498 0.2983726501464844 0.010968017578125 0.017864837646484374
0 0.15892332792282104 0.2589329528808594 0.01098785400390625 0.019201507568359377
