1 0.08242221474647522 0.9127195739746095 0.07596133947372437 0.10152603149414063
1 0.6754462718963623 0.7638729858398438 0.020970821380615234 0.14077331542968752
2 0.024606430530548097 0.690831527709961 0.023754423856735228 0.03884201049804688
0 0.8660462082639803 0.5288740539550781 0.011374282836914062 0.0177825927734375
0 0.7980539321899414 0.8507806396484375 0.012284660339355468 0.01745086669921875
0 0.5554133892059326 0.8493711853027345 0.011057853698730469 0.018787841796875
0 0.24535651206970213 0.15164772033691407 0.010503387451171875 0.016414642333984375
0 0.6712050437927246 0.45037796020507814 0.01106433868408203 0.017507781982421877
1 0.19258582592010498 0.4824187469482422 0.018796777725219725 0.027622985839843753
1 0.027669018507003783 0.8321132659912109 0.011626285314559937 0.062129364013671876
1 0.00829288810491562 0.9744102478027344 0.01617853045463562 0.051179504394531256
0 0.39137279987335205 0.9633049774169923 0.011164522171020508 0.01670745849609375
2 0.20392889976501463 0.4233476257324219 0.013819169998168944 0.024704895019531253
0 0.1393919348716736 0.03293609619140625 0.012376713752746581 0.018363189697265626
0 0.6880179558011049 0.12638121546961326 0.010359116022099357 0.016114180478821374
0 0.7622582872928177 0.03406998158379374 0.01151012891344377 0.01657458563535912
