1 0.15604987144470214 0.05805034637451172 0.036795544624328616 0.08883010864257813
2 0.8638696670532227 0.674484100341797 0.02423095703125 0.036744384765625
0 0.8553415298461914 0.34968597412109376 0.011456298828125 0.01725738525390625
0 0.044826334714889525 0.6240711212158203 0.011846637725830078 0.017735443115234378
0 0.24074373245239258 0.9586237335205079 0.01222696304321289 0.019534149169921876
1 0.21497492790222167 0.10983287811279298 0.09500083923339844 0.04362831115722657
0 0.13554996252059937 0.030027122497558595 0.013474154472351074 0.02061149597167969
1 0.012854904308915139 0.9609071350097657 0.02497605010867119 0.038065795898437504
2 0.6890950202941895 0.3701048278808594 0.021666908264160158 0.03961181640625
0 0.12338368892669678 0.48586555480957033 0.012179088592529298 0.017583160400390627
0 0.7934667587280273 0.18063941955566407 0.012289619445800782 0.019592742919921875
2 0.9936744689941406 0.9883118438720704 0.012625503540039062 0.023376312255859375
0 0.17589380741119384 0.22056945800781252 0.012809419631958007 0.019722976684570313
0 0.05651891231536865 0.2611699676513672 0.011074233055114745 0.018691864013671875
