0 0.12161458333333333 0.35694444444444445 0.011979166666666666 0.019444444444444445
1 0.17890625 0.8574074074074074 0.058854166666666666 0.10925925925925926
0 0.0765625 0.6152777777777778 0.011458333333333333 0.021296296296296296
0 0.13723958333333333 0.4050925925925926 0.011979166666666666 0.019444444444444445
0 0.33932291666666664 0.4425925925925926 0.0140625 0.024074074074074074
0 0.41119791666666666 0.9856481481481482 0.0140625 0.021296296296296296
0 0.7013020833333333 0.6175925925925926 0.013020833333333334 0.022222222222222223
0 0.70625 0.4 0.0125 0.024074074074074074
0 0.9442708333333333 0.549537037037037 0.011458333333333333 0.021296296296296296
0 0.9533854166666667 0.9921296296296297 0.0140625 0.015740740740740743
