1 0.0592102900147438 0.8193833245171441 0.0795852392911911 0.07957119411892362
1 0.7268757820129395 0.5232478671603733 0.06334571838378907 0.04158562554253473
2 0.6850929260253906 0.5126949734157986 0.025895309448242188 0.03412204318576389
2 0.6847482681274414 0.48000081380208337 0.02630329132080078 0.03602837456597222
0 0.2838073968887329 0.30429390801323786 0.012377405166625976 0.02100440131293403
0 0.24569258689880372 0.8001283433702258 0.012154293060302735 0.02128668891059028
0 0.6573226451873779 0.7808346218532987 0.011618709564208985 0.0205596923828125
0 0.68487548828125 0.3834448920355903 0.011410045623779296 0.02113138834635417
0 0.8897758483886719 0.14795396592881946 0.011896896362304687 0.020273335774739585
0 0.5097836494445801 0.6464750501844618 0.01088714599609375 0.01907992892795139
0 0.8707115173339843 0.13391138712565104 0.013469696044921875 0.02310824924045139
0 0.5200156211853028 0.6415478176540799 0.010305213928222656 0.017974853515625
0 0.41649427413940426 0.6077670627170139 0.011629009246826172 0.018599107530381947
0 0.6956454277038574 0.38538826836480033 0.01105804443359375 0.02105255126953125
0 0.22975609802905422 0.6929554126880787 0.00875555085547175 0.01918176721643508
0 0.23558063271604937 0.6783264746227708 0.012056327160493829 0.018432784636488325
0 0.3374787414965986 0.45823885109599394 0.009991496598639493 0.018518518518518517
