0 0.8655424118041992 0.2907331466674805 0.011829376220703125 0.01840110778808594
1 0.09005694985389709 0.6047476959228516 0.07076607942581177 0.050341949462890626
0 0.7796175003051757 0.7304025268554688 0.013263511657714843 0.01914215087890625
1 0.6197374343872071 0.47610321044921877 0.07178936004638672 0.06433929443359375
0 0.921327018737793 0.8935079956054688 0.012371826171875 0.0185089111328125
0 0.35471954345703127 0.5373916625976562 0.012836742401123046 0.01910247802734375
1 0.3539475917816162 0.663629608154297 0.02813420295715332 0.13488098144531252
1 0.8073293685913085 0.1787688446044922 0.07571067810058593 0.04945037841796875
0 0.1648554801940918 0.7519448852539063 0.011655807495117188 0.01763916015625
0 0.9471333503723144 0.7637738037109375 0.01156444549560547 0.01831329345703125
0 0.39638385772705076 0.06970832824707032 0.011337089538574218 0.017203216552734376
1 0.5090884208679199 0.8502802276611329 0.02734241485595703 0.14508789062500002
2 0.8011396646499633 0.11313610076904297 0.024068784713745118 0.03514907836914063
1 0.4633001327514648 0.37761949539184575 0.02230243682861328 0.1342184066772461
0 0.07662088871002197 0.3258271408081055 0.011217594146728516 0.017658233642578125
0 0.5182007789611817 0.4582989501953125 0.011736774444580078 0.0180535888671875
0 0.08284119367599488 0.7189807891845703 0.012214720249176025 0.020121917724609376
1 0.13000025749206542 0.3188347625732422 0.05585641860961914 0.06747421264648439
0 0.4959355354309082 0.9084309387207031 0.01084442138671875 0.015996704101562502
2 0.037449422478675845 0.16948585510253908 0.023179012537002563 0.040940551757812506
0 0.5296272277832031 0.5871394348144532 0.016833400726318358 0.025170288085937503
0 0.13794191919191917 0.4641414141414141 0.010101010101010091 0.01919191919191917
