0 0.31611995697021483 0.8294879150390626 0.01273660659790039 0.01999237060546875
1 0.7207491874694825 0.6035861206054688 0.03776283264160156 0.13501678466796876
1 0.8629013061523437 0.6004516601562501 0.06686859130859375 0.07040710449218751
0 0.3055920124053955 0.8664434814453126 0.012807941436767578 0.019368743896484377
1 0.0736266866326332 0.13698101043701172 0.08478185832500458 0.05226821899414063
0 0.20915451049804687 0.9847821426391602 0.012582778930664062 0.01938529968261719
0 0.7735437393188477 0.2731188201904297 0.011701011657714843 0.017260894775390626
1 0.5396039009094238 0.7491062927246094 0.023471641540527343 0.12787017822265626
0 0.19740002155303954 0.45411575317382813 0.009877967834472656 0.01623809814453125
1 0.5383401870727539 0.9802035522460938 0.02737007141113281 0.036439514160156256
0 0.9016759872436523 0.38137641906738284 0.011755752563476562 0.018736419677734376
