1 0.11762124300003052 0.7303326416015625 0.05426955223083496 0.10604400634765626
0 0.8045849800109863 0.615408935546875 0.011432838439941407 0.0175616455078125
1 0.7104611396789551 0.3977262115478516 0.017386817932128908 0.09145019531250001
0 0.18212356567382812 0.5146652221679687 0.01053152084350586 0.016745758056640626
0 0.8459218978881836 0.25706375122070313 0.0109527587890625 0.016502838134765625
0 0.14351909160614013 0.5249561309814453 0.011668825149536132 0.01791290283203125
0 0.43985824584960936 0.15218719482421875 0.011379241943359375 0.016996612548828127
0 0.41610012054443357 0.44263183593750005 0.01159839630126953 0.01735748291015625
0 0.25821709632873535 0.7861463165283203 0.012103748321533204 0.019371948242187503
1 0.44131994247436523 0.9672817993164063 0.015612316131591796 0.0627105712890625
0 0.4402419090270996 0.169985466003418 0.01128082275390625 0.016485671997070312
0 0.6873565196990967 0.013061904907226564 0.012891197204589843 0.019709014892578126
0 0.8616409301757812 0.5835334777832032 0.011490631103515624 0.017442016601562502
