0 0.6556703090667725 0.9479432678222657 0.012000465393066406 0.018307342529296874
2 0.47070884704589844 0.6817987823486329 0.025162982940673827 0.043415679931640624
1 0.4248821258544922 0.877835922241211 0.024657535552978515 0.13755737304687501
1 0.6995811462402344 0.2668932342529297 0.055946159362792965 0.07529403686523438
0 0.9936570167541504 0.47121353149414064 0.011850929260253907 0.018212280273437503
0 0.8185956954956054 0.07251956939697266 0.009841156005859376 0.014962005615234376
0 0.9911468505859374 0.4514989471435547 0.012384033203125 0.019475250244140627
1 0.8771114349365234 0.89517822265625 0.01776275634765625 0.12039627075195314
0 0.8073596000671387 0.642059783935547 0.012179946899414063 0.01758056640625
0 0.3175680160522461 0.10892494201660156 0.011571788787841797 0.019122772216796875
0 0.9832403182983398 0.22889297485351565 0.011015701293945312 0.0171661376953125
0 0.514092206954956 0.6344398498535156 0.012223243713378906 0.018712463378906252
0 0.9385427474975586 0.7035899353027344 0.011594009399414063 0.01916412353515625
2 0.5141067504882812 0.6341825866699219 0.012489604949951171 0.018605346679687502
0 0.9505250930786132 0.6987980651855469 0.012561798095703125 0.019512939453125003
0 0.09331597222222224 0.22152777777777782 0.013020833333333334 0.01805555555555557
0 0.5496961805555556 0.8493055555555556 0.01171875 0.02361111111111124
0 0.7836371527777779 0.659375 0.009982638888888928 0.015972222222222193
0 0.8053385416666666 0.6604166666666668 0.01171875 0.022222222222222192
0 0.8823784722222222 0.24756944444444448 0.00954861111111119 0.02291666666666667
