1 0.7831401824951172 0.8701489766438802 0.024950790405273437 0.14690466986762155
2 0.64547700881958 0.5926372951931423 0.02259407043457031 0.03878021240234375
2 0.63925199508667 0.5530795627170139 0.027407360076904298 0.042987060546875004
0 0.8566165924072265 0.5600898742675782 0.011978530883789062 0.02102457682291667
2 0.07743391990661622 0.703489006890191 0.02430022954940796 0.050957573784722224
0 0.7798510551452636 0.6514609442816841 0.010827445983886718 0.017979261610243057
0 0.7692106246948243 0.1990015665690104 0.010219955444335937 0.019856940375434028
0 0.34536263942718504 0.3276442633734809 0.010004568099975585 0.016375562879774305
0 0.7793519973754883 0.20210851033528646 0.010350894927978516 0.018745083279079863
0 0.8460478782653809 0.16190100775824653 0.009704399108886718 0.017679087320963544
0 0.8449535369873047 0.03556268480088976 0.011309623718261719 0.020302242702907987
0 0.21059598922729492 0.27367850409613714 0.009967899322509766 0.01716223822699653
0 0.3401814937591553 0.30967627631293404 0.010771989822387695 0.013978407118055557
2 0.10004190206527709 0.7173126220703125 0.02638869285583496 0.05089619954427083
0 0.28177742958068847 0.5857835557725695 0.010489130020141601 0.018007066514756944
0 0.8760942459106446 0.5656817966037326 0.012296676635742188 0.022817314995659723
0 0.9026139937106917 0.4157058001397624 0.011792452830188675 0.018343815513626828
