1 0.8358824729919433 0.7067869567871095 0.016808128356933592 0.12783798217773437
1 0.6767905235290528 0.23016773223876955 0.07153635025024414 0.06487419128417969
2 0.6141650199890136 0.7067708587646485 0.021399497985839844 0.03509353637695313
2 0.6224747657775879 0.036273193359375004 0.021334457397460937 0.03162948608398438
1 0.09244771003723144 0.6629531860351563 0.03316917419433594 0.08345748901367188
2 0.6035101890563965 0.014649887084960938 0.016840362548828126 0.026528396606445313
2 0.5655930519104004 0.3962461853027344 0.01997089385986328 0.0305120849609375
2 0.5758935928344726 0.7147134399414063 0.022369575500488282 0.03490997314453125
2 0.10904672145843505 0.9838037109375001 0.011693286895751952 0.016823730468750003
0 0.4041040539741516 0.07018817901611328 0.011337828636169434 0.017779388427734376
0 0.8852579116821289 0.3020368194580078 0.010670852661132813 0.017501678466796875
2 0.5553028775755836 0.7132642978548664 0.016410598456010443 0.03906420824534526
0 0.9910674095153809 0.8493826293945314 0.007056617736816406 0.0099676513671875
0 0.6290627479553222 0.6654222106933594 0.010287189483642578 0.014063110351562502
0 0.8767081260681152 0.49044075012207033 0.010850906372070312 0.01738800048828125
1 0.5050302706552707 0.5783475783475783 0.03872863247863248 0.10826210826210826
0 0.4756499287749288 0.955840455840456 0.010238603988603974 0.01566951566951578
0 0.7167022792022791 0.2995014245014246 0.01335470085470085 0.020655270655270643
