2 0.27744829654693604 0.751515367296007 0.024443864822387695 0.042790391710069445
0 0.4298395156860351 0.22395947774251304 0.010813331604003907 0.01910213894314236
0 0.0531715989112854 0.7151634216308594 0.012258017063140869 0.020394219292534724
0 0.3663383960723877 0.9143367343478733 0.01154031753540039 0.019701300726996527
0 0.9028570175170898 0.5133158365885417 0.010500717163085937 0.018206448025173613
0 0.6582206726074219 0.4148042466905382 0.012156105041503907 0.020503743489583334
0 0.7604562759399414 0.9185645209418403 0.010623931884765625 0.017198350694444444
0 0.4473041534423828 0.3167320251464844 0.011395835876464843 0.016254679361979166
0 0.12101837396621704 0.9930578867594402 0.010806441307067871 0.013884226481119793
0 0.9732881546020508 0.7488738165961372 0.011592483520507813 0.020889451768663195
0 0.44188747406005857 0.29838265313042533 0.0119415283203125 0.015858289930555557
0 0.8494897959183673 0.6133786848072562 0.010204081632652991 0.01587301587301595
