1 0.5809884071350098 0.5683485412597656 0.03568820953369141 0.1165289306640625
1 0.8723163604736328 0.9654634094238281 0.08396148681640625 0.054926147460937505
0 0.7581644058227539 0.7927169799804688 0.01323871612548828 0.021856689453125
2 0.005489107221364975 0.8768929290771484 0.01097821444272995 0.040500335693359375
0 0.502131986618042 0.8517121124267578 0.012373924255371094 0.019442291259765626
0 0.3976644992828369 0.10141494750976564 0.012517356872558593 0.0192034912109375
1 0.23078513145446777 0.3853520202636719 0.023832035064697266 0.1480833435058594
1 0.7960621833801269 0.505759506225586 0.09159812927246094 0.039355926513671875
0 0.4904173851013183 0.8496440124511719 0.010807037353515625 0.019218902587890625
0 0.23962526321411132 0.7824310302734375 0.010044002532958984 0.016498260498046875
