0 0.03125 0.03796296296296296 0.011458333333333333 0.016666666666666666
2 0.10442708333333334 0.15 0.03177083333333333 0.05185185185185186
2 0.10807291666666667 0.19953703703703704 0.025520833333333333 0.03981481481481482
2 0.19453125 0.5736111111111112 0.025520833333333333 0.03796296296296296
2 0.20729166666666665 0.6013888888888889 0.02395833333333333 0.03796296296296296
2 0.18854166666666666 0.611574074074074 0.026041666666666668 0.04351851851851852
2 0.6044270833333333 0.6708333333333334 0.024479166666666666 0.05092592592592593
2 0.7713541666666667 0.8490740740740741 0.028125 0.044444444444444446
2 0.4901041666666667 0.25324074074074077 0.02395833333333333 0.04722222222222222
2 0.5122395833333333 0.24027777777777778 0.0203125 0.030555555555555558
2 0.4770833333333333 0.1902777777777778 0.021875 0.03981481481481482
2 0.5005208333333333 0.18194444444444446 0.027083333333333334 0.049074074074074076
0 0.28515625 0.10185185185185186 0.0109375 0.020370370370370372
0 0.4421875 0.012037037037037037 0.010416666666666666 0.018518518518518517
0 0.4973958333333333 0.061111111111111116 0.010416666666666666 0.016666666666666666
0 0.4848958333333333 0.3703703703703704 0.0125 0.020370370370370372
0 0.6325520833333333 0.4842592592592593 0.0109375 0.020370370370370372
0 0.37578125 0.9555555555555556 0.0109375 0.018518518518518517
0 0.37786458333333334 0.9365740740740741 0.0109375 0.01388888888888889
0 0.5096354166666667 0.8296296296296297 0.009895833333333333 0.016666666666666666
0 0.5208333333333334 0.8333333333333334 0.010416666666666666 0.018518518518518517
0 0.5903645833333333 0.9412037037037038 0.0109375 0.021296296296296296
0 0.7658854166666667 0.3925925925925926 0.009895833333333333 0.014814814814814815
0 0.77109375 0.43703703703703706 0.0140625 0.020370370370370372
0 0.8057291666666666 0.46296296296296297 0.011458333333333333 0.020370370370370372
0 0.8046875 0.8703703703703703 0.013541666666666667 0.018518518518518517
