1 0.037854230403900145 0.3324137115478516 0.06967138051986695 0.07011749267578125
0 0.85399169921875 0.08573066711425782 0.011636734008789062 0.016684188842773437
1 0.5052938461303711 0.13878814697265626 0.053052520751953124 0.10697555541992188
1 0.053934055566787716 0.5722459411621094 0.08458982706069947 0.042052001953125
0 0.452144718170166 0.38764846801757813 0.012571907043457032 0.019141845703125
0 0.6529402732849121 0.17185100555419924 0.010450935363769532 0.015410690307617188
0 0.2943119049072266 0.22605506896972657 0.011974334716796875 0.01757354736328125
0 0.6265398025512695 0.6420746612548829 0.011582374572753906 0.0180157470703125
0 0.009365680813789367 0.6823020935058595 0.012960535287857055 0.01894012451171875
0 0.6886891841888427 0.811975555419922 0.011461448669433594 0.01671478271484375
0 0.962425422668457 0.5989779663085938 0.012110137939453125 0.017415313720703127
0 0.8433125495910644 0.5550556182861328 0.010156822204589844 0.014605712890625
0 0.845984935760498 0.5680059814453126 0.009590721130371094 0.01325225830078125
0 0.1222164511680603 0.14098602294921875 0.012279343605041505 0.019046173095703126
0 0.9540287971496582 0.5877169036865235 0.009477806091308594 0.01273529052734375
1 0.30050928592681886 0.42308738708496096 0.04861226081848145 0.02966217041015625
0 0.950055512016719 0.6037095088819227 0.010122779519331241 0.017241379310344866
