2 0.23350982666015624 0.8670889960394965 0.025047969818115235 0.04722866482204861
0 0.39816253185272216 0.15456140306260852 0.01208958625793457 0.02059148152669271
2 0.1881744384765625 0.38254903157552084 0.021361780166625977 0.038457234700520836
2 0.09847794771194458 0.7165559556749133 0.0226543664932251 0.04060635036892361
2 0.008876869082450866 0.9017086452907986 0.017753738164901733 0.037669542100694446
2 0.023870107531547547 0.877182854546441 0.020809358358383177 0.037760755750868055
1 0.46858510971069334 0.7108349270290799 0.03705053329467774 0.05926106770833334
2 0.2681299686431885 0.9120557996961806 0.016501617431640626 0.03341912163628472
0 0.4645881652832031 0.6466584947374132 0.009846687316894531 0.01592949761284722
0 0.45732060185185186 0.6688695507285035 0.008969907407407381 0.014627153687025739
0 0.859770393371582 0.877447001139323 0.011771011352539062 0.018071153428819445
0 0.8621032048722684 0.8875861264491606 0.010427018319917518 0.015898901243372482
0 0.4670775572458903 0.6626786220220873 0.010542011260986328 0.014222547743055557
0 0.4557291666666667 0.6536779835390947 0.008969907407407381 0.013631687242798413
0 0.8484612724757952 0.870178269555863 0.00907676348547722 0.015368065160596332
0 0.8515949170124482 0.8857384355309668 0.01015733056708162 0.015752266789611145
