1 0.5321141242980957 0.38391859266493056 0.05926837921142578 0.08199598524305556
0 0.3955946922302246 0.9125030517578125 0.012715530395507811 0.020652601453993058
0 0.1822751522064209 0.5609042697482639 0.011468911170959472 0.0193450927734375
2 0.695487117767334 0.17372156778971354 0.022927474975585938 0.037858242458767365
0 0.9052509307861328 0.9148300170898438 0.011662673950195313 0.0190185546875
2 0.7271441459655762 0.2815257602267795 0.024607086181640626 0.03610805935329861
0 0.1325089931488037 0.3302419874403212 0.009260225296020507 0.016446601019965278
0 0.7694695472717286 0.407020992702908 0.01176137924194336 0.018821885850694445
0 0.4456271171569824 0.7754509819878472 0.013804912567138672 0.025666639539930557
0 0.650629997253418 0.6886350843641493 0.012763404846191406 0.021523369683159724
2 0.34782066345214846 0.2280448913574219 0.011687755584716797 0.018288082546657987
0 0.2131824493408203 0.34639646742078994 0.01022167205810547 0.018463982476128474
0 0.862818717956543 0.9721654256184896 0.010269546508789062 0.01787685818142361
0 0.12581286430358887 0.3130345662434896 0.013150501251220702 0.01603427463107639
0 0.7993426322937012 0.7756418863932292 0.011912727355957031 0.018930731879340277
0 0.41386919021606444 0.9312065124511719 0.011447525024414063 0.021745300292968752
0 0.21535054890219563 0.32396318474162783 0.012163173652694622 0.01718784652916391
0 0.1503243512974052 0.8870037702373033 0.009980039920159693 0.019960079840319413
