1 0.15464468002319337 0.2823162502712674 0.05376152992248535 0.0670474582248264
1 0.33217318058013917 0.07212931315104167 0.04236788749694824 0.0919600592719184
2 0.9211393356323242 0.9634651184082031 0.024950790405273437 0.04290754530164931
2 0.5026637554168701 0.4595455593532986 0.023842525482177735 0.04049835205078125
0 0.4582466125488281 0.8840575324164497 0.012863731384277344 0.020436943901909723
0 0.23261003494262694 0.28166097005208335 0.013099575042724609 0.02158152262369792
0 0.6210898876190185 0.40721011691623266 0.012363433837890625 0.021028306749131944
0 0.41399121284484863 0.5309821234809028 0.011796855926513672 0.019893391927083334
0 0.7323115348815918 0.18076875474717882 0.010408973693847657 0.0180938720703125
0 0.9843534469604492 0.9020501030815973 0.012856674194335936 0.021708848741319446
0 0.6604193687438965 0.32761571672227646 0.010419654846191406 0.020066621568467884
2 0.9163042068481445 0.9240054660373265 0.02291412353515625 0.0418182373046875
0 0.9769689559936523 0.61769773695204 0.012526321411132812 0.01835445827907986
2 0.31347291469573973 0.14947632683648004 0.013061475753784179 0.02735112508138021
0 0.6722326278686523 0.5025236341688368 0.0119354248046875 0.020825873480902778
0 0.04837208390235901 0.8393306308322483 0.011478567123413086 0.02009616427951389
0 0.14853376150131226 0.9077472262912327 0.012779068946838378 0.019759792751736113
0 0.3888246536254883 0.33785247802734375 0.011708545684814452 0.018696424696180557
0 0.18845009803771973 0.5865921020507813 0.0128997802734375 0.020991685655381946
0 0.029214196652173997 0.012600835164388022 0.011917318403720855 0.021150716145833335
0 0.42581605911254883 0.3621400621202257 0.012138080596923829 0.018536037868923612
0 0.7268056869506836 0.19963039822048612 0.01405353546142578 0.019205220540364585
0 0.41102147102355957 0.26785736083984374 0.010840988159179688 0.019175804985894097
0 0.7291157722473145 0.13458243476019965 0.007392120361328125 0.010235934787326388
0 0.6238141741071428 0.32283399470899465 0.011625744047619098 0.01901455026455026
