1 0.48422951698303224 0.7313423156738281 0.054749488830566406 0.09884521484375
0 0.879052734375 0.47610244750976566 0.012029266357421875 0.017957000732421877
1 0.06658112853765488 0.8474473571777345 0.05385625660419464 0.04195831298828125
0 0.12222139835357666 0.4108338928222657 0.011591815948486328 0.017767333984375
0 0.2192807674407959 0.7688745117187501 0.012654781341552734 0.018963623046875003
0 0.035286903381347656 0.27546226501464843 0.012360191345214844 0.018708801269531252
2 0.24940431118011475 0.016447391510009766 0.02170224189758301 0.03289478302001953
2 0.2187434196472168 0.04699081420898438 0.02339282035827637 0.0354119873046875
2 0.24050991535186766 0.051707611083984376 0.02219099998474121 0.03636528015136719
0 0.5237032890319824 0.39014419555664065 0.012538909912109375 0.019131469726562503
0 0.30316689014434817 0.40216644287109377 0.014033222198486328 0.022332763671875002
0 0.7792753219604492 0.6737889862060548 0.011862754821777344 0.01634490966796875
0 0.1596614360809326 0.24476875305175783 0.010074853897094727 0.015092773437500002
0 0.6122884750366211 0.40573196411132817 0.012143516540527343 0.018984375
0 0.3540367841720581 0.3622184753417969 0.01186819076538086 0.01706512451171875
2 0.3599414825439453 0.21367557525634767 0.022457027435302736 0.03796142578125
0 0.5886511325836181 0.006617431640625 0.010487747192382813 0.01323486328125
0 0.6565423965454101 0.3058104705810547 0.010204315185546875 0.014802856445312502
2 0.35113229751586916 0.41418731689453125 0.01662864685058594 0.022992248535156252
0 0.7904966354370118 0.3447048950195313 0.008974456787109375 0.014899749755859375
2 0.6453903198242188 0.017361183166503907 0.013136482238769532 0.02005645751953125
