1 0.42075014114379883 0.5166475677490234 0.07225408554077148 0.06989089965820312
0 0.11559312343597412 0.6903134155273438 0.012131071090698243 0.01744476318359375
0 0.9405187606811524 0.5912078857421875 0.012030792236328126 0.019208374023437502
2 0.7247268676757812 0.17049808502197267 0.02486000061035156 0.036699218750000005
0 0.5849934577941894 0.8045989990234376 0.011004447937011719 0.017461242675781252
0 0.6324716567993164 0.7231350708007813 0.011472702026367188 0.018265686035156253
2 0.1744687557220459 0.6664697265625 0.025765609741210938 0.04152694702148438
0 0.22651095390319823 0.23214736938476563 0.011196517944335937 0.016510925292968753
0 0.9440072059631347 0.8751837921142579 0.013541030883789062 0.019878692626953125
0 0.6358598709106446 0.33554809570312505 0.011516761779785157 0.018417816162109375
0 0.36784446239471436 0.48082656860351564 0.012674474716186523 0.01960296630859375
1 0.29157819747924807 0.7999266052246095 0.03674650192260742 0.05021484375
0 0.6407339572906494 0.3224560928344727 0.012370109558105469 0.01475517272949219
0 0.6478677749633789 0.3377592468261719 0.011813163757324219 0.019098205566406252
1 0.667663860321045 0.23080574035644533 0.07787361145019531 0.03492019653320313
0 0.561408519744873 0.2855677032470703 0.009297752380371093 0.013908996582031251
