1 0.9203987121582031 0.26596624586317275 0.06981182098388672 0.0748628404405382
1 0.4298246502876282 0.25285521613226997 0.06748254299163818 0.03146141899956598
2 0.547176742553711 0.6007748074001736 0.023026466369628906 0.043822394476996526
0 0.4408236026763916 0.6661054823133681 0.011555004119873046 0.01834021674262153
0 0.4170990943908691 0.7181794908311632 0.012837028503417969 0.020463053385416666
0 0.6270884513854981 0.8695963541666667 0.011667633056640625 0.020791625976562502
1 0.35552570819854734 0.0243954340616862 0.0371098518371582 0.0487908681233724
0 0.2692017316818237 0.028556654188368058 0.01218099594116211 0.018707444932725695
0 0.18136301040649414 0.8882236904568143 0.01197049617767334 0.020449998643663196
0 0.6978775501251221 0.24209984673394097 0.011783504486083984 0.019255828857421876
0 0.5310787200927735 0.0900229983859592 0.009493637084960937 0.018464575873480903
0 0.2172830581665039 0.5831309000651042 0.011382961273193359 0.017238701714409724
0 0.5390381435771565 0.11291036485509752 0.010296058654785157 0.018131679958767362
0 0.21477293968200684 0.5618169148763021 0.010547399520874023 0.019605170355902778
0 0.8727764129638672 0.06828062269422744 0.010968017578125 0.019441901312934027
0 0.29001219272613527 0.9044052971733941 0.012284374237060547 0.018509080674913195
0 0.39255242347717284 0.1702905442979601 0.012986135482788085 0.0207977294921875
0 0.4643106460571289 0.4545450846354167 0.012631797790527343 0.022688123914930556
0 0.550919123010321 0.10143977434207233 0.01049346923828125 0.01587770250108507
0 0.542391020212418 0.07979788463873548 0.010856246948242188 0.017468770345052086
0 0.3500337381916329 0.8585620032988455 0.010543184885290142 0.017618833408307027
0 0.5520117902930403 0.08763227513227513 0.009729853479853527 0.013481888481888483
0 0.5752934854497355 0.26025132275132273 0.010540674603174694 0.017269253380364512
0 0.7107721560846562 0.36662257495590833 0.01074735449735454 0.016901822457378014
