1 0.23172664642333984 0.0886998748779297 0.06235551834106445 0.058523788452148444
0 0.49553775787353516 0.5897068023681641 0.011881828308105469 0.018292388916015628
1 0.7513036727905273 0.290885124206543 0.07086048126220704 0.03866737365722656
0 0.9855710983276367 0.45622924804687504 0.011039352416992188 0.01677734375
0 0.5778478622436524 0.7674005126953125 0.011391448974609374 0.018299865722656253
0 0.5921967506408692 0.7584498596191407 0.011891365051269531 0.01835479736328125
0 0.5722194671630859 0.7428602600097657 0.01084280014038086 0.0170928955078125
0 0.17345542907714845 0.6251580810546875 0.010666799545288087 0.01827484130859375
0 0.779856538772583 0.7404828643798829 0.012439727783203125 0.020123443603515628
0 0.7965658295281582 0.7593226788432268 0.01070205479452054 0.017884322678843226
