2 0.7861062049865722 0.6466918182373047 0.02074432373046875 0.033672637939453125
0 0.3099718809127808 0.16625953674316407 0.011403942108154297 0.016327819824218753
2 0.25786690711975097 0.6558973693847656 0.012116098403930664 0.0172808837890625
1 0.6138008117675782 0.5455580139160157 0.021894264221191406 0.10585479736328125
2 0.16623627299093197 0.8490905109858604 0.02606433141277211 0.03553545312406452
2 0.04807992577552796 0.1582787322998047 0.019391417503356934 0.02914756774902344
0 0.7513967037200928 0.16187252044677736 0.01246500015258789 0.01965354919433594
1 0.5470721244812011 0.7768368530273438 0.07829780578613281 0.030820617675781252
0 0.25831756591796873 0.5310684204101563 0.005596828460693359 0.007342529296875001
2 0.04665910005569458 0.12109443664550781 0.015951251983642577 0.029620208740234376
0 0.6403855323791504 0.8567524719238282 0.011488914489746094 0.01844635009765625
0 0.3901188373565674 0.3950845336914063 0.010933685302734374 0.01733642578125
0 0.1417210578918457 0.7359392547607423 0.00990886688232422 0.01439788818359375
0 0.7773785591125488 0.07438064575195313 0.01219472885131836 0.01894279479980469
0 0.1423440933227539 0.7860887145996094 0.010952377319335937 0.0154412841796875
0 0.5407397270202636 0.22153282165527347 0.010744857788085937 0.018177795410156253
2 0.018380844593048097 0.13254531860351562 0.012414199113845826 0.020185546875
0 0.18735033524904215 0.1970785440613027 0.011973180076628362 0.020593869731800777
0 0.3714379789272031 0.3393199233716475 0.011973180076628332 0.017720306513409934
0 0.47590397509578547 0.939176245210728 0.011973180076628332 0.019157088122605238
