0 0.869146728515625 0.20142271253797744 0.010535430908203126 0.017442237006293403
0 0.694529390335083 0.019866138034396703 0.011246109008789062 0.018758477105034723
0 0.5725938320159912 0.7520187377929688 0.012499713897705078 0.01983184814453125
2 0.3999680519104004 0.6120913187662761 0.023253536224365233 0.04279920789930556
0 0.6691286087036132 0.16374456617567276 0.012534713745117188 0.02069651285807292
0 0.95439453125 0.8003519694010417 0.012354469299316407 0.02129923502604167
0 0.6666153907775879 0.7439132690429687 0.017624664306640624 0.028385416666666666
0 0.00819086879491806 0.5433720058865018 0.013827764987945556 0.022016059027777778
0 0.6888916969299317 0.5921008639865452 0.011948585510253906 0.020571051703559027
0 0.6066565036773681 0.16818758646647136 0.012398242950439453 0.021333736843532985
0 0.20692753791809082 0.9924439324273003 0.011107158660888673 0.015112135145399306
0 0.9869207382202149 0.8526185777452258 0.014356613159179688 0.022032335069444447
