1 0.3145352840423584 0.4312145657009549 0.06612586975097656 0.059529283311631945
0 0.7227291107177735 0.6529346889919705 0.012352561950683594 0.020229424370659724
0 0.31674633026123045 0.7500286526150174 0.011273431777954101 0.01868252224392361
0 0.4914841175079346 0.09587495591905382 0.012416648864746093 0.020368279351128473
0 0.5273451805114746 0.18193990919325087 0.011517715454101563 0.019959089491102432
0 0.6233797073364258 0.4824166191948785 0.010987949371337891 0.018386501736111113
0 0.37837746143341067 0.16157472398546008 0.012896013259887694 0.019730631510416666
0 0.051761817932128903 0.9778881496853299 0.011027383804321288 0.02025790744357639
0 0.6304673194885254 0.7074420505099827 0.011688804626464844 0.0210784912109375
0 0.08387929201126099 0.319720204671224 0.012109470367431641 0.020186021592881947
0 0.6111197471618652 0.7319535149468316 0.010786056518554688 0.01938510470920139
0 0.0832675814628601 0.298162587483724 0.010700035095214843 0.016848585340711805
0 0.07289218306541442 0.29702546861436635 0.011585938930511474 0.01883578830295139
0 0.6219054222106933 0.7069091796875 0.01206674575805664 0.01976081000434028
0 0.09678409695625305 0.789485592312283 0.01163705587387085 0.022052171495225696
0 0.07601636302294196 0.27938971360024 0.010332321187584344 0.02061778377567849
0 0.17638888888888887 0.8550925925925926 0.010069444444444435 0.01697530864197524
