0 0.09493247866630554 0.028223915100097658 0.013466155529022217 0.019080657958984375
0 0.2082348346710205 0.9226518249511719 0.011918592453002929 0.018292694091796877
0 0.25939996242523194 0.27874507904052737 0.013167476654052735 0.019258422851562502
0 0.9097238540649414 0.06828918457031251 0.012399673461914062 0.018107757568359376
2 0.46471848487854 0.16971839904785158 0.02426767349243164 0.03485000610351563
0 0.9357706069946289 0.8301753234863282 0.010678863525390625 0.016456298828125
0 0.35563507080078127 0.7912887573242188 0.011016654968261718 0.0183392333984375
1 0.8992887496948242 0.18994094848632814 0.05754013061523437 0.048213195800781254
0 0.5897822380065918 0.15178207397460938 0.009737396240234375 0.014857330322265626
0 0.05697463750839233 0.49453994750976565 0.009148716926574707 0.013749084472656251
0 0.9260721206665039 0.8490632629394532 0.012098312377929688 0.017128906250000003
0 0.5938011646270752 0.4821983337402344 0.00892467498779297 0.01781097412109375
0 0.36500239463601536 0.7789750957854407 0.010476532567049841 0.016762452107279655
1 0.8915229885057472 0.17792145593869735 0.027238984674329458 0.11446360153256709
