1 0.23386148810386656 0.1508458709716797 0.08152018785476685 0.06278961181640626
1 0.09875505566596984 0.7528611755371094 0.04444278478622436 0.08168121337890626
1 0.14888496398925782 0.16828174591064454 0.07129652500152588 0.08865509033203126
0 0.1587353229522705 0.9078744506835938 0.012288975715637206 0.0181488037109375
0 0.3402552604675293 0.1658421325683594 0.011815357208251952 0.01873779296875
1 0.7111155986785889 0.45329490661621097 0.05826015472412109 0.053913116455078125
0 0.3056370973587036 0.07563735961914063 0.013041162490844726 0.022523345947265627
0 0.8847721099853515 0.3746006011962891 0.009498405456542968 0.014454040527343752
0 0.7371800899505615 0.4019866180419922 0.011795616149902344 0.01772216796875
0 0.6791604995727539 0.9324743652343751 0.009792900085449219 0.015228424072265627
0 0.3651322841644287 0.33060401916503906 0.009096240997314453 0.014134216308593751
0 0.6879746437072753 0.9231834411621095 0.0099334716796875 0.014151306152343751
