2 0.39427962303161623 0.9065596771240235 0.023987770080566406 0.035791320800781255
0 0.8100887298583984 0.9521577453613281 0.012090301513671875 0.017791748046875
0 0.8188954353332519 0.8150544738769532 0.011710929870605468 0.017308959960937502
0 0.632720947265625 0.18221233367919923 0.010875701904296875 0.0173016357421875
2 0.40795106887817384 0.9343234252929689 0.021808719635009764 0.036579742431640624
0 0.8817645072937011 0.8855966186523438 0.00916118621826172 0.013955078125000001
0 0.8008532524108887 0.12892494201660157 0.012949752807617187 0.019779815673828128
2 0.40034976005554196 0.5317027282714845 0.01732006072998047 0.026691741943359378
2 0.43355236053466795 0.9311776733398438 0.023745346069335937 0.03446197509765625
0 0.36174616813659666 0.9334457397460938 0.011711931228637696 0.01687469482421875
0 0.574561595916748 0.15575256347656252 0.012169837951660156 0.019102325439453127
0 0.6063897357723577 0.49974593495934966 0.011750508130081272 0.016768292682926834
