0 0.24419655799865722 0.54616943359375 0.01184539794921875 0.018252716064453126
2 0.8468955993652344 0.6330172729492188 0.022050094604492188 0.03347763061523438
0 0.3815653324127197 0.4450320434570313 0.010925197601318359 0.016965637207031252
2 0.1973375678062439 0.13478309631347657 0.02396714687347412 0.03640533447265625
2 0.21265878677368164 0.7552720642089844 0.024556446075439452 0.0449737548828125
0 0.844021224975586 0.8519798278808595 0.011226272583007813 0.01754058837890625
2 0.22742252349853515 0.7726538848876954 0.01246781349182129 0.022397155761718752
0 0.8594842910766601 0.8331188964843751 0.011007308959960938 0.0173858642578125
2 0.19540801048278808 0.16187721252441406 0.024860048294067384 0.030027618408203127
0 0.8491212844848632 0.824498748779297 0.012313079833984376 0.0192364501953125
0 0.8495568459657702 0.8372045639771801 0.009805419722901358 0.012632436837815817
