1 0.7083114624023438 0.12123592376708985 0.04326648712158203 0.11889083862304688
1 0.3285728931427002 0.6562686157226563 0.0244537353515625 0.128536376953125
0 0.783505630493164 0.32067153930664066 0.012959671020507811 0.018880615234375002
1 0.07216086387634277 0.3795201110839844 0.07887017726898193 0.02883087158203125
0 0.0806842565536499 0.18757125854492188 0.011737489700317382 0.016354217529296874
0 0.8605800628662109 0.40711158752441406 0.011629486083984375 0.0160357666015625
0 0.9398784637451172 0.10193820953369141 0.011857223510742188 0.019025955200195312
0 0.15640051364898683 0.7251785278320313 0.011764049530029297 0.01943572998046875
0 0.8759768486022949 0.2691173934936524 0.011343574523925782 0.0162359619140625
0 0.0679076611995697 0.1897406005859375 0.011958932876586914 0.01744842529296875
0 0.14561064243316652 0.7255669403076173 0.010951995849609375 0.017267150878906252
1 0.898321533203125 0.271644515991211 0.061245727539062496 0.0891722869873047
0 0.07681845426559449 0.20345375061035156 0.01188206672668457 0.016309509277343752
0 0.16205042600631714 0.5080776977539063 0.012380123138427734 0.018757629394531253
0 0.13804044723510742 0.7146572875976563 0.011298561096191406 0.0151763916015625
0 0.14810651540756226 0.7052580261230469 0.012279868125915527 0.019605102539062502
