1 0.507349157333374 0.8033882141113282 0.07347421646118164 0.10067718505859376
1 0.43332796096801757 0.5857447814941407 0.04568758010864258 0.12581451416015627
0 0.43952002525329587 0.2302531433105469 0.011262226104736327 0.017187271118164062
1 0.14220128059387208 0.14052757263183593 0.03774421215057373 0.06464813232421876
0 0.22153913974761963 0.3956485748291016 0.012535047531127929 0.019264984130859378
2 0.349854040145874 0.28927459716796877 0.021314716339111327 0.0419622802734375
0 0.6272342681884766 0.7448572540283204 0.010444831848144532 0.016587677001953127
0 0.38620016574859617 0.3456040954589844 0.011643123626708985 0.018140716552734377
0 0.8007693290710449 0.9659648132324219 0.012143135070800781 0.01770416259765625
0 0.6179780960083008 0.7366495513916016 0.010676956176757813 0.01610198974609375
0 0.3863477945327759 0.3275447463989258 0.011487531661987304 0.015369873046875001
0 0.3344923734664917 0.30340923309326173 0.011551380157470703 0.01782676696777344
0 0.03154238164424896 0.0993236541748047 0.01145448088645935 0.01958099365234375
0 0.42473958333333334 0.29750000000000004 0.010416666666666666 0.018333333333333333
