2 0.1557760000228882 0.9482993316650391 0.024363279342651367 0.03593414306640625
1 0.2557560682296753 0.04660499572753907 0.09266939163208007 0.06216545104980469
1 0.8609009742736816 0.2242244338989258 0.03771018981933594 0.09004142761230469
2 0.17108633518218994 0.6516613769531251 0.02395343780517578 0.038409423828125004
2 0.3919211387634277 0.14390972137451172 0.025092220306396483 0.03528495788574219
0 0.9691743850708008 0.36849929809570314 0.012813758850097655 0.019244537353515626
0 0.7665968418121338 0.08966510772705079 0.012170886993408203 0.018100128173828126
0 0.49114208221435546 0.5946078491210938 0.012717056274414062 0.01736724853515625
0 0.7223821640014648 0.8824354553222656 0.012598037719726562 0.01869110107421875
0 0.7373241901397705 0.8833016967773438 0.01215677261352539 0.017712860107421877
0 0.05141093730926514 0.05659652709960938 0.012329351902008057 0.018647155761718753
0 0.28685483932495115 0.48622146606445316 0.011459636688232421 0.015977172851562502
0 0.47487745098039214 0.5284926470588236 0.009191176470588225 0.015318627450980388
