2 0.8011831283569336 0.310366439819336 0.02310466766357422 0.03684036254882813
1 0.3927725553512573 0.5500033569335938 0.027118539810180663 0.10849639892578125
1 0.19776219129562378 0.9528025817871094 0.048215174674987794 0.093883056640625
1 0.2683031320571899 0.9161136627197266 0.0829662799835205 0.041416168212890625
1 0.9576990127563476 0.7291497802734376 0.02632904052734375 0.13396697998046875
0 0.8257841110229492 0.05357841491699219 0.012579917907714844 0.020052490234375
1 0.038494917750358584 0.9411481475830079 0.062329596281051634 0.029111633300781252
0 0.1884662389755249 0.39729080200195316 0.01208634376525879 0.020612030029296877
0 0.46602654457092285 0.13116073608398438 0.01102895736694336 0.017274856567382812
0 0.47084584236145016 0.1473699951171875 0.010866355895996094 0.015759429931640628
0 0.4777508735656738 0.13340091705322266 0.0113189697265625 0.01649162292480469
