2 0.47506799697875973 0.044948883056640625 0.025872039794921874 0.041751861572265625
0 0.07842025756835938 0.29443470001220706 0.011163735389709472 0.0168109130859375
0 0.21138620376586914 0.96118896484375 0.01332855224609375 0.019788360595703127
0 0.7666491031646728 0.5167356109619141 0.012438392639160157 0.018922729492187502
0 0.3806889533996582 0.6029293060302735 0.011684226989746093 0.017796936035156252
0 0.5416893005371094 0.3930881500244141 0.011454582214355469 0.017831726074218752
0 0.42036123275756837 0.7172639465332031 0.01113719940185547 0.018095703125
0 0.018582162261009217 0.24957221984863281 0.011316201090812683 0.017519073486328127
1 0.8937731742858886 0.5270402526855469 0.03563976287841797 0.12950897216796875
0 0.7913808345794677 0.6713836669921875 0.012218475341796875 0.0180926513671875
2 0.6930088043212891 0.4546379089355469 0.022508621215820312 0.039636840820312505
2 0.6744024753570557 0.4347824859619141 0.023140907287597656 0.03556793212890625
0 0.6289630889892578 0.04564544677734375 0.0114959716796875 0.017424392700195315
0 0.4428751468658447 0.7282833862304688 0.011573982238769532 0.016826629638671875
1 0.8025521993637085 0.4420526123046875 0.04290318489074707 0.06324920654296876
0 0.4864887237548828 0.14572002410888674 0.01172027587890625 0.018032836914062503
0 0.796056079864502 0.6885430908203125 0.011509513854980469 0.016626281738281252
0 0.8986318407960198 0.5541044776119403 0.010883084577114488 0.017827529021558916
