1 0.11222100257873535 0.3768863105773926 0.024405264854431154 0.08048702239990235
2 0.7232411861419678 0.7817190551757813 0.024822521209716796 0.037188110351562505
1 0.9615972518920898 0.6906193542480469 0.017997360229492186 0.12735870361328125
0 0.7681178092956543 0.08784015655517578 0.010662841796875 0.01666900634765625
1 0.5794336318969726 0.713330078125 0.09917278289794922 0.046649780273437504
0 0.7792171478271485 0.09114212036132813 0.010285377502441406 0.016097259521484376
0 0.19034957885742188 0.6691914367675782 0.010728740692138672 0.016961059570312503
1 0.5465629577636719 0.16522029876708985 0.019921016693115235 0.11849601745605469
0 0.9131057739257812 0.9134117126464845 0.011413764953613282 0.0168212890625
0 0.9683362960815429 0.2377317810058594 0.01179351806640625 0.01715728759765625
0 0.9650341987609863 0.30427223205566406 0.011403846740722656 0.01655853271484375
0 0.9182828903198242 0.8824551391601563 0.011635971069335938 0.01828582763671875
0 0.953056526184082 0.316329460144043 0.012889099121093749 0.01997428894042969
0 0.7706786632537842 0.11603500366210938 0.012383460998535156 0.022159805297851564
0 0.13399832248687743 0.3239474868774414 0.012564754486083985 0.01782585144042969
0 0.33187882900238036 0.29881145477294924 0.010899925231933593 0.018707885742187503
