1 0.41238932609558104 0.9218877156575521 0.0340153694152832 0.14667833116319445
2 0.44001293182373047 0.263663567437066 0.022900390625 0.03873036702473959
2 0.2792220115661621 0.892195298936632 0.026181697845458984 0.041534084743923616
2 0.5057215690612793 0.459397210015191 0.024365997314453124 0.04392835828993056
1 0.5234930038452148 0.425949944390191 0.017224216461181642 0.09320170084635417
2 0.8173036575317383 0.36887418958875867 0.026749801635742188 0.04433780246310764
1 0.5962236404418946 0.36906026204427084 0.026405906677246092 0.08358696831597223
2 0.1448328375816345 0.7831247965494792 0.024295926094055176 0.04058668348524306
0 0.5893256187438964 0.47866473727756076 0.011073875427246093 0.01905856662326389
0 0.29783666133880615 0.730743408203125 0.011248254776000976 0.02103034125434028
0 0.9338699494949495 0.5171156004489338 0.008522727272727218 0.01402918069584734
