1 0.9304107666015625 0.1750053405761719 0.06403083801269531 0.07724761962890625
0 0.5158627510070801 0.2232185745239258 0.012242889404296875 0.018997650146484375
0 0.867585277557373 0.1337575149536133 0.011969757080078126 0.019626235961914065
0 0.9146627426147461 0.10633895874023438 0.011742782592773438 0.0174639892578125
0 0.5774543762207032 0.15129150390625 0.011259078979492188 0.01851104736328125
1 0.530912208557129 0.8611170959472657 0.09727401733398437 0.03875823974609375
0 0.4233664035797119 0.38435455322265627 0.012308502197265625 0.01786712646484375
0 0.08556144237518311 0.6561081695556641 0.011837458610534668 0.018171844482421876
0 0.34689979553222655 0.42228393554687504 0.01166839599609375 0.01733245849609375
1 0.8928237915039062 0.20552070617675783 0.0417938232421875 0.104212646484375
0 0.6566366195678711 0.009240779876708984 0.011709785461425782 0.017692451477050782
0 0.3732900142669678 0.5359906005859375 0.011700725555419922 0.018788146972656253
0 0.36116766929626465 0.5356031799316406 0.012307548522949218 0.019665679931640628
0 0.004417474567890167 0.6355618286132813 0.008825361728668213 0.0197564697265625
0 0.12412536144256592 0.543372802734375 0.011368989944458008 0.017185974121093753
0 0.8899426855895196 0.17412663755458516 0.0086426491994177 0.016375545851528367
