2 0.2608573198318481 0.17617179022894966 0.02304530143737793 0.0420243157280816
0 0.718057918548584 0.2169415791829427 0.01248340606689453 0.021695624457465278
1 0.30906224250793457 0.5579542371961805 0.028592586517333984 0.11516418457031251
2 0.15326361656188964 0.8582058376736111 0.025113582611083984 0.03915456136067708
2 0.15286540985107422 0.8162665473090278 0.025382566452026366 0.03755340576171875
0 0.47162628173828125 0.4605857849121094 0.012095451354980469 0.020974731445312502
0 0.18941421556954433 0.4152769985691332 0.01380934715270996 0.02243618435329861
0 0.46585636138916015 0.036562347412109376 0.01070699691772461 0.01838048299153646
0 0.06695090532302857 0.3499516805013021 0.01338348388671875 0.018253750271267362
1 0.028556415438652036 0.9072621663411459 0.012908172607421874 0.13999532063802084
0 0.49443798065185546 0.39051903618706596 0.012695693969726562 0.022294786241319444
0 0.015496459230780602 0.6504796346028646 0.010661561042070389 0.019139946831597223
0 0.017195434868335725 0.6302513970269098 0.010720118880271912 0.019713846842447917
0 0.18057518005371093 0.06220338609483507 0.010883808135986328 0.0179032219780816
