2 0.11184019744396209 0.840612538655599 0.02487197518348694 0.04109785291883681
1 0.6469156265258789 0.1174603780110677 0.023032379150390626 0.10308668348524307
2 0.3666366100311279 0.8867850409613716 0.02127532958984375 0.04820658365885417
0 0.6810192108154297 0.5983358595106337 0.011705684661865234 0.019311692979600694
0 0.09727222919464111 0.7063664754231771 0.012027478218078614 0.02107696533203125
0 0.2777864933013916 0.04116914537217882 0.012874221801757813 0.024255286322699653
0 0.10267715752124786 0.423416985405816 0.010823196172714234 0.018478563096788195
0 0.6012625694274902 0.3963233100043403 0.011989402770996093 0.02027248806423611
0 0.7852681159973145 0.1199936760796441 0.012363052368164063 0.02086851331922743
0 0.2690279960632324 0.6428473578559029 0.010566806793212891 0.01760219997829861
0 0.280410299277658 0.4205605732918308 0.010327987717877404 0.018211092058921893
0 0.5820062637329102 0.9560070461697049 0.016660690307617188 0.024582417805989583
0 0.25464677810668945 0.4069061279296875 0.011381244659423828 0.018360731336805557
0 0.12196998596191407 0.19131050109863282 0.012122821807861329 0.02072601318359375
0 0.9870502471923828 0.8852765401204428 0.012141036987304687 0.0188018798828125
0 0.8806985855102539 0.896437242296007 0.011377334594726562 0.017826673719618057
0 0.6371161460876464 0.5951773749457465 0.012412071228027344 0.01939968532986111
0 0.82730073928833 0.9641799926757812 0.012805747985839843 0.021785142686631946
0 0.2631130111628565 0.42220445858085925 0.01041190870876972 0.019484532938628157
0 0.42867405582922824 0.5683269476372924 0.011288998357963879 0.018244845831052695
0 0.37594930213464695 0.722495894909688 0.009493021346469632 0.017332603539500092
0 0.22444581280788178 0.7434774676153986 0.012315270935960587 0.0191570881226053
0 0.7865998641304346 0.8026368760064413 0.010190217391304301 0.017109500805153006
0 0.9633718297101448 0.32256441223832527 0.01047327898550717 0.019122383252818002
