1 0.37936959266662595 0.6527769470214844 0.05955371856689453 0.10623687744140625
1 0.5631478309631348 0.3388232803344727 0.015883255004882812 0.10135810852050782
0 0.994456672668457 0.47279434204101567 0.010532379150390625 0.01800811767578125
0 0.9519735336303711 0.07382774353027344 0.012027740478515625 0.019265670776367188
0 0.16779000759124757 0.4544822692871094 0.01134185791015625 0.018891143798828128
0 0.8291303634643554 0.6353276062011719 0.011559677124023438 0.015684661865234376
0 0.6056801795959472 0.38497329711914063 0.010961341857910156 0.016799774169921875
2 0.7572098731994629 0.0465087890625 0.010036849975585937 0.01602783203125
0 0.9481573104858398 0.08839134216308595 0.013271331787109375 0.017166748046875
1 0.4778090860785507 0.6846433763581563 0.04285743759899603 0.08274576760889071
