1 0.5175788879394532 0.5221002197265625 0.0697087287902832 0.06356842041015626
1 0.447214412689209 0.12864959716796875 0.0548431396484375 0.11192222595214844
1 0.30233657360076904 0.6902640533447266 0.05136771202087402 0.10407165527343751
1 0.1756872296333313 0.3033393478393555 0.0677344560623169 0.060061492919921876
2 0.8741392135620117 0.9263755798339844 0.026140975952148437 0.0372235107421875
2 0.7400293350219727 0.6440049743652344 0.024187278747558594 0.0371026611328125
0 0.7287764549255371 0.7982661437988282 0.01204824447631836 0.01836456298828125
2 0.8450740814208985 0.9719094848632813 0.025492095947265623 0.043822021484375
2 0.09529832601547242 0.6427346801757813 0.027008914947509764 0.042932739257812505
2 0.8442651748657226 0.9173738098144532 0.027927398681640625 0.0424554443359375
0 0.5467846870422364 0.6869754791259766 0.011109161376953124 0.016346435546875
2 0.07919614315032959 0.6726513671875001 0.01996800899505615 0.03361587524414063
0 0.8755042076110839 0.6467701721191407 0.012592697143554687 0.019243621826171876
2 0.0888140320777893 0.7205963134765625 0.022397780418395997 0.0429425048828125
2 0.8630607604980468 0.9594392395019532 0.019448280334472656 0.03151336669921875
2 0.6574358940124512 0.012289581298828126 0.019982337951660156 0.024197158813476564
1 0.9859554290771484 0.6196991729736329 0.026044464111328124 0.0744000244140625
1 0.2244619369506836 0.32328887939453127 0.06409940719604493 0.04654403686523438
0 0.7010852813720703 0.4758074951171875 0.011057472229003907 0.0169488525390625
