1 0.777049446105957 0.19189498901367188 0.029968452453613282 0.13362884521484375
1 0.4332691192626953 0.22212066650390627 0.027444267272949217 0.10830886840820313
0 0.04564905762672424 0.4497257995605469 0.010984039306640625 0.017252960205078126
0 0.6207930564880371 0.1834804916381836 0.012811088562011718 0.01936370849609375
2 0.5152697563171387 0.23706668853759766 0.026156234741210937 0.04100517272949219
0 0.029504943639039993 0.026902732849121095 0.011769948899745942 0.017392272949218752
2 0.489511775970459 0.23751686096191407 0.022687339782714845 0.0422503662109375
1 0.019901129603385925 0.8167915344238281 0.03980225920677185 0.07410095214843751
0 0.4385393142700195 0.655410614013672 0.01221017837524414 0.019127197265625
0 0.2764695167541504 0.2981686401367188 0.011591815948486328 0.01912933349609375
0 0.03356040120124817 0.5855348205566406 0.009884321689605713 0.016091918945312502
1 0.9820651054382324 0.8522370910644532 0.035869789123535153 0.10763580322265626
1 0.5201299667358399 0.9579828643798829 0.025405120849609376 0.07054946899414063
0 0.7525448322296142 0.6453721618652344 0.01151866912841797 0.017655944824218752
0 0.7529552459716797 0.6633834838867188 0.011439704895019531 0.0185833740234375
0 0.8242145538330078 0.3203396224975586 0.01264801025390625 0.020447158813476564
0 0.48940919714995273 0.12168876400540499 0.008567047119140626 0.013315277099609377
0 0.7640446186065674 0.664891586303711 0.01319904327392578 0.020444488525390627
0 0.4931440282191626 0.1395848979921183 0.0081939697265625 0.013105926513671876
