2 0.9446523666381835 0.45121345520019535 0.02410545349121094 0.038125
0 0.3209149122238159 0.7359123229980469 0.012181997299194336 0.019378204345703125
0 0.1712563157081604 0.9283079528808594 0.013107562065124511 0.0191064453125
0 0.317063045501709 0.8902519989013672 0.011347293853759766 0.01771087646484375
0 0.935810375213623 0.12656333923339844 0.011554718017578125 0.017214813232421876
1 0.05959503054618835 0.7382197570800781 0.09468823671340942 0.04410247802734375
0 0.6961618423461914 0.9925436401367188 0.011009597778320312 0.014906616210937501
0 0.13779797554016113 0.03740657806396484 0.011575984954833984 0.018250885009765627
0 0.12572524547576905 0.4008488464355469 0.012504959106445312 0.0193670654296875
0 0.20403571724891661 0.2626009368896485 0.011836421489715577 0.017089385986328125
