0 0.4518109321594238 0.589822998046875 0.011517715454101563 0.01781707763671875
0 0.16668882369995117 0.8894429779052735 0.012538146972656249 0.018233184814453126
0 0.45904884338378904 0.185824089050293 0.012677192687988281 0.019437789916992188
2 0.5071527481079101 0.6526971435546876 0.020462799072265624 0.033883056640625
0 0.2428205966949463 0.17189071655273438 0.010423660278320312 0.017069549560546876
0 0.17397141456604004 0.6956991577148438 0.012956094741821288 0.0204156494140625
2 0.49198126792907715 0.6755966186523438 0.021760940551757812 0.034510955810546876
0 0.4895171165466308 0.10130603790283203 0.012009048461914062 0.018956375122070313
0 0.48153076171875 0.9523936462402345 0.009967899322509766 0.015451965332031251
0 0.48799791336059567 0.7186846160888672 0.01376218795776367 0.019167022705078127
0 0.4727311134338379 0.9477365112304688 0.009492874145507812 0.0150543212890625
0 0.4975008964538574 0.15631809234619143 0.013688087463378906 0.019119110107421875
0 0.5791275024414062 0.458292465209961 0.011568832397460937 0.018539276123046875
