1 0.9197193145751953 0.5175625610351563 0.07358551025390625 0.049416198730468756
1 0.2797428607940674 0.2039128112792969 0.03999624252319336 0.11682098388671876
0 0.6558136940002441 0.9721373748779297 0.010817527770996094 0.016434783935546877
0 0.8429337501525879 0.5288410949707032 0.011139297485351562 0.01754241943359375
2 0.24835152626037596 0.7084379577636719 0.02194042205810547 0.04349624633789063
1 0.09570823311805725 0.6083134460449219 0.027079617977142333 0.10874114990234375
0 0.5289590358734131 0.41677093505859375 0.012911605834960937 0.018784637451171877
0 0.2013477325439453 0.16605239868164062 0.011170578002929688 0.01762725830078125
0 0.5392020225524903 0.9617908477783204 0.011517715454101563 0.017256622314453126
0 0.6258487224578857 0.21371971130371095 0.012417316436767578 0.01765838623046875
0 0.4045133590698242 0.8021807861328125 0.010273075103759766 0.0164794921875
0 0.5712377548217773 0.542125244140625 0.01358642578125 0.01815765380859375
