1 0.5790719985961914 0.37601652145385744 0.0641897201538086 0.09858036041259766
0 0.3353598117828369 0.8908331298828126 0.011895751953125 0.01864593505859375
2 0.6917263984680175 0.9756561279296876 0.023646450042724608 0.03977630615234375
0 0.11689127683639526 0.9081816101074219 0.011986875534057617 0.018296813964843752
2 0.8974884033203124 0.5444035339355469 0.021990585327148437 0.04086837768554688
0 0.9724627494812011 0.8324552917480469 0.011992454528808594 0.018091125488281252
0 0.5689388751983643 0.5374038696289063 0.011250686645507813 0.01705047607421875
0 0.9959916114807129 0.5170948028564454 0.00801677703857422 0.020077819824218752
1 0.4074227213859558 0.7286157226562501 0.02067415714263916 0.1511932373046875
0 0.3635400772094727 0.8391116333007813 0.011879348754882812 0.019292297363281252
0 0.323250937461853 0.5230435180664063 0.012417459487915039 0.018182678222656252
1 0.09573513269424438 0.24916824340820315 0.01966242790222168 0.0646630859375
