1 0.44939866065979 0.286112060546875 0.05862874984741211 0.07382347106933594
2 0.01725778579711914 0.16833877563476562 0.025110024213790893 0.035998535156250004
1 0.5364260673522949 0.21630882263183596 0.02115764617919922 0.08560775756835938
1 0.4392341613769531 0.9290298461914063 0.05659141540527344 0.08526702880859376
2 0.7331806659698487 0.5337153625488281 0.021771621704101563 0.035425872802734376
2 0.2884854316711426 0.9233473205566407 0.021143436431884766 0.0333697509765625
1 0.5039477348327637 0.40954544067382814 0.03193511962890625 0.08439971923828125
2 0.9937365531921386 0.48692543029785157 0.012526893615722656 0.044383087158203126
0 0.823643684387207 0.5297753143310547 0.011549949645996094 0.01774658203125
0 0.8286075592041016 0.5116185760498048 0.01151580810546875 0.016717529296875002
0 0.8170656204223633 0.5080136108398438 0.011274337768554688 0.0172796630859375
0 0.815705680847168 0.4897097778320313 0.011796188354492188 0.017007141113281252
