2 0.6709473609924317 0.5929122924804688 0.02600898742675781 0.040380859375
2 0.4474196434020996 0.8141990661621095 0.02101898193359375 0.0272210693359375
2 0.7092955589294434 0.5022584533691407 0.021299457550048827 0.03439453125
2 0.18944816589355468 0.9581324768066407 0.022986316680908205 0.03672119140625
1 0.035346579551696775 0.9350926971435547 0.03366196155548096 0.12981460571289063
2 0.3009143114089966 0.9389189910888672 0.022714567184448243 0.0347735595703125
2 0.5724157333374024 0.6929625701904297 0.02339630126953125 0.03624740600585938
2 0.56746826171875 0.5477461242675782 0.01825885772705078 0.03293548583984375
2 0.34034597873687744 0.9092955780029297 0.023364162445068358 0.03363021850585938
2 0.6164000034332275 0.5750878143310547 0.015728282928466796 0.02471435546875
2 0.33586251735687256 0.9586209106445314 0.020490169525146484 0.03311065673828125
2 0.4367483139038086 0.7603991699218751 0.023454856872558594 0.0401080322265625
2 0.5470914840698242 0.6776486206054688 0.024497795104980468 0.03524017333984375
2 0.17083925008773804 0.985979232788086 0.026447057723999023 0.028041534423828125
2 0.40591078996658325 0.7815786743164063 0.020252013206481935 0.038140869140625006
2 0.22405464649200438 0.8856746673583985 0.021153354644775392 0.0364892578125
1 0.7441117763519287 0.5702529907226563 0.0629338264465332 0.0865289306640625
0 0.9425600051879882 0.1302578353881836 0.010994911193847656 0.016156387329101563
2 0.004535144940018654 0.9886299133300782 0.009070289880037307 0.022740173339843753
0 0.7762515068054199 0.9704829406738282 0.011667823791503907 0.017953033447265627
2 0.6732430934906006 0.4661051177978516 0.010494709014892578 0.017010498046875003
0 0.9343618392944336 0.11835105895996094 0.00912017822265625 0.013319091796875002
2 0.27582354545593263 0.8519197845458985 0.016528511047363283 0.029264373779296877
2 0.591089916229248 0.5727835083007813 0.019862556457519533 0.035388183593750004
0 0.09479976892471313 0.33793785095214846 0.011706662178039551 0.017642822265625
2 0.6309074878692627 0.5730519104003906 0.010386466979980469 0.01680999755859375
2 0.7667828559875488 0.7618435668945313 0.020909881591796874 0.033480224609375005
2 0.6639835858585859 0.7540404040404041 0.014835858585858593 0.02626262626262625
0 0.7667297979797979 0.9838383838383838 0.01199494949494948 0.01818181818181832
