2 0.26206049919128416 0.7390226576063368 0.02241973876953125 0.04057888454861111
2 0.13103830814361572 0.6293107774522569 0.023938608169555665 0.038027784559461805
2 0.725474500656128 0.517236328125 0.02220945358276367 0.037373860677083336
2 0.09518796801567078 0.13213395012749565 0.031692111492156984 0.04449310302734375
0 0.6421204566955566 0.4707758585611979 0.011156845092773437 0.019672648111979166
0 0.21426568031311036 0.8230875651041667 0.011885452270507812 0.02110137939453125
0 0.09013221859931946 0.644254387749566 0.012461328506469726 0.021151055230034722
0 0.6168486595153808 0.4953451368543837 0.01416015625 0.020817226833767362
2 0.1951814651489258 0.9651096767849393 0.020929288864135743 0.033850606282552084
2 0.18899620771408082 0.9275899251302083 0.019778800010681153 0.03647562662760417
0 0.8523964881896973 0.9045203314887154 0.015086936950683593 0.021819898817274308
2 0.17330584526062012 0.9567452324761285 0.027141642570495606 0.0366761949327257
0 0.9864492416381836 0.8258269415961372 0.011529159545898438 0.019386121961805558
0 0.6136432647705078 0.4730322943793403 0.01225738525390625 0.022038099500868057
2 0.17000911235809327 0.9221776326497396 0.021897029876708985 0.038601854112413195
