1 0.5638252258300781 0.08778888702392579 0.06016464233398437 0.1004076385498047
0 0.31666412353515627 0.18548229217529297 0.012190532684326173 0.018662719726562502
0 0.6052826881408692 0.31078285217285156 0.01160736083984375 0.017492218017578127
1 0.6938151359558106 0.6689823913574219 0.033681297302246095 0.12492523193359376
1 0.497567081451416 0.8767047119140625 0.022183036804199217 0.13615966796875
1 0.40328178405761717 0.0824459457397461 0.020971393585205077 0.13688858032226564
0 0.007134436070919036 0.9182321166992188 0.011953422427177429 0.019395446777343752
0 0.2394636869430542 0.6545681762695313 0.012558794021606446 0.017735290527343753
0 0.8386116027832031 0.017852611541748047 0.012119293212890625 0.019299583435058595
0 0.2013550519943237 0.27870758056640627 0.011522197723388672 0.018426208496093752
0 0.41220922470092775 0.49383369445800784 0.012490272521972656 0.018963623046875003
1 0.4416958332061767 0.2172606658935547 0.050469589233398435 0.02490966796875
0 0.6368001302083334 0.22070312500000003 0.01220703125 0.01953125
