1 0.8915979385375976 0.6112924194335938 0.06994781494140626 0.0801165771484375
1 0.846202278137207 0.7267916107177735 0.05426101684570312 0.053433837890625
2 0.026083803921937942 0.647054443359375 0.023088692128658293 0.041467590332031255
1 0.15366383790969848 0.13290283203125 0.03690946102142334 0.11228164672851564
1 0.9483062744140625 0.12265693664550782 0.046599960327148436 0.10696823120117188
2 0.2403956890106201 0.527759017944336 0.024474906921386718 0.0386627197265625
0 0.10366799533367156 0.2655242919921875 0.012607198953628539 0.01792083740234375
0 0.9422294616699218 0.0916753387451172 0.013037109375 0.02083587646484375
0 0.10091450214385986 0.2838792419433594 0.01260380744934082 0.0184576416015625
1 0.5191874027252197 0.6722804260253906 0.062103271484375 0.021004333496093753
0 0.3779709815979004 0.21137401580810547 0.011322593688964844 0.01807670593261719
0 0.34786601066589357 0.2115070724487305 0.010401439666748048 0.016386642456054687
0 0.3601686000823975 0.18733108520507813 0.01134333610534668 0.016377716064453127
0 0.35861408710479736 0.20485687255859375 0.011321353912353515 0.018968963623046876
0 0.3490111204954955 0.19425675675675677 0.009325731981981989 0.016328828828828842
0 0.36933417792792794 0.20087274774774774 0.00950168918918918 0.01492117117117116
