1 0.6067708333333334 0.09398148148148149 0.059375 0.09722222222222222
2 0.6640625 0.7125 0.026041666666666668 0.03796296296296296
0 0.18958333333333333 0.20324074074074075 0.010416666666666666 0.021296296296296296
0 0.09609375 0.6212962962962963 0.013020833333333334 0.018518518518518517
0 0.38359375 0.46620370370370373 0.009895833333333333 0.021296296296296296
0 0.43906249999999997 0.4865740740740741 0.009375 0.02314814814814815
0 0.4395833333333333 0.8583333333333334 0.011458333333333333 0.016666666666666666
0 0.6013020833333333 0.8722222222222222 0.011979166666666666 0.018518518518518517
0 0.7885416666666667 0.8527777777777779 0.009375 0.016666666666666666
0 0.9125 0.6527777777777778 0.011458333333333333 0.018518518518518517
