1 0.2301379919052124 0.8194207763671876 0.07402305603027344 0.061921691894531256
1 0.35024704933166506 0.16846935272216798 0.0463902473449707 0.08388145446777344
2 0.09432455897331238 0.7768663787841797 0.0219399094581604 0.037912902832031255
0 0.6341536521911622 0.7163615417480469 0.012630462646484375 0.01837432861328125
0 0.18235902786254882 0.5381819152832031 0.012755250930786133 0.017966156005859376
0 0.24496264457702635 0.12597053527832033 0.012992763519287109 0.01894805908203125
0 0.7703886985778808 0.26846763610839847 0.011425209045410157 0.017880096435546874
0 0.9115638732910156 0.9071115112304688 0.01201457977294922 0.01629913330078125
0 0.9135918617248535 0.9250038146972657 0.012674331665039062 0.01842315673828125
0 0.2548924684524536 0.47870132446289065 0.012438154220581055 0.018578186035156253
0 0.17434515953063964 0.9277855682373047 0.011986351013183594 0.017893524169921876
