1 0.5960038185119629 0.3698048909505208 0.05946846008300781 0.12332221137152778
1 0.4225903511047363 0.01866249508327908 0.03981761932373047 0.03732499016655816
2 0.5175095558166504 0.44811943901909723 0.02234172821044922 0.041911485460069446
0 0.23427672386169432 0.35645429823133684 0.012128639221191406 0.02150539822048611
0 0.7290918350219726 0.4413370768229167 0.011308097839355468 0.01960177951388889
0 0.6757801532745361 0.6053877088758681 0.012038516998291015 0.018581814236111112
0 0.186331844329834 0.656288825141059 0.008779025077819825 0.015815565321180555
0 0.12839562908496735 0.5880083514887436 0.010212418300653604 0.01860929557007991
0 0.1845639297385621 0.6765159767610748 0.010723039215686262 0.015885984023239003
0 0.062780841503268 0.8426379811183733 0.009191176470588232 0.014978213507625229
