1 0.8973342895507812 0.31130882263183596 0.07415885925292968 0.07269836425781251
2 0.3953908920288086 0.8702014160156251 0.022879981994628908 0.0341619873046875
1 0.16992241144180298 0.4653867340087891 0.034104418754577634 0.10542602539062501
0 0.14705190658569336 0.24993919372558596 0.012573146820068359 0.017770843505859377
0 0.1402031660079956 0.01269145965576172 0.011637258529663085 0.01866142272949219
0 0.018376565352082253 0.3221372222900391 0.011834620684385299 0.018493118286132815
1 0.047650319337844846 0.9660943603515626 0.08675887584686279 0.03058135986328125
0 0.3387348175048828 0.7587554168701173 0.012578582763671875 0.0187139892578125
0 0.3323709487915039 0.3414684867858887 0.01262216567993164 0.018582496643066406
0 0.11465132236480713 0.19859870910644534 0.012060832977294923 0.017665557861328125
1 0.06228566765785217 0.9362798309326172 0.05044940710067749 0.051179504394531256
