1 0.3003103733062744 0.533341810438368 0.03371782302856445 0.1350557115342882
0 0.018045851215720176 0.21792060004340277 0.011782873421907425 0.020175594753689238
0 0.9311966896057129 0.9059024386935765 0.011902999877929688 0.019446818033854167
0 0.3177016258239746 0.051056162516276045 0.011804962158203125 0.018593851725260416
1 0.6554333686828613 0.4554438273111979 0.058933258056640625 0.07613220214843751
2 0.14203381538391113 0.5270740085177952 0.022491836547851564 0.042159695095486116
0 0.905307674407959 0.9868014865451389 0.012968826293945312 0.021364339192708335
0 0.9454509735107421 0.49048521253797744 0.011443328857421876 0.02005581325954861
0 0.7909984588623047 0.8169830322265625 0.010910797119140624 0.018213568793402777
0 0.09786617159843444 0.33846638997395834 0.010162293910980225 0.016979302300347224
0 0.7148974418640137 0.790899403889974 0.010074615478515625 0.018517049153645833
0 0.5649958610534668 0.9652220831976996 0.010886001586914062 0.018535020616319446
0 0.10706076622009277 0.32767715454101565 0.010781574249267577 0.020784505208333335
0 0.10935854911804199 0.7980456034342448 0.008482551574707032 0.013884819878472223
0 0.47535758706467657 0.5495209139487746 0.009587479270315077 0.01658374792703154
0 0.5503731343283582 0.7220379583563663 0.011401326699834157 0.018887046250230285
0 0.4791148424543946 0.8284503408881517 0.009328358208955242 0.017044407591671248
0 0.9363339552238804 0.48871383821632586 0.010623963515754535 0.021190344573429134
