1 0.10542640686035155 0.18047943115234377 0.03719196319580078 0.08874984741210938
1 0.8766066025043355 0.0747540046428812 0.0221100708533978 0.12795628514783136
1 0.9393259048461914 0.20624656677246095 0.049664306640625 0.025861511230468752
0 0.9855228424072265 0.19744564056396485 0.010335159301757813 0.013544464111328126
0 0.38746445178985595 0.8810199737548828 0.010832452774047851 0.015532073974609376
0 0.2394552946090698 0.18599380493164064 0.011263275146484375 0.018154907226562503
0 0.7840745925903321 0.560308074951172 0.008147430419921876 0.0108148193359375
0 0.46538410186767576 0.37453216552734375 0.010517120361328125 0.016114654541015627
0 0.8927629470825195 0.16984649658203127 0.010657501220703126 0.0171990966796875
0 0.1394127155172414 0.19827586206896555 0.010326867816091963 0.017241379310344817
0 0.7997710129310346 0.23653017241379312 0.009204382183908066 0.014727011494252908
