0 0.3419071674346924 0.35979173448350693 0.0123565673828125 0.02165900336371528
2 0.6881357192993164 0.24888136121961807 0.027276611328125 0.0411163330078125
0 0.23399114608764648 0.03102450900607639 0.011574459075927735 0.019576856825086808
0 0.9074785232543945 0.6580131530761719 0.013180923461914061 0.02342139350043403
0 0.9789515495300293 0.8286332024468316 0.01225738525390625 0.021577962239583335
0 0.19722282886505127 0.7192333645290799 0.012037515640258789 0.018350219726562502
0 0.32983899116516113 0.5019053988986545 0.01160430908203125 0.020687527126736112
0 0.09754967093467712 0.4443937513563368 0.012115395069122315 0.020488484700520834
0 0.9638815879821777 0.8287051730685764 0.013888168334960937 0.021155802408854167
0 0.04427900314331055 0.1641182369656033 0.0121803879737854 0.019372389051649307
0 0.250537371635437 0.14042786492241754 0.012402963638305665 0.020639292399088544
0 0.09381992168259586 0.46169938323422377 0.0069415937457091735 0.013519887345183567
0 0.94105838370208 0.2078182921765379 0.010697242257675654 0.020219561647997687
0 0.10422008264373248 0.46044826768849 0.012688069111317472 0.015176523983750728
0 0.7119827270507812 0.3625955369737413 0.012078475952148438 0.01943206787109375
0 0.10033770928462712 0.4754354811432437 0.011415525114155237 0.015643497378657244
0 0.7367120726495727 0.31081829692940804 0.009348290598290631 0.018597657486546383
0 0.04893046265328875 0.18363681407159665 0.011845039018952064 0.014864362690449651
