1 0.08227977603673935 0.748653564453125 0.07047303020954132 0.07619674682617188
1 0.5152699470520019 0.6042833709716797 0.07431545257568359 0.050806884765625004
1 0.7368373870849609 0.3814988899230957 0.038353347778320314 0.1175167465209961
0 0.46555218696594236 0.9250003051757814 0.01288919448852539 0.01972625732421875
1 0.39505596160888673 0.3217837905883789 0.08117170333862304 0.043837509155273444
0 0.06662099957466125 0.3090289306640625 0.0116399884223938 0.016953430175781253
0 0.8299411773681641 0.8104737854003907 0.011685562133789063 0.0188067626953125
0 0.298930025100708 0.02379593849182129 0.011899757385253906 0.0182160758972168
0 0.06686056852340698 0.3276633071899414 0.012026119232177734 0.017256622314453126
0 0.8697160720825196 0.3279075622558594 0.012800216674804688 0.01898406982421875
0 0.3379570960998535 0.1946501922607422 0.011359691619873047 0.017620849609375003
0 0.3737552404403687 0.7270921325683595 0.012017202377319337 0.017066650390625
0 0.8097442626953125 0.21093688964843751 0.012447357177734375 0.018541259765625002
0 0.32582521438598633 0.06987850189208984 0.012548732757568359 0.01855316162109375
0 0.9056896209716797 0.893851318359375 0.01031036376953125 0.015128326416015626
0 0.9192502975463867 0.3390642929077149 0.012975311279296875 0.019586868286132812
0 0.35720465183258054 0.7089728546142579 0.011881399154663085 0.018126068115234376
0 0.8060766220092773 0.9100274658203126 0.011009597778320312 0.01641876220703125
0 0.9266778945922851 0.19454170227050782 0.011091232299804688 0.019219207763671878
0 0.44797000885009763 0.9921258544921876 0.010500907897949219 0.015748291015625002
0 0.4076179504394531 0.8742776489257813 0.010431671142578125 0.016435241699218752
0 0.9360099792480469 0.3436057281494141 0.013446044921874999 0.019599456787109375
0 0.8955982208251952 0.8883663940429688 0.009306716918945312 0.016320800781250002
0 0.37651197910308837 0.577862777709961 0.010702896118164062 0.017021331787109375
0 0.7935340881347657 0.37168838500976564 0.009809112548828125 0.014722137451171876
0 0.6740042686462402 0.7306382751464844 0.011149978637695313 0.016036376953125
0 0.8030115365982056 0.37755867004394533 0.010798215866088867 0.018248291015625
0 0.3289548992673993 0.17994505494505494 0.011160714285714295 0.0183150183150183
0 0.437055067001675 0.9886934673366834 0.011515912897822448 0.017587939698492507
0 0.5706658291457286 0.9189698492462313 0.010730737018425411 0.01716917922948066
