1 0.817514443397522 0.9684930419921876 0.056714200973510744 0.063013916015625
1 0.9574216842651367 0.2984977722167969 0.07016353607177735 0.055964660644531254
0 0.9038478851318359 0.5311965942382812 0.01158447265625 0.018553619384765626
2 0.4069521427154541 0.9038258361816407 0.02435903549194336 0.0373297119140625
0 0.09005900621414184 0.7461155700683594 0.012313580513000489 0.019466552734375
2 0.15281553268432618 0.14214431762695312 0.026145005226135252 0.037571868896484374
2 0.10596565008163451 0.27621437072753907 0.022150683403015136 0.038087158203125006
2 0.16401121616363526 0.19210357666015626 0.025518417358398438 0.039491577148437505
2 0.07317724227905273 0.28149620056152347 0.02178356647491455 0.03591033935546875
2 0.09918484687805176 0.3497796630859375 0.026480937004089353 0.03216598510742188
2 0.09985055923461914 0.3140850830078125 0.026329922676086425 0.03703872680664063
2 0.4213355541229248 0.9374328613281251 0.022168827056884766 0.04072540283203125
0 0.5032803058624268 0.5054206848144531 0.009307956695556641 0.014740905761718751
