1 0.9482532501220703 0.24384185791015628 0.04375114440917969 0.11944847106933594
2 0.008856956660747529 0.8540130615234376 0.017713913321495058 0.036418914794921875
1 0.17787520885467528 0.3659989929199219 0.07244901657104492 0.06189468383789063
0 0.6329641819000245 0.04734905242919922 0.011950969696044922 0.018126907348632815
1 0.09561089277267457 0.5368875122070312 0.08669259548187255 0.04617034912109375
2 0.5257824897766114 0.48907783508300784 0.024593162536621093 0.03205703735351563
0 0.5705108642578125 0.7499034118652345 0.0111358642578125 0.016685791015625
0 0.3146031856536865 0.44901992797851564 0.011387205123901368 0.01764129638671875
1 0.03125387728214264 0.9263449096679688 0.06239212155342102 0.033265686035156256
2 0.48525161743164064 0.4341250610351563 0.02581825256347656 0.040454406738281254
1 0.9183810234069824 0.43180862426757816 0.0648611068725586 0.05910659790039063
0 0.821339225769043 0.5847201538085938 0.012318038940429687 0.018316650390625
2 0.016173478588461875 0.984926109313965 0.016660363227128983 0.026885452270507815
2 0.005962212383747101 0.960774383544922 0.01186716854572296 0.036259002685546875
0 0.2986588478088379 0.8559896850585939 0.011339569091796875 0.015980834960937502
0 0.6597432136535645 0.9707769775390626 0.009547710418701172 0.014672241210937501
0 0.5559956550598144 0.4787760925292969 0.01103363037109375 0.018372497558593753
