1 0.16676797866821289 0.7555975341796876 0.08519172668457031 0.0676739501953125
1 0.6627173206971868 0.47321119607267165 0.07245994046663924 0.08066830278987454
1 0.03865664005279541 0.6132273864746094 0.06606512069702149 0.03893218994140625
0 0.041097819805145264 0.8506610107421876 0.011652606725692748 0.01849609375
2 0.618389892578125 0.17586013793945313 0.02229909896850586 0.03954925537109375
0 0.22188911437988282 0.24836540222167972 0.011279773712158204 0.017211151123046876
0 0.02844075262546539 0.8285461425781251 0.011428433656692504 0.017901458740234376
0 0.7639689445495605 0.6671467590332032 0.012567901611328125 0.019166259765625002
0 0.029785293340682983 0.8454640197753907 0.011088907718658447 0.01618408203125
1 0.21071271896362304 0.08098438262939453 0.04769711494445801 0.07014060974121095
0 0.24409646987915037 0.15585968017578125 0.01220235824584961 0.018766174316406252
0 0.6534316062927246 0.17930156707763673 0.013098907470703124 0.019854202270507815
0 0.2897487163543701 0.2846815490722656 0.010515689849853516 0.016017913818359375
0 0.10725538730621338 0.19441162109375001 0.01295313835144043 0.016065292358398438
0 0.12366648912429809 0.18486160278320313 0.012902522087097168 0.020030670166015625
0 0.11112005710601806 0.16261997222900393 0.011757779121398925 0.018374404907226565
0 0.6452043533325196 0.5214483642578125 0.01096038818359375 0.01810882568359375
0 0.3386082649230957 0.25726272583007814 0.011160039901733398 0.016483154296875
0 0.7820731163024902 0.7612434387207032 0.011823558807373047 0.01669891357421875
0 0.1017038345336914 0.16419715881347657 0.013001060485839844 0.0193463134765625
0 0.12214436531066894 0.1640440368652344 0.011590528488159179 0.018162689208984378
0 0.4470100402832031 0.8496032714843751 0.014440345764160156 0.023991088867187503
0 0.16975512504577636 0.06550308227539063 0.010975456237792969 0.018187713623046876
0 0.6365392684936524 0.1782704544067383 0.012687492370605468 0.02175224304199219
0 0.1721735668789809 0.73328025477707 0.012606157112526557 0.019639065817409766
0 0.10196314102564102 0.18221153846153845 0.01241987179487179 0.01826923076923078
0 0.11177884615384615 0.17852564102564103 0.010817307692307694 0.016666666666666666
0 0.846087308598351 0.42020023557126035 0.010490282685512279 0.018845700824499403
