1 0.6377338409423828 0.26949217054578994 0.07685661315917969 0.06422899034288194
0 0.3951533317565918 0.20005052354600694 0.012180423736572266 0.01910519070095486
0 0.5162569046020508 0.06374604966905383 0.012813377380371093 0.021789720323350695
0 0.41960783004760743 0.4663157145182292 0.012761688232421875 0.020774671766493058
0 0.6728098869323731 0.08877410888671876 0.012176132202148438 0.019871012369791666
0 0.33433539867401124 0.5811614990234375 0.011304998397827148 0.01873779296875
0 0.15237128734588623 0.02588640848795573 0.011891317367553712 0.020452033148871528
0 0.2355959892272949 0.7774729410807292 0.012251663208007812 0.02070651584201389
0 0.3069445133209229 0.2187880622016059 0.011380290985107422 0.018212805853949653
0 0.3651084899902344 0.8486818101671008 0.012009048461914062 0.020740932888454862
0 0.3722381114959717 0.17111579047309028 0.012644720077514647 0.02168155246310764
0 0.10333937406539917 0.4581949022081163 0.01256721019744873 0.020959303114149307
0 0.6169848918914795 0.6266559176974826 0.012055492401123047 0.021358574761284724
0 0.1942055940628052 0.5802000257703993 0.01212615966796875 0.020717366536458334
0 0.7104238510131836 0.3718853420681424 0.012354660034179687 0.021542527940538195
0 0.5887535572052002 0.1516002231174045 0.012220382690429688 0.021125962999131945
0 0.1877818822860718 0.3769222683376736 0.0133439302444458 0.021050347222222224
0 0.49610233306884766 0.6364020453559028 0.01190013885498047 0.019609239366319444
0 0.19662210941314698 0.7480517917209202 0.011156749725341798 0.02019619411892361
0 0.7760571956634521 0.5524090237087674 0.011865615844726562 0.018845960828993057
0 0.4849785804748535 0.21625840928819445 0.011355781555175781 0.019580417209201388
0 0.06969384551048279 0.6534961276584201 0.012585484981536865 0.019645182291666667
0 0.6527972221374512 0.6378811306423612 0.011172962188720704 0.018808152940538194
0 0.0803541898727417 0.6090788099500868 0.01278705596923828 0.0206207275390625
0 0.28639397621154783 0.40261645846896704 0.011525535583496093 0.018359205457899305
0 0.5926827907562255 0.35525427924262154 0.008944225311279298 0.014964463975694444
0 0.8030071258544922 0.9263517591688368 0.0112701416015625 0.018192884657118057
0 0.5270249366760253 0.8445709228515625 0.009797954559326172 0.01702236599392361
0 0.41197643280029295 0.7878445095486112 0.013537406921386719 0.022942437065972224
0 0.08642263412475586 0.17082884046766494 0.01193552017211914 0.02116190592447917
0 0.08804616332054138 0.5216453552246094 0.01168745756149292 0.019019741482204863
0 0.0805860698223114 0.5036634657118055 0.012204587459564209 0.020261298285590278
0 0.9379596710205078 0.09513990614149306 0.012569808959960937 0.021524895562065972
