0 0.6434108734130859 0.8737782287597656 0.012614059448242187 0.01977447509765625
0 0.05920121669769287 0.2759307861328125 0.01183626651763916 0.019387664794921877
0 0.4175547122955322 0.026966009140014652 0.010851764678955078 0.016756153106689455
1 0.8126526117324829 0.5164363861083985 0.08003535270690917 0.055483856201171876
0 0.9678674697875976 0.04656021118164063 0.011223793029785156 0.017174530029296878
0 0.5261725425720215 0.3289921569824219 0.012705516815185546 0.019947662353515628
0 0.3400518178939819 0.7567603302001954 0.011564397811889648 0.019221343994140626
0 0.6757653236389161 0.8506343078613282 0.012421226501464844 0.019250183105468752
0 0.8485507965087891 0.43029815673828126 0.011737632751464843 0.01790618896484375
0 0.5298099994659424 0.39267646789550786 0.010262680053710938 0.015685882568359375
0 0.29106554985046384 0.07745849609375001 0.011792945861816406 0.017430725097656252
0 0.31171426773071287 0.041072845458984375 0.012592220306396484 0.018885345458984376
0 0.19298868179321288 0.3325411987304688 0.013201093673706055 0.02171173095703125
0 0.8500230202578267 0.21546961325966849 0.009783609576427328 0.015653775322283608
