1 0.44484338760375974 0.3848809814453125 0.06114978790283203 0.06630523681640625
1 0.9651496887207031 0.07183044433593751 0.04184379577636719 0.08249244689941407
0 0.1652781844139099 0.2349727249145508 0.011631011962890625 0.0179473876953125
1 0.6995816230773926 0.15874797821044923 0.0461273193359375 0.06194305419921876
0 0.49174633026123044 0.8837158203125001 0.011819934844970703 0.01886749267578125
1 0.7094980239868164 0.5778694152832031 0.07134552001953125 0.040291748046875
2 0.9484804153442382 0.5231993103027344 0.021668243408203124 0.032876586914062506
2 0.8729549407958984 0.018440093994140625 0.017175865173339844 0.03320442199707031
0 0.702219295501709 0.5181822204589844 0.01223583221435547 0.018152618408203126
1 0.6324427604675293 0.9673141479492188 0.043081474304199216 0.06027221679687501
0 0.4905567169189453 0.5081482696533204 0.0087982177734375 0.01321136474609375
0 0.470064115524292 0.8894355773925782 0.008623695373535157 0.0151611328125
0 0.5229009631490787 0.8410804020100503 0.008375209380234535 0.01381909547738701
