1 0.33832473754882814 0.3514500935872396 0.026672840118408203 0.174363030327691
1 0.24131412506103514 0.16418558756510418 0.017674350738525392 0.10938042534722223
0 0.30228142738342284 0.22502746582031252 0.011631965637207031 0.019401719835069445
0 0.9548595428466796 0.29199871487087675 0.011894607543945312 0.019838205973307294
0 0.5617139339447021 0.2217947218153212 0.012883472442626952 0.021214972601996528
0 0.30058441162109373 0.10983386569552951 0.012973594665527343 0.021820068359375
0 0.46429738998413084 0.6585054185655382 0.011438274383544922 0.020013427734375002
0 0.12950069904327394 0.13007693820529515 0.011689376831054688 0.01843143039279514
0 0.12894065380096437 0.07922066582573785 0.013071823120117187 0.021289910210503474
0 0.2517480611801147 0.7807893541124132 0.011756181716918945 0.01913384331597222
0 0.6813302993774414 0.6124791463216146 0.012189674377441406 0.021053738064236112
0 0.43555331230163574 0.10098868476019966 0.01302652359008789 0.02188296847873264
0 0.4244402985074627 0.09899576193108536 0.009328358208955181 0.021190344573429148
