1 0.6940150737762452 0.5129131740993924 0.050613212585449215 0.11885630289713542
0 0.027110594511032104 0.3996478610568577 0.011292588710784913 0.019263203938802084
0 0.018165593966841698 0.26792611016167533 0.012766457349061965 0.021089341905381944
0 0.07245311141014099 0.6157076517740886 0.012245237827301025 0.020529344346788197
0 0.5726665496826172 0.5860877143012153 0.01209850311279297 0.018868340386284724
0 0.3276072978973389 0.5397009955512153 0.010760307312011719 0.01934746636284722
0 0.4027066111564636 0.7353837754991319 0.01637003421783447 0.02257453070746528
0 0.827663516998291 0.015592998928493924 0.010533332824707031 0.018927764892578126
0 0.818364143371582 0.5774383544921875 0.011650848388671874 0.018511284722222222
0 0.4141923427581787 0.7518302917480469 0.011364173889160157 0.01970706515842014
0 0.7842033386230469 0.5538311428493924 0.011103248596191407 0.019507344563802084
0 0.7941325187683106 0.5601927015516494 0.011317062377929687 0.02032267252604167
0 0.3891805648803711 0.7565140618218317 0.012478351593017578 0.02146640353732639
0 0.7238348007202149 0.8728000217013889 0.011617660522460938 0.020731268988715277
0 0.31534619331359864 0.18132417466905382 0.010360097885131836 0.01646355523003472
0 0.32721405029296874 0.18242225646972657 0.00964183807373047 0.016743214925130208
0 0.3291205883026123 0.9654184977213542 0.012383651733398438 0.021102566189236113
0 0.1339542031288147 0.5430006239149305 0.012182283401489257 0.020252821180555557
0 0.40169763565063477 0.7554634941948785 0.013584327697753905 0.020632595486111113
0 0.27525658700980393 0.05184504357298481 0.010148590686274517 0.018041938997821343
0 0.31872319240196073 0.16503267973856217 0.010148590686274517 0.017020697167756012
