0 0.953813362121582 0.43098968505859375 0.012855911254882812 0.0191949462890625
2 0.5467844009399414 0.9096226501464845 0.02266979217529297 0.03573593139648438
0 0.726467227935791 0.7213333892822266 0.01259632110595703 0.019406433105468752
1 0.5888825416564941 0.5211643981933594 0.08798446655273437 0.032054748535156254
0 0.6052404403686523 0.25416728973388675 0.010585212707519531 0.015955734252929687
0 0.7914645671844482 0.5042498779296876 0.01048870086669922 0.01604522705078125
1 0.4817607879638672 0.6363159179687501 0.020371246337890624 0.12793609619140625
2 0.8352199554443359 0.5587370300292969 0.032242965698242185 0.04459075927734375
0 0.16916544437408448 0.1713835906982422 0.011845755577087402 0.01863800048828125
0 0.9956544876098633 0.39387145996093753 0.008691024780273438 0.01918670654296875
1 0.27573199272155763 0.8207923889160157 0.02245321273803711 0.04300384521484375
2 0.4491430282592773 0.9713211059570314 0.02636280059814453 0.03662872314453125
0 0.10648455619812011 0.9024266052246094 0.010778379440307618 0.016965332031250002
0 0.8451414108276367 0.6098065185546876 0.011065864562988281 0.016651611328125
0 0.808010482788086 0.13414329528808594 0.012813758850097655 0.020482711791992188
0 0.8577550888061524 0.6044731140136719 0.011439895629882813 0.01680816650390625
0 0.856015396118164 0.5857298278808594 0.012389373779296876 0.01720672607421875
0 0.15957200527191162 0.11886154174804689 0.01026930809020996 0.015998916625976564
0 0.14269111156463624 0.11753425598144532 0.012134170532226563 0.018770141601562502
0 0.1305667996406555 0.09862167358398438 0.011649036407470703 0.01838134765625
