1 0.26346783638000487 0.7845687866210938 0.06500940322875977 0.07816992865668403
0 0.5529956340789794 0.4387580023871528 0.011235618591308593 0.019114176432291668
0 0.5562479019165039 0.828320566813151 0.012701034545898438 0.02091403537326389
2 0.2089118480682373 0.3916147867838542 0.023703289031982423 0.045796034071180554
1 0.5737216949462891 0.2653404235839844 0.03551006317138672 0.08546371459960937
2 0.19146425724029542 0.4081080118815104 0.019585323333740235 0.039332411024305555
0 0.7771248817443848 0.5084730360243056 0.010315704345703124 0.014530944824218751
0 0.15474139091108932 0.15553854483145255 0.01058822399904941 0.014780793366608798
0 0.9636999130249023 0.207378175523546 0.013630294799804687 0.02275967068142361
0 0.9351278940836588 0.6236317173355687 0.011038187206472946 0.021670406822071154
0 0.20741510391235352 0.6228010389539931 0.009904098510742188 0.017593553331163195
0 0.6167704582214355 0.8355946858723958 0.011673736572265624 0.020586819118923613
0 0.9414715259454705 0.6076575406075551 0.009894459102902431 0.016972615452534073
0 0.8547002792358398 0.1173066880967882 0.010073089599609375 0.016441853841145833
0 0.5607236862182617 0.41609810723198787 0.01337890625 0.021311102973090277
0 0.7401188850402832 0.5211246066623264 0.009872817993164062 0.01681891547309028
0 0.14785289115646258 0.14417989417989419 0.011267006802721073 0.019274376417233573
