1 0.6133321285247803 0.8874722290039063 0.07489328384399414 0.0392364501953125
1 0.061676587164402004 0.1877812957763672 0.06164164245128632 0.11681831359863282
0 0.5402579307556152 0.06670536041259766 0.012723731994628906 0.019739837646484376
0 0.21579766273498535 0.5283889770507812 0.011740589141845703 0.01882415771484375
0 0.24295861721038817 0.9573705291748047 0.01176280975341797 0.01796295166015625
0 0.7427221298217773 0.7496601867675782 0.012372398376464843 0.018674621582031252
0 0.5903564929962158 0.6282357788085938 0.009909343719482423 0.016920166015625
0 0.7702009677886963 0.7069984436035157 0.008375072479248047 0.01171112060546875
0 0.6885207176208497 0.8629936981201173 0.011859512329101563 0.017775115966796876
0 0.7615707397460938 0.7201797485351563 0.009305572509765625 0.013944091796875
0 0.9101077079772949 0.8126493835449219 0.0113128662109375 0.018308105468750002
1 0.7380046367645263 0.8275332641601563 0.045771121978759766 0.08207122802734375
0 0.9176748275756835 0.7596614074707032 0.011334991455078125 0.015278625488281251
0 0.6008576393127442 0.6228152465820312 0.011868667602539063 0.01754608154296875
0 0.016702647507190704 0.5130801391601563 0.012137576937675476 0.0190655517578125
0 0.7097903728485108 0.9810424423217774 0.012171077728271484 0.019039993286132813
2 0.8881072998046875 0.6902307128906251 0.012099075317382812 0.0184130859375
0 0.5979832572298326 0.6404109589041097 0.01165334855403349 0.017503805175038092
