1 0.9366868019104003 0.6182369656032987 0.032880973815917966 0.10232645670572917
0 0.6411830902099609 0.8621309068467883 0.012763786315917968 0.02120700412326389
0 0.09176061153411866 0.8629262288411459 0.012215089797973634 0.02074924045138889
0 0.7849669456481934 0.4919678582085504 0.012227344512939452 0.021502685546875
0 0.017923578247427942 0.8415037367078994 0.010964090377092362 0.017664591471354168
2 0.35112581253051756 0.6514211018880208 0.023767662048339844 0.05155605740017361
0 0.7072299957275391 0.4647079467773438 0.011931037902832032 0.021803114149305556
0 0.7908888816833496 0.28704104953342013 0.011431598663330078 0.019196912977430557
0 0.8281898498535156 0.8630337185329862 0.012169075012207032 0.020958794487847224
2 0.7229309975695448 0.1679455005302631 0.02150620213982203 0.032495242325717225
0 0.48081045150756835 0.027691141764322916 0.01287841796875 0.019890679253472224
0 0.3333916664123535 0.8756340874565972 0.011265754699707031 0.020683458116319445
2 0.7316911139455783 0.1983654572940288 0.018866921768707457 0.037792894935752094
