1 0.14647685289382933 0.40086196899414067 0.05206530094146728 0.11341766357421876
1 0.8715583801269531 0.3270156860351563 0.05663032531738281 0.053828277587890626
0 0.7070987701416016 0.8617665100097657 0.012882328033447266 0.0201324462890625
2 0.20285334587097167 0.4469206237792969 0.02884812355041504 0.03666778564453125
0 0.4794144630432129 0.7048934936523438 0.011677169799804687 0.017332763671875
0 0.32271723747253417 0.7223384857177735 0.012515640258789063 0.018406982421875002
0 0.0787234365940094 0.49823898315429693 0.01280883550643921 0.01958404541015625
1 0.22164925932884216 0.5576239013671875 0.081226646900177 0.036702880859375
0 0.7778278827667237 0.3568467712402344 0.011335182189941406 0.017817230224609376
0 0.01815919578075409 0.9072861480712892 0.012605005502700805 0.018132781982421877
1 0.3523688316345215 0.4201596069335938 0.038227272033691403 0.07732894897460937
0 0.09852759838104248 0.45067466735839845 0.012403011322021484 0.017944793701171875
0 0.33811521530151367 0.19725494384765627 0.012662696838378906 0.019006195068359377
0 0.9960015296936034 0.18224090576171875 0.007996940612792968 0.018590774536132813
1 0.5422316074371338 0.9553520202636719 0.018120574951171874 0.0793890380859375
0 0.9889994621276855 0.7102998352050782 0.011623191833496093 0.017686767578125002
0 0.7719063282012939 0.30247810363769534 0.011038398742675782 0.0172198486328125
0 0.8496204376220703 0.5866250610351563 0.012223052978515624 0.017968750000000002
0 0.8122996794871794 0.10302197802197803 0.011733058608058636 0.020146520146520158
