1 0.6905821800231934 0.4897706773546007 0.06237106323242187 0.1050508287217882
1 0.278232216835022 0.6267801072862413 0.029875516891479492 0.13536851671006944
2 0.6435257434844971 0.5176823933919271 0.021993350982666016 0.03891160753038195
1 0.6551193237304688 0.3669720119900174 0.0848550796508789 0.03811459011501736
2 0.23782548904418946 0.2115067376030816 0.0245025634765625 0.04248877631293403
2 0.11759006977081299 0.49012112087673615 0.025446414947509766 0.04311794704861111
2 0.7319951057434082 0.7112969292534722 0.019374275207519533 0.03336351182725695
0 0.3186147928237915 0.3948620266384549 0.012221193313598633 0.021873643663194445
2 0.7412542819976806 0.4541780259874132 0.024642086029052733 0.04365929497612847
2 0.7100046157836915 0.705480448404948 0.023009109497070312 0.04088643391927083
0 0.24802899360656738 0.4177730984157986 0.012101459503173827 0.02140740288628472
0 0.8784761428833008 0.28165554470486115 0.011388778686523438 0.01803521050347222
0 0.4234363555908203 0.7289725409613715 0.010964393615722656 0.019790310329861113
0 0.12068126201629638 0.17108722262912326 0.011356878280639648 0.01902008056640625
0 0.3521697521209717 0.2415191650390625 0.011595010757446289 0.019809129503038196
0 0.17648261785507202 0.13109232584635416 0.011257481575012208 0.018392266167534723
1 0.6730608463287353 0.8084542168511285 0.05002593994140625 0.026651848687065972
0 0.8813706398010254 0.2178919474283854 0.011450958251953126 0.020396084255642363
2 0.7681241512298584 0.4566251118977865 0.019078445434570313 0.036137729220920144
0 0.5405326366424561 0.4090076870388455 0.012470245361328125 0.02049628363715278
0 0.9914566040039062 0.41007910834418404 0.013692855834960938 0.02244500054253472
0 0.879470157623291 0.23949076334635416 0.009210586547851562 0.01472201877170139
0 0.7506295680999756 0.05872361924913195 0.012351512908935547 0.020048099093967015
