1 0.31405937671661377 0.5454740905761719 0.06855101585388183 0.0772021484375
1 0.263163161277771 0.10687881469726564 0.0773390293121338 0.060740814208984376
1 0.3997479438781738 0.8029879760742188 0.053980541229248044 0.041857910156250004
1 0.21278195977210998 0.06365707397460937 0.0768243670463562 0.04498252868652344
1 0.09658271074295044 0.23208023071289063 0.036986279487609866 0.11975463867187501
1 0.7820498466491699 0.9647056579589844 0.01661262512207031 0.07058868408203126
0 0.12788825035095214 0.14805450439453127 0.0108184814453125 0.017066421508789065
2 0.035051316022872925 0.1640506362915039 0.01732834577560425 0.04477180480957031
0 0.7810886383056641 0.7429998779296876 0.012665367126464844 0.0202398681640625
0 0.5320362091064453 0.3231571197509766 0.012188720703125 0.0184100341796875
0 0.04650905728340149 0.05289710998535157 0.010720574855804443 0.0167333984375
0 0.0103789446875453 0.2053459930419922 0.011205807700753212 0.017430419921875002
0 0.7808648586273194 0.48309272766113287 0.011944580078125 0.018130950927734375
0 0.06686680316925049 0.26322715759277343 0.011144256591796875 0.016786270141601563
0 0.7341118812561035 0.8953540802001954 0.009710121154785156 0.016259613037109377
0 0.7694361209869385 0.40229583740234376 0.011610984802246094 0.01754608154296875
0 0.36975679397583006 0.47218170166015627 0.012137031555175782 0.017391967773437503
0 0.965168571472168 0.6820433044433594 0.010895538330078124 0.0161505126953125
1 0.7634809494018555 0.05846729278564453 0.07492351531982422 0.025224456787109377
0 0.13640094995498658 0.2565961074829102 0.01142730712890625 0.018152313232421877
0 0.06885789632797241 0.7247281646728516 0.011925935745239258 0.0180731201171875
0 0.5311221122741699 0.34292327880859375 0.011558151245117188 0.01841217041015625
0 0.1584963917732239 0.07549133300781251 0.010014724731445313 0.015383148193359376
0 0.3634949207305908 0.7358492279052735 0.01129322052001953 0.0176116943359375
0 0.0442832350730896 0.9285350036621094 0.011505317687988282 0.01695831298828125
0 0.6019387245178223 0.6782519531250001 0.011669635772705078 0.018355712890625
0 0.3756944444444444 0.395 0.01111111111111113 0.02
0 0.06940901360544217 0.28180272108843535 0.010841836734693877 0.016666666666666666
0 0.07238520408163265 0.4717687074829932 0.009566326530612245 0.016326530612244882
0 0.10597363945578231 0.6018707482993197 0.009566326530612245 0.013945578231292569
0 0.12159863945578231 0.7331632653061224 0.011904761904761908 0.01734693877551024
0 0.2221513605442177 0.9255102040816326 0.01147959183673469 0.01972789115646265
