2 0.7646615028381347 0.550461663140191 0.023192977905273436 0.03701375325520834
1 0.1850772023200989 0.10263248019748264 0.051903605461120605 0.0760557386610243
0 0.3648662446159744 0.6918674053718955 0.010687280055160642 0.018874276075822156
0 0.8508792877197265 0.42027842203776045 0.012292861938476562 0.019967651367187502
1 0.5854969024658203 0.42110934787326393 0.036300277709960936 0.08716566297743056
0 0.20229339599609375 0.5858705308702257 0.013092947006225585 0.02095675998263889
0 0.6915902137756348 0.9865457322862413 0.012261581420898438 0.021453857421875
0 0.9237930297851562 0.600091298421224 0.011587905883789062 0.021259901258680557
0 0.8160732269287109 0.9821689181857639 0.0117706298828125 0.0193450927734375
0 0.3726963520050049 0.6652348836263021 0.012299633026123047 0.017654588487413195
0 0.18819527626037597 0.6319707234700521 0.013072919845581054 0.022303263346354168
0 0.3884141445159912 0.6924808078342014 0.011974239349365234 0.019954935709635416
0 0.08715713620185853 0.7870338439941407 0.008659148216247558 0.014231024848090279
0 0.44402389526367186 0.7229891459147135 0.0124420166015625 0.022742207845052084
0 0.9854183197021484 0.23984459771050348 0.012231826782226562 0.01735475328233507
0 0.9810705184936523 0.22414139641655817 0.010799980163574219 0.015656280517578124
0 0.0858471155166626 0.8044506496853299 0.011179327964782715 0.01873389350043403
0 0.37554824561403505 0.6999925026240815 0.010543184885290142 0.01836857100014992
0 0.46316211201079616 0.4915654520917679 0.011175775978407524 0.016119358224621346
0 0.5909001572327045 0.4549557419054274 0.010482180293501031 0.017761472163987876
0 0.9754563823857301 0.23581692059952927 0.009754738015607481 0.015793385358602755
