2 0.3282220125198364 0.6412974039713542 0.02120819091796875 0.042720201280381946
2 0.0810637891292572 0.10095180935329862 0.021989727020263673 0.0375612046983507
2 0.48746304512023925 0.46765179104275173 0.023608875274658204 0.040194871690538196
2 0.42259869575500486 0.7623904758029514 0.024731159210205078 0.04035000271267361
0 0.9789705276489258 0.02715852525499132 0.012534332275390624 0.021639166937934027
0 0.1665675401687622 0.3126290215386285 0.011060190200805665 0.018498908148871528
0 0.4303860664367676 0.2077622731526693 0.011316490173339844 0.018935648600260417
0 0.6019981384277344 0.5692211574978299 0.011741256713867188 0.019658067491319445
0 0.21899471282958985 0.47076416015625 0.009783458709716798 0.017856004503038196
2 0.19099266529083253 0.06020694308810764 0.01889691352844238 0.04378577338324653
0 0.20845313072204588 0.4720030042860243 0.010739898681640625 0.018566555447048612
0 0.21258680555555556 0.4867283950617284 0.009895833333333333 0.014814814814814815
