1 0.8700977325439453 0.26915306091308594 0.020510101318359376 0.11722885131835939
0 0.32790634632110593 0.3746446990966797 0.01239638328552246 0.017935791015625
0 0.22736132144927979 0.45088249206542974 0.011919116973876953 0.018534393310546876
0 0.7019794464111329 0.19365577697753908 0.012160396575927735 0.0186376953125
1 0.46700263023376465 0.46705833435058597 0.02286052703857422 0.12919769287109376
0 0.7579142093658447 0.5098291778564453 0.011737632751464843 0.01795013427734375
2 0.8662160873413086 0.6398176574707032 0.02522315979003906 0.03917831420898438
0 0.03866921663284302 0.6264605712890625 0.011729609966278077 0.018018798828125
0 0.08241267204284668 0.2871390151977539 0.012245678901672363 0.018919754028320315
0 0.06352227926254272 0.7958627319335938 0.012204360961914063 0.017682800292968752
2 0.2537850379943848 0.39792785644531253 0.01879291534423828 0.03360809326171875
0 0.26798558235168457 0.538604736328125 0.011689281463623047 0.0185357666015625
