0 0.9847866058349609 0.03055450439453125 0.011295318603515625 0.017444915771484375
0 0.6322094917297363 0.6460335540771485 0.011646652221679687 0.017876129150390625
1 0.5464418623182509 0.5834768083360461 0.020940060085720566 0.09230083889431417
0 0.8541084289550781 0.18510868072509767 0.011568450927734375 0.016696624755859375
0 0.2339078426361084 0.3734547424316407 0.011446571350097657 0.01728118896484375
0 0.5958284378051758 0.6864291381835937 0.01158599853515625 0.018021240234375
0 0.4401362419128418 0.20096405029296877 0.011160659790039062 0.017578887939453128
0 0.29053711891174316 0.8507168579101563 0.01191883087158203 0.0188330078125
0 0.853941249847412 0.16562622070312502 0.011129188537597656 0.016266937255859377
0 0.5921674728393554 0.8734138488769532 0.011611747741699218 0.017892150878906252
0 0.844630241394043 0.1714702606201172 0.009839248657226563 0.015249328613281252
0 0.3611895084381104 0.45563903808593753 0.011347293853759766 0.016776275634765626
0 0.3889833688735962 0.2403269958496094 0.011533021926879883 0.01744659423828125
0 0.3307967185974121 0.08578521728515626 0.010956287384033203 0.017038803100585937
0 0.6024497032165528 0.37743972778320317 0.010846996307373047 0.017407226562500003
0 0.9219810485839843 0.9623823547363282 0.010358047485351563 0.016599426269531252
0 0.45833282470703124 0.8393060302734375 0.012281990051269532 0.017602844238281252
0 0.2599832057952881 0.9589476013183594 0.00809793472290039 0.012838745117187501
0 0.5905998229980469 0.3764389038085938 0.01162548065185547 0.016980895996093752
0 0.578417444229126 0.3756268310546875 0.010902690887451171 0.0171246337890625
0 0.10234743356704712 0.4654850769042969 0.01081843376159668 0.01849945068359375
0 0.053808647394180294 0.47541641235351567 0.010605990886688232 0.0159912109375
0 0.39013056755065917 0.6803712463378907 0.011323881149291993 0.016583251953125003
0 0.1250540018081665 0.1446612548828125 0.01384444236755371 0.020270538330078126
0 0.003436032310128212 0.47333137512207035 0.006872064620256424 0.01817169189453125
0 0.6652621269226074 0.4787577819824219 0.010961151123046875 0.017399597167968753
0 0.19106588363647461 0.752496566772461 0.011200141906738282 0.016603851318359376
0 0.33867730034722227 0.10026041666666667 0.009494357638888869 0.01649305555555556
0 0.1325141059027778 0.6022135416666667 0.010579427083333348 0.016927083333333336
0 0.29961480034722227 0.6304253472222223 0.010036892361111131 0.017795138888888857
