1 0.819536018371582 0.4208847045898438 0.055053520202636715 0.10264373779296876
0 0.11586061716079711 0.5697904968261719 0.011612653732299805 0.0182080078125
0 0.7393811702728271 0.2524820709228516 0.011277866363525391 0.018254547119140627
1 0.5566971778869629 0.6606077575683594 0.02500190734863281 0.11344207763671876
2 0.21939420700073242 0.25028457641601565 0.02669563293457031 0.042423248291015625
0 0.6961116790771484 0.3507981872558594 0.011093711853027344 0.017361297607421874
0 0.4197709083557129 0.7952072143554688 0.011414909362792968 0.017695159912109376
0 0.569574499130249 0.5245472717285157 0.01227865219116211 0.02003082275390625
2 0.9078296661376953 0.7857671356201172 0.022272109985351562 0.044893646240234376
0 0.2187876224517822 0.05835330963134766 0.011480283737182618 0.018378677368164065
0 0.9816344261169433 0.8485300445556642 0.011943435668945313 0.018596343994140625
2 0.92364501953125 0.7598184204101563 0.023119354248046876 0.03347686767578125
2 0.9288442611694335 0.7922674560546875 0.019693565368652344 0.03439453125
