1 0.2003406047821045 0.7312593248155382 0.07594232559204102 0.028021240234375
2 0.5549589633941651 0.06141730414496528 0.022187232971191406 0.037463378906250004
0 0.7598920822143554 0.9159610324435764 0.01167469024658203 0.020448472764756944
2 0.8449089050292968 0.5209143744574652 0.022655487060546875 0.04423014322916667
2 0.4467471122741699 0.18973990546332467 0.02249431610107422 0.044945949978298615
2 0.13658361434936522 0.22843610975477432 0.022574567794799806 0.04038052029079861
2 0.6950124740600586 0.8141512552897135 0.01875591278076172 0.03055792914496528
0 0.29801359176635744 0.6897542317708334 0.011030769348144532 0.019104851616753474
0 0.9284490585327149 0.6898907979329427 0.0135650634765625 0.0211029052734375
0 0.4647960662841797 0.12529631720648873 0.01463937759399414 0.024357774522569445
0 0.16776010990142823 0.8278635660807292 0.010457563400268554 0.018061659071180555
0 0.9172491073608399 0.7067701551649306 0.012264633178710937 0.0173797607421875
0 0.16285758706467662 0.8137092316196793 0.010105721393034835 0.017044407591671248
0 0.12113909618573795 0.14321908973650269 0.011660447761194037 0.020269025244149613
0 0.9358491443452379 0.46502976190476186 0.011625744047619098 0.015707671957671965
