1 0.6924062728881836 0.7137788391113282 0.04801244735717773 0.118570556640625
2 0.5683817863464355 0.730554656982422 0.021692276000976562 0.031970520019531254
2 0.6649863719940186 0.5709652709960937 0.025397300720214844 0.035051879882812505
2 0.5550848484039307 0.6651295471191406 0.026681041717529295 0.0335076904296875
1 0.9814300537109375 0.8640226745605469 0.02384033203125 0.13236938476562501
0 0.8164942741394042 0.6913923645019532 0.012521171569824218 0.01930908203125
2 0.8407146453857421 0.6053106689453125 0.01766510009765625 0.027269439697265627
2 0.6352998733520507 0.6025369262695313 0.023741912841796876 0.03740753173828125
2 0.6616384506225585 0.6165316772460938 0.016877365112304688 0.04222930908203125
0 0.20849189758300782 0.35099128723144535 0.01148834228515625 0.01758148193359375
0 0.09515687227249145 0.6915228271484375 0.009940695762634278 0.013532867431640627
0 0.25687294006347655 0.6431185913085938 0.012408733367919922 0.01908416748046875
0 0.7472166538238525 0.11087669372558595 0.009771633148193359 0.016358184814453128
0 0.7564427375793457 0.11193759918212891 0.008138275146484375 0.014507980346679689
0 0.3678293228149414 0.4564398193359375 0.01002640724182129 0.016273040771484375
0 0.2590800285339355 0.6242332458496094 0.01236586570739746 0.018193054199218753
0 0.6951157817134151 0.02597038269042969 0.011937522888183593 0.018037796020507812
0 0.04672285318374634 0.544610366821289 0.012798428535461426 0.017799835205078125
0 0.1840732455253601 0.14274879455566408 0.012168407440185547 0.018454132080078126
2 0.9458950042724609 0.36768508911132813 0.021380615234375 0.02441741943359375
0 0.19772812971342382 0.5544871794871796 0.01036953242835595 0.016214177978883887
0 0.05950697586726998 0.5548642533936652 0.011547888386123676 0.01772247360482652
0 0.2475725867269985 0.6312217194570137 0.0101338612368024 0.020361990950226245
2 0.5836805555555555 0.7066666666666667 0.017824074074074048 0.02740740740740743
0 0.7617872807017543 0.9166666666666667 0.01096491228070171 0.019005847953216252
