1 0.48646116256713867 0.19373390197753906 0.06493120193481446 0.08693161010742188
0 0.9554422378540038 0.6563956451416016 0.012430953979492187 0.0188519287109375
0 0.7582085132598877 0.4175901031494141 0.01315479278564453 0.02017120361328125
2 0.9471839904785156 0.12073760986328126 0.025049972534179687 0.03484237670898438
0 0.8479379653930664 0.6855518341064454 0.012191009521484376 0.017906341552734375
0 0.5061905860900879 0.6581565856933594 0.011559677124023438 0.0190167236328125
0 0.9079360961914062 0.695169677734375 0.011098098754882813 0.0175421142578125
0 0.8272227287292481 0.44937072753906254 0.011446380615234375 0.018486938476562503
0 0.914946460723877 0.43698699951171877 0.010577964782714843 0.016930541992187503
0 0.7093393325805664 0.6381452178955078 0.012262535095214844 0.017648162841796877
0 0.2864706993103027 0.7570716857910157 0.012130832672119141 0.017804260253906252
0 0.9277716636657715 0.32301460266113285 0.011443710327148438 0.017864456176757814
0 0.5857340335845947 0.9182308959960938 0.009176063537597656 0.013519897460937501
0 0.994111442565918 0.6321733093261719 0.00955047607421875 0.014087829589843752
0 0.9766090393066406 0.5609512329101562 0.012314605712890624 0.01904205322265625
0 0.28506181240081785 0.7442391967773438 0.011912822723388672 0.01872222900390625
0 0.27488763362487856 0.7433187560738581 0.00956632653061226 0.014820213799805611
0 0.275495019436346 0.760689990281827 0.011084791059280855 0.016520894071914448
0 0.7278456025267248 0.5789601554907677 0.009870019436345957 0.014091350826044695
0 0.7503188775510203 0.8587220602526725 0.010477405247813465 0.017249757045675457
