2 0.3206214666366577 0.6523745727539063 0.021808624267578125 0.0353973388671875
0 0.48070783615112306 0.4455532836914063 0.012097930908203125 0.018800659179687502
0 0.7322350025177002 0.5943472290039062 0.012782859802246093 0.020149841308593753
2 0.5847996711730957 0.23504104614257815 0.022667884826660156 0.03475189208984375
2 0.48752336502075194 0.5466413879394532 0.025546836853027343 0.04024398803710938
2 0.4867228984832764 0.5883917236328126 0.028089141845703124 0.038935699462890626
2 0.5122452735900879 0.6764013671875 0.02312812805175781 0.0379388427734375
0 0.8136911392211914 0.7171671295166016 0.012561416625976563 0.019937438964843752
2 0.5076491355895996 0.6290515136718751 0.02396812438964844 0.041857604980468754
2 0.2841942310333252 0.4854753875732422 0.02531909942626953 0.03517822265625
2 0.3093411922454834 0.5059016418457032 0.021284770965576173 0.038540191650390625
2 0.5335915088653564 0.6319075012207032 0.02297382354736328 0.04198089599609375
2 0.5218961715698243 0.5950779724121095 0.02374420166015625 0.03755859375
2 0.2800884485244751 0.5259677886962891 0.02865118980407715 0.04039962768554688
0 0.633433723449707 0.3993479919433594 0.012901401519775391 0.019104156494140625
0 0.5132229804992676 0.31938205718994145 0.012087726593017578 0.017793960571289062
0 0.16868414878845214 0.0826323699951172 0.011415195465087891 0.017372589111328125
0 0.21946296691894532 0.23096931457519532 0.011777782440185547 0.017428741455078126
2 0.30232439041137693 0.5596088409423828 0.025624561309814452 0.038907012939453124
0 0.18160390853881836 0.22648963928222657 0.012010717391967773 0.017507171630859377
0 0.16918058395385743 0.18585960388183595 0.01161332130432129 0.01600982666015625
0 0.21369609832763672 0.08626060485839844 0.012547016143798828 0.01730766296386719
0 0.16675981283187866 0.1656004333496094 0.012176847457885743 0.019727325439453127
0 0.26096258163452146 0.08573925018310548 0.013027667999267578 0.018342056274414063
0 0.1808307647705078 0.14573604583740235 0.012456846237182618 0.018633346557617187
0 0.22099566459655762 0.19548294067382813 0.012192869186401367 0.017559280395507814
0 0.24042270183563233 0.08501510620117188 0.011667728424072266 0.015520019531250002
0 0.24156484603881836 0.19656036376953126 0.011085224151611329 0.017239532470703128
0 0.19048468595022683 0.11945220416282122 0.008797111616029843 0.0147585953373612
2 0.39535984992980955 0.7233646392822266 0.01720428466796875 0.023910675048828125
0 0.17775497436523438 0.20928726196289063 0.009696125984191895 0.017613372802734378
0 0.10341539680957794 0.1627285385131836 0.010352939367294312 0.015713958740234377
0 0.20672361850738524 0.23140975952148438 0.010080909729003907 0.016837005615234376
0 0.4975744247436523 0.24162998199462893 0.011212348937988281 0.017992477416992187
0 0.19462417364120482 0.14481666564941406 0.013089632987976075 0.01969940185546875
0 0.3262739419937134 0.5128831481933595 0.012076807022094727 0.017007751464843752
0 0.23014523983001708 0.09156993865966798 0.010631132125854491 0.0167620849609375
0 0.2494720935821533 0.21091758728027346 0.012528610229492186 0.0177044677734375
0 0.26367692947387694 0.1914508056640625 0.011172723770141602 0.016260833740234376
0 0.18945918083190919 0.20718902587890625 0.011167764663696289 0.016292877197265625
0 0.29088735580444336 0.17217552185058596 0.008747005462646484 0.0142413330078125
0 0.17931625843048096 0.19208660125732424 0.010594749450683593 0.016182098388671875
0 0.2807267665863037 0.10212043762207032 0.011100006103515626 0.017585601806640625
0 0.2913712501525879 0.1431517791748047 0.011435222625732423 0.017351150512695312
0 0.23227200508117676 0.11059921264648438 0.01220560073852539 0.017408294677734377
0 0.2716158628463745 0.13503910064697267 0.010022783279418945 0.015562973022460938
2 0.3901672840118408 0.1583441162109375 0.011744213104248048 0.018662490844726563
0 0.2471526861190796 0.11293869018554688 0.014481353759765624 0.01940399169921875
0 0.25605154037475586 0.5415463256835937 0.011749458312988282 0.01871002197265625
0 0.5045215201465201 0.5972985347985348 0.010874542124542093 0.014194139194139175
0 0.5374313186813188 0.6037087912087913 0.01259157509157506 0.017857142857142873
0 0.47332875457875456 0.5338827838827839 0.009729853479853527 0.015567765567765549
0 0.1622596153846154 0.14537545787545786 0.011446886446886465 0.014194139194139197
0 0.17156021062271062 0.15407509157509158 0.009443681318681325 0.01236263736263735
0 0.17599587912087913 0.16231684981684985 0.00801282051282053 0.014194139194139197
0 0.18601190476190474 0.16117216117216118 0.00801282051282053 0.016483516483516498
0 0.17756982600732601 0.17880036630036628 0.011160714285714295 0.015109890109890098
0 0.18787202380952378 0.17582417582417584 0.010588369963369981 0.011904761904761899
0 0.18901671245421248 0.18978937728937728 0.011733058608058606 0.013278388278388273
0 0.1968864468864469 0.22069597069597072 0.011446886446886465 0.013736263736263748
0 0.22593292124542122 0.2110805860805861 0.008871336996337013 0.017399267399267376
0 0.2004635989010989 0.19734432234432234 0.010588369963369981 0.0183150183150183
0 0.20518543956043953 0.1762820512820513 0.01030219780219778 0.015567765567765573
0 0.2010359432234432 0.15636446886446886 0.009443681318681325 0.012362637362637372
0 0.22879464285714285 0.17261904761904762 0.011160714285714295 0.014652014652014649
0 0.21663232600732596 0.16689560439560439 0.010874542124542122 0.015109890109890098
0 0.21391369047619044 0.1504120879120879 0.009443681318681296 0.016941391941391923
0 0.20804716117216115 0.13782051282051283 0.01030219780219781 0.010989010989010999
0 0.22192651098901098 0.1382783882783883 0.009443681318681325 0.015567765567765549
0 0.22807921245421245 0.1263736263736264 0.009729853479853468 0.016483516483516474
0 0.21763392857142858 0.12385531135531135 0.00829899267399267 0.014194139194139197
0 0.21405677655677655 0.11332417582417582 0.009729853479853468 0.016025641025641024
0 0.22049565018315018 0.09913003663003664 0.009443681318681325 0.014194139194139197
0 0.26127518315018317 0.17307692307692307 0.01030219780219781 0.016483516483516498
0 0.27086195054945056 0.17765567765567766 0.009443681318681296 0.014652014652014649
0 0.27944711538461536 0.1701007326007326 0.008871336996336984 0.013278388278388273
0 0.28631524725274726 0.18429487179487178 0.008871336996336984 0.016025641025641045
0 0.26542467948717946 0.15361721611721613 0.010016025641025609 0.014194139194139197
0 0.2564102564102564 0.1597985347985348 0.008585164835164812 0.010989010989010999
0 0.2867445054945055 0.1565934065934066 0.010874542124542093 0.012820512820512824
0 0.25283310439560436 0.14537545787545786 0.009443681318681325 0.016025641025641045
0 0.23652129120879117 0.16185897435897437 0.010588369963369981 0.015109890109890122
0 0.2320856227106227 0.1433150183150183 0.009157509157509154 0.015567765567765573
0 0.24224473443223443 0.1472069597069597 0.010588369963369952 0.015109890109890098
0 0.23766597985347984 0.12912087912087913 0.009443681318681325 0.015567765567765573
0 0.2618475274725275 0.12087912087912088 0.008585164835164841 0.013736263736263748
0 0.2618475274725275 0.10668498168498168 0.007440476190476216 0.011904761904761899
0 0.27157738095238093 0.11240842490842493 0.008585164835164841 0.014194139194139197
0 0.2418154761904762 0.09981684981684981 0.008585164835164841 0.011904761904761911
