1 0.11505157947540283 0.45321443345811635 0.040390944480895995 0.14901512993706598
2 0.293730640411377 0.39591988457573785 0.025144958496093748 0.03935224745008681
0 0.4726408958435058 0.13059717814127605 0.01197671890258789 0.0205918206108941
2 0.5796741485595703 0.7998853895399306 0.022760391235351562 0.04425286187065972
2 0.34357080459594724 0.32991070217556423 0.022710514068603516 0.041997104220920144
0 0.4071922302246094 0.024000718858506947 0.01149139404296875 0.018635728624131945
2 0.3715137243270874 0.26335873074001737 0.026220273971557618 0.037153540717230905
0 0.8037515640258789 0.6292185465494792 0.011736297607421875 0.019548543294270835
0 0.9234000205993652 0.9683536105685764 0.012974739074707031 0.021446058485243058
0 0.4425288677215576 0.1402525160047743 0.011309528350830078 0.017896016438802086
0 0.1170894980430603 0.362160152859158 0.0109299898147583 0.01853739420572917
0 0.8835512161254883 0.29219029744466146 0.009185791015625 0.01595789591471354
2 0.3759946346282959 0.3052596622043186 0.026170825958251952 0.04226777818467882
0 0.44207077026367186 0.12121166653103299 0.011423110961914062 0.017299143473307292
2 0.35624239444732664 0.2946556939019097 0.024957275390625 0.04972780015733507
0 0.13969337940216064 0.1090421888563368 0.00911397933959961 0.014282735188802085
