0 0.6716762065887452 0.18578033447265627 0.0115692138671875 0.018158721923828128
2 0.6031984329223633 0.4905149078369141 0.026915931701660154 0.033624877929687505
0 0.6572919368743897 0.3888682556152344 0.01106433868408203 0.017222137451171876
2 0.5700438499450684 0.5375511169433594 0.021213340759277343 0.0405010986328125
0 0.21580710411071777 0.7951570129394532 0.011829853057861328 0.018189697265625002
2 0.19754140377044677 0.28251319885253906 0.023125600814819337 0.0371685791015625
2 0.5777831554412842 0.49962730407714845 0.022485733032226562 0.038409729003906254
2 0.2062932014465332 0.9233893585205079 0.02123227119445801 0.03383544921875
0 0.21942133903503416 0.8142529296875001 0.012658071517944335 0.018433227539062503
2 0.1872197151184082 0.22333740234375002 0.02400045394897461 0.03978103637695313
2 0.22567815780639647 0.9106507873535157 0.024247026443481444 0.03361480712890625
2 0.2073339879512787 0.2475185775756836 0.023426926136016844 0.03649955749511719
0 0.8326284408569335 0.5440740203857423 0.011596298217773438 0.018450927734375
2 0.1820842742919922 0.8838670349121094 0.023235154151916505 0.03362106323242188
2 0.21164875626564025 0.21904693603515626 0.024813354015350342 0.030180206298828127
2 0.20129060745239258 0.8915403747558595 0.020547866821289062 0.030892944335937502
2 0.18495748043060303 0.9159483337402344 0.021915435791015625 0.029065856933593752
2 0.20116057991981506 0.8575736999511719 0.025064170360565186 0.03776611328125
0 0.8740352630615235 0.8566764068603516 0.0111114501953125 0.016457977294921877
0 0.42424841772151894 0.6155063291139241 0.009449718706047782 0.015822784810126507
