0 0.5856410026550293 0.935064697265625 0.01272602081298828 0.0218994140625
0 0.5914495468139649 0.6874216715494792 0.013016319274902344 0.022212049696180555
2 0.40202836990356444 0.28479639689127606 0.02609395980834961 0.039296129014756945
2 0.6955945491790771 0.1646851009792752 0.027428340911865235 0.04019105699327257
2 0.42033586502075193 0.5113648308648003 0.02434844970703125 0.03996429443359375
0 0.2681276798248291 0.19641308254665799 0.01147756576538086 0.019623396131727432
2 0.6152388572692871 0.6285061306423612 0.023409080505371094 0.035595703125
0 0.8822359085083008 0.6285697089301215 0.012732124328613282 0.020561726888020833
2 0.46495399475097654 0.5353841145833333 0.024345588684082032 0.043479071723090276
0 0.9024802207946777 0.7103042602539062 0.011331558227539062 0.01895073784722222
0 0.6525612831115722 0.560503896077474 0.0120391845703125 0.021237352159288195
0 0.3485912322998047 0.898301018608941 0.012580394744873047 0.0210906982421875
0 0.9360822677612305 0.6024359809027778 0.011598968505859375 0.019392564561631947
0 0.6727387428283691 0.6125267876519097 0.012329196929931641 0.021113077799479168
0 0.0186764657497406 0.47977277967664933 0.012217646837234497 0.021431477864583333
0 0.650926923751831 0.08400247361924913 0.011931419372558594 0.02034691704644097
2 0.4436030387878418 0.4989022148980035 0.0227142333984375 0.03305087619357639
0 0.2443629741668701 0.24129452175564237 0.01355619430541992 0.023773701985677083
0 0.2685340166091919 0.2689748128255208 0.012144756317138673 0.020193990071614584
0 0.45671329498291013 0.9175533718532987 0.011846160888671875 0.018397861056857638
0 0.25915162563323973 0.29470893012152777 0.015623092651367188 0.02852935791015625
0 0.24346299171447752 0.26769900851779516 0.014197826385498047 0.021358574761284724
