0 0.24732527732849122 0.9227996826171876 0.012287425994873046 0.018524169921875
0 0.833859920501709 0.788325653076172 0.0122528076171875 0.01852020263671875
2 0.7597886085510254 0.6371626281738282 0.021425437927246094 0.03511138916015625
0 0.4827841758728027 0.29636138916015625 0.011429023742675782 0.018177795410156253
0 0.4640071868896484 0.2782184600830078 0.010294914245605469 0.0155975341796875
0 0.6383037567138672 0.4121953582763672 0.011866569519042969 0.017709197998046877
0 0.104831063747406 0.9556817626953126 0.012183237075805663 0.017187652587890626
0 0.6024097919464111 0.6887664794921875 0.010831260681152343 0.017720642089843752
0 0.8590473175048828 0.7600845336914063 0.010446548461914062 0.015579833984375001
0 0.37091641426086425 0.34474351882934573 0.011411285400390625 0.017220726013183595
0 0.6075726509094238 0.26197776794433597 0.010868072509765625 0.017251052856445313
0 0.592660665512085 0.6834901428222657 0.010937118530273437 0.016706237792968752
2 0.5294472694396972 0.5429596710205078 0.011210441589355469 0.01807220458984375
0 0.593804931640625 0.7020231628417969 0.01212482452392578 0.017647705078125003
0 0.9075223922729492 0.39950988769531254 0.012430953979492187 0.01843658447265625
0 0.11314804553985595 0.2474082946777344 0.012082624435424804 0.01865318298339844
0 0.2780263423919678 0.5782769775390625 0.010682392120361327 0.017525177001953125
0 0.8496387012012011 0.7492492492492492 0.009618993993993996 0.01651651651651643
