1 0.5447859764099121 0.2577401902940538 0.06612949371337891 0.03893220689561632
2 0.03350935876369476 0.26738077799479165 0.02481904625892639 0.04090728759765625
2 0.5624298095703125 0.173739496866862 0.025436019897460936 0.045138380262586805
2 0.8935953140258789 0.5223028394911025 0.02349376678466797 0.04140065511067709
2 0.7284939765930176 0.3959355672200521 0.02598152160644531 0.04414605034722222
0 0.11508288383483886 0.26377554999457464 0.012590360641479491 0.021469285753038195
0 0.10291105508804321 0.6599429660373264 0.011522030830383301 0.018856472439236112
0 0.21982598304748535 0.31490758260091145 0.01008310317993164 0.018059794108072916
2 0.5729053020477295 0.36042471991644964 0.024647903442382813 0.036557515462239586
0 0.894676685333252 0.3694246080186632 0.012293434143066407 0.020131089952256945
0 0.9200438499450684 0.927992926703559 0.01086254119873047 0.01884256998697917
0 0.3396600723266602 0.5659342447916667 0.01132650375366211 0.018874104817708334
0 0.18316371440887452 0.5303396436903212 0.011279773712158204 0.020532904730902777
0 0.3853473663330078 0.304105461968316 0.012287712097167969 0.020387946234809027
0 0.777428810720268 0.23217941559650102 0.010207286432160838 0.01675041876046898
