1 0.18112342357635497 0.5449085998535157 0.050145721435546874 0.07924407958984375
2 0.8339050292968749 0.5936058044433594 0.0230712890625 0.038284912109375
2 0.07928757667541504 0.18794857025146486 0.028604674339294433 0.03889274597167969
0 0.6097665786743164 0.16352848052978516 0.012739753723144532 0.0192596435546875
1 0.15652780532836913 0.8138485717773438 0.07219619750976562 0.054729003906250004
2 0.8364238739013672 0.2151152038574219 0.02854156494140625 0.04245025634765625
2 0.8566656112670898 0.4300474548339844 0.024695396423339844 0.038974304199218754
2 0.7850905418395996 0.06900947570800782 0.02670745849609375 0.041844024658203124
2 0.7615038871765136 0.04738933563232422 0.024190902709960938 0.042028579711914066
2 0.7621742725372315 0.09097549438476563 0.024547481536865236 0.035679473876953124
2 0.8275918960571289 0.375185546875 0.019192886352539063 0.031351928710937504
2 0.9063226699829101 0.34051048278808593 0.02408256530761719 0.0414495849609375
2 0.8701700210571289 0.30067459106445316 0.024810981750488282 0.043461456298828124
2 0.8740856170654296 0.39862564086914065 0.024969100952148438 0.044108428955078126
2 0.8685426712036133 0.34665000915527344 0.025063133239746092 0.039176025390625
2 0.8504812240600585 0.37636779785156255 0.02311363220214844 0.03976516723632813
2 0.9000289916992187 0.3806015014648438 0.025545692443847655 0.0337457275390625
2 0.8987722396850586 0.30077590942382815 0.025447845458984375 0.03501129150390625
2 0.8164356231689452 0.39587112426757814 0.0233367919921875 0.032563781738281256
1 0.009020159393548966 0.43527290344238284 0.015812541544437408 0.0923895263671875
2 0.8846939086914062 0.32570442199707034 0.02049713134765625 0.028485641479492188
1 0.03209360328638498 0.43661971830985924 0.048782276995305164 0.09037558685446016
