1 0.34376657009124756 0.48897213406032985 0.04980039596557617 0.04765777587890625
2 0.5919880867004395 0.675970458984375 0.022986602783203126 0.03703443739149306
1 0.1605294942855835 0.40796322292751735 0.05243668556213379 0.03511250813802083
0 0.38286914825439455 0.1127259996202257 0.011125564575195312 0.019845750596788194
0 0.7564648628234864 0.49113040500217015 0.012589645385742186 0.022161187065972223
0 0.4444310665130615 0.850750223795573 0.013267612457275391 0.02016245524088542
2 0.05151267200708389 0.9796473185221355 0.023780319094657897 0.03901333279079861
2 0.5864627838134766 0.7149146185980904 0.023069000244140624 0.04197964138454861
0 0.7857039451599122 0.6942114935980903 0.011585235595703125 0.020667860243055558
0 0.5918631076812744 0.5853159586588542 0.01284322738647461 0.01996917724609375
0 0.25865931510925294 0.724818589952257 0.012140893936157226 0.02055291069878472
0 0.6097555160522461 0.12641287909613716 0.010431861877441407 0.018840789794921875
0 0.613563346862793 0.29437416924370663 0.011735343933105468 0.017624409993489583
0 0.7581805229187012 0.9898550669352214 0.014037036895751953 0.020289866129557292
0 0.8232267379760742 0.5961502075195313 0.010528182983398438 0.016021389431423613
0 0.791419267654419 0.9858396742078993 0.013873767852783202 0.022655741373697916
0 0.3632516384124756 0.46945427788628474 0.012131595611572265 0.020148722330729167
0 0.23258500099182128 0.44885364108615455 0.010128116607666016 0.018505181206597224
