0 0.9188579559326172 0.05301010131835938 0.01172943115234375 0.018159332275390627
0 0.11547951698303223 0.9860127258300782 0.012022066116333007 0.016576232910156252
1 0.9044757843017578 0.9270776367187501 0.01766815185546875 0.14220428466796875
2 0.498716402053833 0.07829673767089844 0.023624897003173828 0.0362982177734375
0 0.11188932657241821 0.6972720336914063 0.012578654289245605 0.0194952392578125
2 0.5063444137573242 0.11542476654052736 0.022836685180664062 0.03639007568359375
0 0.2874745845794678 0.846121063232422 0.011855602264404297 0.018955078125
2 0.515695858001709 0.04909294128417969 0.02312440872192383 0.036531066894531256
1 0.7033981323242188 0.7577711486816406 0.05523281097412109 0.029466705322265627
2 0.4137714862823486 0.8258341979980469 0.020420074462890625 0.02722747802734375
0 0.003387605771422386 0.5525481414794923 0.006775211542844772 0.0201605224609375
0 0.19555270671844482 0.30991382598876954 0.009858369827270508 0.01288604736328125
