1 0.8750295639038086 0.3892002868652344 0.07738113403320312 0.057483520507812504
1 0.4688901901245117 0.26808086395263675 0.07647380828857422 0.06244300842285157
1 0.7763813972473145 0.12929634094238282 0.050787353515625 0.1070819091796875
2 0.2200554609298706 0.4405900573730469 0.022919702529907226 0.039203186035156254
2 0.7464886665344238 0.8517285919189453 0.024049758911132812 0.033221282958984376
2 0.30609712600708006 0.4455832672119141 0.021607494354248045 0.03952529907226563
2 0.7796754837036133 0.6313975524902344 0.025999450683593748 0.0340960693359375
1 0.5312475204467774 0.9160513305664063 0.022899055480957033 0.09215393066406251
1 0.5047956466674804 0.6180230712890625 0.04590301513671875 0.11084411621093751
0 0.22101666927337646 0.8248165893554688 0.011141538619995117 0.01614654541015625
0 0.2696711301803589 0.1052511215209961 0.011536121368408203 0.018349990844726563
2 0.9953834056854248 0.3288715744018555 0.009233188629150391 0.033837051391601564
1 0.9546455383300781 0.5077935791015625 0.0834310531616211 0.04810989379882813
