0 0.6226518154144287 0.14048949347601997 0.012656879425048827 0.021752505832248265
2 0.245982027053833 0.17698177761501738 0.02355928421020508 0.04174957275390625
2 0.10794856548309326 0.7744723849826389 0.02903919219970703 0.048016696506076394
0 0.34604578018188475 0.8921770731608073 0.011750030517578124 0.019834221733940973
2 0.2544215202331543 0.5852202521430122 0.021894550323486327 0.03992445203993056
0 0.6488959312438964 0.21673092312282988 0.012017822265625 0.020289272732204863
0 0.33890562057495116 0.5792378743489583 0.012046051025390626 0.021817864312065973
0 0.3504587411880493 0.22509019639756944 0.012940454483032226 0.021196407741970485
0 0.27895901203155515 0.37207116021050346 0.011864519119262696 0.020884874131944446
0 0.4237156867980957 0.4076992458767361 0.010999488830566406 0.017988416883680556
0 0.2549913194444445 0.404835390946502 0.01056134259259259 0.015946502057613176
0 0.2615068435668945 0.386034901936849 0.011785078048706054 0.01654629177517361
0 0.25929103339159926 0.3671553497942387 0.01192697419060602 0.015689300411522646
0 0.27163043022155764 0.38049740261501735 0.012919616699218749 0.019878811306423612
0 0.24949363425925922 0.3896604938271605 0.010271990740740745 0.017489711934156403
