1 0.5081727027893066 0.09966037750244142 0.03709220886230469 0.13155670166015626
2 0.8318044662475585 0.8888822937011719 0.024071502685546874 0.039356079101562504
2 0.9028715133666992 0.6813661193847657 0.024560928344726562 0.03759567260742188
0 0.5400360107421875 0.4915532684326172 0.010478401184082031 0.016905059814453127
2 0.4048713564872742 0.29156822204589844 0.023013901710510255 0.03707656860351563
0 0.7901797294616699 0.07001075744628907 0.011709117889404297 0.017686004638671877
2 0.4178999900817871 0.3187461853027344 0.022026824951171874 0.031236267089843752
0 0.6007844924926757 0.588727035522461 0.012249374389648437 0.019084625244140625
0 0.9784808158874512 0.2390319061279297 0.012171363830566407 0.01907623291015625
0 0.934669017791748 0.8759538269042969 0.009552192687988282 0.014982910156250001
0 0.94219970703125 0.8849678039550782 0.009656524658203125 0.01466278076171875
0 0.38267652988433837 0.2810100173950196 0.013004112243652343 0.019631500244140627
0 0.6629612354892205 0.8517827529021558 0.009587479270315195 0.01616915422885569
