2 0.8391362190246582 0.32840301513671877 0.023723793029785157 0.03614013671875
0 0.8890530586242675 0.336793212890625 0.011903953552246094 0.019150695800781253
0 0.5545007228851319 0.7532099151611329 0.011684989929199219 0.0177752685546875
0 0.22017126083374022 0.7329559326171875 0.011093425750732421 0.016929931640625
0 0.5536602973937989 0.7728804016113282 0.01195697784423828 0.017545471191406252
0 0.23799729347229004 0.7610234832763673 0.011679649353027344 0.018296051025390628
0 0.620509672164917 0.6564839172363282 0.012261962890625 0.0162457275390625
0 0.5888052940368652 0.4459351348876953 0.011775588989257813 0.019077301025390625
0 0.617490291595459 0.672955322265625 0.01110668182373047 0.015526123046875001
0 0.021214497089385987 0.12626575469970705 0.010007882118225097 0.01598808288574219
0 0.17911287546157836 0.8024203491210938 0.011142635345458984 0.017481689453125
0 0.16049962043762206 0.40568428039550786 0.010420894622802735 0.015923309326171874
0 0.004224759712815285 0.17911346435546877 0.008443950861692428 0.019223175048828128
