2 0.26941728591918945 0.15509876675075956 0.023893356323242188 0.04127383761935764
2 0.8298238754272461 0.041564093695746526 0.024236488342285156 0.04513041178385417
2 0.18387948274612426 0.4779524061414931 0.02581360340118408 0.040307278103298615
2 0.67999267578125 0.24237730238172744 0.027428436279296874 0.04515245225694445
2 0.35571377277374266 0.9323560926649306 0.022113656997680663 0.04380221896701389
0 0.9935626983642578 0.15896140204535592 0.011589813232421874 0.020556979709201388
2 0.8482852935791015 0.01730425092909071 0.022609519958496093 0.03460850185818142
0 0.8508991241455078 0.4489286634657118 0.013013076782226561 0.022323269314236113
2 0.3966824054718018 0.9186570061577691 0.022129344940185546 0.0411376953125
2 0.27741413116455077 0.9344780815972222 0.02299509048461914 0.03920152452256945
0 0.22761077880859373 0.43874910142686635 0.0124298095703125 0.020404561360677084
2 0.6864556312561035 0.280918460422092 0.021221160888671875 0.03604397243923611
0 0.42572574615478515 0.5346643235948351 0.012402629852294922 0.020969645182291666
2 0.24562668800354004 0.9588660346137153 0.02153635025024414 0.03967420789930556
2 0.38931097984313967 0.9581952412923177 0.02160053253173828 0.03867001003689236
2 0.2865996122360229 0.1719773186577691 0.020122528076171875 0.03802829318576389
0 0.5099617958068847 0.25689858330620663 0.01186981201171875 0.019059244791666666
2 0.19022030830383302 0.4034913804796007 0.024571704864501952 0.038159349229600695
0 0.24269778728485106 0.8803414238823785 0.01195230484008789 0.021116468641493056
2 0.19174958540630183 0.4401142435968307 0.01969320066334991 0.037313432835820864
2 0.23614282608032225 0.9182374742296008 0.024152088165283202 0.04028354220920139
0 0.009950311481952667 0.8781663682725694 0.012868896126747131 0.020626322428385416
2 0.3700486898422241 0.9635242038302951 0.02120099067687988 0.04077724880642361
0 0.5621797561645507 0.7514366997612848 0.011614418029785157 0.018135918511284724
2 0.2661379337310791 0.9696168687608507 0.023424530029296876 0.031971571180555554
0 0.16752068996429442 0.42529890272352433 0.011151480674743652 0.019404771592881946
2 0.37592577934265137 0.9250388251410591 0.020502281188964844 0.0366424560546875
2 0.5570100307464599 0.5039371066623264 0.011957740783691407 0.020915391710069446
0 0.32338308457711434 0.19619495117007554 0.007773631840796054 0.01289847060991339
0 0.36561981757877277 0.8556292611018979 0.011401326699834216 0.017965726920950765
