1 0.2769871950149536 0.4722175598144532 0.05146698951721191 0.10525421142578126
2 0.3418192148208618 0.649585189819336 0.026014709472656248 0.03679092407226563
1 0.9144373893737793 0.67299560546875 0.03841953277587891 0.1309576416015625
0 0.2180392026901245 0.18532730102539063 0.01193995475769043 0.0183209228515625
0 0.1143693208694458 0.08565315246582032 0.011668729782104491 0.016984252929687502
0 0.004786085709929467 0.33258689880371095 0.009572171419858933 0.018007049560546877
0 0.18082427978515625 0.49139984130859377 0.012812376022338867 0.018593750000000003
0 0.6059917449951172 0.30786689758300784 0.011057090759277344 0.017099990844726562
2 0.8634815216064453 0.5907208251953125 0.02731151580810547 0.041192626953125006
0 0.7853222846984863 0.49494781494140627 0.011663436889648438 0.01804718017578125
1 0.9386184692382812 0.5896682739257812 0.03544273376464844 0.09531188964843751
2 0.8797807693481445 0.5568160247802735 0.02207355499267578 0.03670669555664063
2 0.8669405937194824 0.6281002807617188 0.02008399963378906 0.0266558837890625
0 0.10053897180762851 0.6749585406301823 0.010883084577114429 0.014925373134328387
