1 0.6287928581237793 0.9451211717393664 0.0628469467163086 0.08725212944878473
2 0.7604966640472413 0.09215443929036458 0.022894763946533205 0.04607662624782986
0 0.9697458267211914 0.6493048773871528 0.011907196044921875 0.01932135687934028
0 0.5688854217529297 0.8175296359592015 0.012146377563476562 0.02023959689670139
0 0.9489450454711914 0.15971171061197917 0.011914253234863281 0.020009358723958336
0 0.2069556713104248 0.5065811157226563 0.012958526611328125 0.021014743381076388
0 0.6164950370788574 0.6364513821072049 0.012327766418457032 0.02011752658420139
0 0.47857351303100587 0.9635815090603299 0.011981391906738281 0.019068400065104168
0 0.2175743818283081 0.9728186713324654 0.010228681564331054 0.02073465983072917
0 0.9415562629699706 0.7722676595052084 0.010331344604492188 0.020793490939670138
0 0.014889951050281524 0.8762746175130208 0.01374228298664093 0.02230258517795139
0 0.6887134552001953 0.47798597547743055 0.011867904663085937 0.01980319552951389
0 0.9525241851806641 0.7704850938585069 0.0121368408203125 0.020902167426215278
0 0.3282804012298584 0.1587688446044922 0.008501434326171875 0.014166514078776043
0 0.36848132610321044 0.02585703531901042 0.013672304153442382 0.02468973795572917
0 0.5947129249572753 0.03919762505425348 0.009439182281494141 0.017092556423611113
0 0.23759725093841552 0.7959454006618923 0.010671854019165039 0.017518785264756944
0 0.22608389854431152 0.9678836398654515 0.013091850280761718 0.02508002387152778
0 0.865361590038314 0.2545764154959557 0.008022030651341083 0.014474244359301789
0 0.8727849616858236 0.2633035334184759 0.008261494252873546 0.01447424435930184
0 0.880986590038314 0.25489570029799913 0.008860153256704943 0.01468710089399747
