1 0.6978681564331055 0.24578052096896702 0.04042758941650391 0.10085550944010417
1 0.4463629722595215 0.7437733968098958 0.025952529907226563 0.13795589870876737
2 0.43592233657836915 0.46766594780815973 0.025269126892089842 0.03784383138020833
0 0.6460310935974121 0.9170104980468751 0.012130546569824218 0.02230902777777778
0 0.4797317028045654 0.08948393927680122 0.010715961456298828 0.018931155734592014
2 0.1491208553314209 0.8715741475423178 0.02324337959289551 0.04247673882378472
0 0.21586530208587645 0.060839674207899305 0.010703802108764648 0.0188218010796441
0 0.4920833587646484 0.20407028198242189 0.011386489868164063 0.01918216281467014
2 0.3779139518737793 0.07540711296929253 0.025084543228149413 0.04214511447482639
0 0.6454677581787109 0.8854295518663194 0.011686134338378906 0.02025638156467014
2 0.16976864337921144 0.8488251580132379 0.02177424430847168 0.036309136284722224
0 0.1938234567642212 0.06508102416992188 0.010606622695922852 0.017048814561631945
0 0.08594911098480225 0.48351304796006944 0.01217341423034668 0.019077894422743057
0 0.7013381004333497 0.622812737358941 0.011284065246582032 0.01984320746527778
0 0.797943115234375 0.44542168511284724 0.012316131591796875 0.021394517686631944
0 0.6590237140655517 0.8975273980034723 0.014636039733886719 0.022508409288194444
0 0.14651315212249755 0.1174583011203342 0.012720108032226562 0.02088470458984375
0 0.6587265014648438 0.9087629530164931 0.014795303344726562 0.025016954210069445
0 0.8191326141357421 0.802198961046007 0.011199760437011718 0.019205559624565972
0 0.1960410237312317 0.0836122300889757 0.01104891300201416 0.018283589680989584
0 0.6590275764465332 0.06105355156792535 0.008839988708496093 0.015221659342447917
0 0.06316789388656616 0.5021738688151042 0.012739062309265137 0.020502726236979168
0 0.07494918699186988 0.8798554652213191 0.010162601626016269 0.01987353206865405
0 0.2512122844827587 0.34275223499361435 0.01077586206896551 0.018358876117496824
0 0.38739859882005895 0.9371517535234349 0.010601032448377564 0.018436578171091428
