2 0.4695690155029297 0.8137195163302952 0.024247360229492188 0.03853810628255208
2 0.9786331176757812 0.7831205579969618 0.019466972351074217 0.03512539333767361
1 0.8182681083679199 0.31722437540690107 0.03312244415283203 0.1430206298828125
0 0.9161140441894531 0.7632000393337673 0.011898422241210937 0.020784674750434027
0 0.3024639129638672 0.8601543850368923 0.009980010986328124 0.017284138997395834
0 0.5788325309753418 0.4924323187934028 0.008478736877441407 0.012537977430555555
0 0.21096856594085692 0.8733061048719618 0.011704349517822265 0.018899536132812502
0 0.2630676147704591 0.18036149922377465 0.010291916167664686 0.017187846529163883
0 0.23936501996007983 0.1016300731869594 0.009668163672654698 0.016078953204701707
0 0.7483974358974359 0.5221345605960991 0.010786489151873723 0.018628095551172532
0 0.8289879191321499 0.5218606180144643 0.00986193293885608 0.019175980714442282
0 0.8237487672583828 0.2964058733289503 0.011094674556213017 0.01862809555117248
0 0.4248255336617406 0.8052818828680898 0.009749589490968802 0.019613209268381705
