1 0.7304603576660156 0.7050779724121095 0.056837272644042966 0.09278717041015626
0 0.08584903478622437 0.9029556274414063 0.012747037410736083 0.019114837646484376
1 0.8490826606750488 0.3195561218261719 0.07014827728271485 0.09826370239257813
1 0.17145726680755616 0.14322708129882813 0.06456313133239747 0.0794073486328125
0 0.24293851852416992 0.7848675537109375 0.010925388336181641 0.016326141357421876
0 0.9358711242675781 0.3298375701904297 0.012052154541015625 0.018840789794921875
0 0.04801357090473175 0.6079558563232422 0.011747092008590698 0.017759246826171877
1 0.6972592353820801 0.7929889678955079 0.056995391845703125 0.11555007934570313
2 0.4564347743988037 0.442579345703125 0.02740993499755859 0.038897094726562505
1 0.21202273368835448 0.9410583496093751 0.09079813957214355 0.03911331176757813
0 0.02039751559495926 0.23085552215576174 0.012446871399879456 0.018930740356445312
2 0.2894154071807861 0.7981877899169922 0.02855691909790039 0.043365478515625
1 0.20091526508331298 0.407099609375 0.08812923431396484 0.035615234375
1 0.01675592064857483 0.056188926696777344 0.03213787078857422 0.08145606994628907
2 0.310733699798584 0.6521051025390625 0.023452281951904297 0.032982177734375
0 0.00909329578280449 0.016607933044433594 0.012897457182407378 0.019520339965820314
0 0.18403180837631225 0.8757931518554688 0.010418128967285157 0.015369873046875001
1 0.7878379821777344 0.950727767944336 0.08059253692626953 0.0487176513671875
0 0.11393043994903564 0.053907699584960944 0.011339712142944335 0.019355316162109375
1 0.4125054836273193 0.696585693359375 0.018949413299560548 0.05269485473632813
0 0.10537390410900116 0.08060501098632813 0.012136512994766235 0.019488372802734376
0 0.1467215762273902 0.580749354005168 0.011708656330749356 0.018087855297157587
0 0.6629118217054264 0.8930878552971577 0.010497416020671816 0.01614987080103352
