1 0.7879986763000488 0.45687255859375003 0.05295639038085937 0.10112365722656251
1 0.21122060418128966 0.4508663940429688 0.06413096189498901 0.11048828125
1 0.16473147869110108 0.7009786987304688 0.05322959423065186 0.040540771484375
1 0.6135552883148193 0.5326612854003907 0.034370708465576175 0.11147918701171876
1 0.9036070823669433 0.8048460388183595 0.09418220520019531 0.059054565429687504
2 0.19282908439636232 0.4989085388183594 0.023420286178588868 0.03832122802734375
1 0.9239336013793945 0.771114501953125 0.0497589111328125 0.05610382080078125
0 0.6555919647216797 0.6840119934082032 0.01044635772705078 0.015889587402343752
2 0.16854391098022461 0.5162566375732422 0.0233095645904541 0.035549774169921874
0 0.9170696258544921 0.039160423278808594 0.012054824829101562 0.01860626220703125
0 0.7870366096496582 0.12154586791992188 0.010764312744140626 0.0158502197265625
0 0.8684288024902344 0.16192329406738282 0.01627960205078125 0.027540130615234377
0 0.7942946434020997 0.1368950653076172 0.011700820922851563 0.0166510009765625
0 0.7310655593872071 0.8211131286621094 0.012531661987304687 0.018962860107421875
1 0.2681224822998047 0.2907568359375 0.04711093902587891 0.08535568237304689
2 0.16852422952651977 0.49436912536621097 0.020072245597839357 0.03621490478515625
1 0.9805959701538086 0.9815950012207032 0.02286186218261719 0.03675872802734375
1 0.8886276245117187 0.7772749328613282 0.11804428100585937 0.1090643310546875
0 0.9427583694458007 0.5885572814941407 0.019242095947265624 0.030724487304687503
1 0.2592323780059814 0.517000732421875 0.03440356254577637 0.0562713623046875
1 0.6325520833333333 0.8270833333333334 0.05677083333333333 0.09250000000000001
