1 0.34042861461639407 0.39445571899414067 0.0661996841430664 0.09615325927734375
1 0.8125478744506835 0.06135395050048829 0.0638692855834961 0.09663955688476564
1 0.7616122722625732 0.8547096252441406 0.05150737762451172 0.0860394287109375
0 0.5845548152923584 0.35064895629882814 0.011641311645507812 0.017437286376953125
2 0.6324349403381347 0.5618852233886719 0.023890876770019533 0.03707763671875
2 0.6196885108947754 0.5349314880371094 0.021227645874023437 0.032655639648437505
1 0.9895235061645508 0.47639656066894537 0.01973381042480469 0.06464584350585938
0 0.00435405932366848 0.6307850646972657 0.00870811864733696 0.02108734130859375
0 0.8741132736206054 0.2736037063598633 0.011234283447265625 0.016917495727539065
1 0.6681425094604492 0.018069095611572265 0.016593170166015626 0.03613819122314453
