0 0.11586005687713623 0.8129839324951172 0.01345977783203125 0.019757080078125003
0 0.5442216873168946 0.4965508270263672 0.012199020385742188 0.01847747802734375
1 0.20402872562408447 0.5851527404785156 0.07053794860839843 0.0798431396484375
2 0.6334507942199707 0.4073703002929688 0.023392486572265624 0.03829086303710938
1 0.6854640007019043 0.17763584136962893 0.054463958740234374 0.05099067687988282
0 0.022179260849952698 0.5546269989013672 0.01234026551246643 0.019998931884765626
1 0.3093564033508301 0.9543785858154298 0.02363862991333008 0.09124282836914063
0 0.00433884933590889 0.6437358093261719 0.00867769867181778 0.01873016357421875
0 0.21261656284332275 0.02851371765136719 0.013422679901123046 0.019462738037109375
0 0.3043558597564697 0.7194853210449219 0.012814235687255858 0.01962860107421875
