0 0.22714176177978515 0.7279137420654297 0.012717723846435547 0.019287109375
1 0.7308969974517823 0.8600624084472657 0.06776609420776367 0.041846923828125
1 0.3824930667877197 0.17345256805419923 0.046257400512695314 0.11623207092285157
0 0.9257400512695312 0.6438587951660156 0.012798690795898437 0.01951995849609375
0 0.08664759397506713 0.777685546875 0.012882518768310546 0.019066162109375
0 0.1884777784347534 0.6260594177246094 0.01211533546447754 0.018849029541015628
1 0.41214661598205565 0.6588912963867188 0.03183307647705078 0.073480224609375
0 0.861540699005127 0.9604486083984376 0.010905075073242187 0.0165350341796875
0 0.8520906448364257 0.9555133056640626 0.011499404907226562 0.019061279296875
0 0.621601676940918 0.041531486511230474 0.011510181427001952 0.018142776489257814
0 0.743776273727417 0.10330871582031251 0.012759590148925781 0.017423858642578127
