1 0.8016721963882446 0.7603298950195313 0.06341967582702637 0.09034881591796876
1 0.44565346000270395 0.7706473125494697 0.07785602097359601 0.028553231055970612
1 0.7701387405395508 0.3582685089111328 0.027574920654296873 0.11015625000000001
0 0.7537909030914307 0.2937096405029297 0.011428070068359376 0.016949920654296877
0 0.783972692489624 0.45062149047851563 0.010416889190673828 0.015863342285156252
0 0.5212338924407959 0.6049347686767579 0.012107276916503906 0.016580963134765626
0 0.5263449192047119 0.6248811340332031 0.011317062377929687 0.017332763671875
0 0.9473608016967773 0.8782870483398438 0.010718536376953126 0.01728668212890625
0 0.34764876365661623 0.6696213948314451 0.011213970184326173 0.0179205322265625
0 0.3238459543568465 0.48322959889349937 0.012318464730290479 0.017634854771784208
0 0.5390949170124482 0.6106500691562933 0.009725103734439836 0.015214384508990313
