2 0.7600882053375244 0.8725629170735677 0.025469589233398437 0.051621331108940974
1 0.22175297737121583 0.4359775119357639 0.06556534767150879 0.05598687065972222
2 0.2613086700439453 0.4670559353298611 0.024269533157348634 0.04591183132595486
2 0.6414958953857421 0.7057075500488281 0.025037765502929688 0.04497545030381945
0 0.9563466072082519 0.5996950785319011 0.011772346496582032 0.019760640462239583
0 0.6466351509094238 0.6155350579155816 0.01175374984741211 0.02000274658203125
0 0.9410534858703613 0.9801054212782119 0.014962005615234374 0.021623738606770835
0 0.09310814142227172 0.5581670125325521 0.010510873794555665 0.016231960720486112
0 0.6825718402862548 0.7572034200032552 0.0098907470703125 0.019898986816406252
0 0.08550564050674439 0.5730792575412327 0.01036067008972168 0.01661410861545139
0 0.15833308696746826 0.47137959798177087 0.006873369216918945 0.012794325086805556
0 0.8753720238095238 0.8547178130511464 0.012152777777777738 0.021604938271604868
