1 0.3908060073852539 0.951248016357422 0.051882362365722655 0.09750396728515626
1 0.5213471412658691 0.525626220703125 0.06452655792236328 0.08845458984375
1 0.4168706893920898 0.7849662780761719 0.027061271667480468 0.1259356689453125
0 0.9103753089904785 0.9165147399902345 0.013168144226074218 0.019628295898437502
0 0.7173398971557617 0.10689872741699219 0.011417102813720704 0.019488296508789065
0 0.2939303398132324 0.7103570556640626 0.010710191726684571 0.0169171142578125
0 0.7229420661926269 0.2658182525634766 0.011807060241699219 0.017738800048828125
0 0.6226471900939942 0.26699905395507817 0.011627674102783203 0.01813385009765625
0 0.9398736953735352 0.7377923583984376 0.011146926879882812 0.017139434814453125
0 0.6320468425750733 0.2660359573364258 0.008994007110595703 0.015479660034179688
1 0.5591032028198242 0.26673694610595705 0.06177024841308593 0.04304641723632813
0 0.6299127101898193 0.28226905822753906 0.011310100555419922 0.017030487060546877
