2 0.18200347423553467 0.6128013610839844 0.02431206703186035 0.03642196655273438
1 0.19630846977233887 0.9265460205078125 0.05142126083374023 0.13708282470703126
0 0.5592020988464356 0.8142138671875001 0.012006759643554688 0.018907165527343752
0 0.9064330101013184 0.4650436401367188 0.012120819091796875 0.018006591796875002
0 0.3897745609283447 0.0704833221435547 0.010790634155273437 0.017889251708984377
2 0.41858520507812497 0.141544189453125 0.019286918640136718 0.033871002197265625
2 0.3845039367675781 0.19964759826660158 0.02219734191894531 0.031310806274414064
2 0.3980316400527954 0.13795997619628908 0.02184758186340332 0.0377130126953125
2 0.4050301074981689 0.17895751953125 0.027871513366699217 0.04041221618652344
2 0.37607240676879883 0.16690128326416018 0.025370407104492187 0.03599769592285156
2 0.3799436569213867 0.28344516754150395 0.022715950012207033 0.03231269836425781
0 0.46518726348876954 0.30209701538085937 0.011794662475585938 0.017956008911132814
0 0.46966145833333334 0.31895833333333334 0.010677083333333334 0.01625
