2 0.3653645833333333 0.6347222222222223 0.024479166666666666 0.03981481481481482
1 0.67578125 0.5847222222222223 0.0515625 0.10833333333333334
1 0.8057291666666666 0.48750000000000004 0.027083333333333334 0.14722222222222223
0 0.12734375 0.5347222222222222 0.013020833333333334 0.021296296296296296
0 0.3880208333333333 0.6217592592592592 0.010416666666666666 0.021296296296296296
0 0.3846354166666667 0.6416666666666667 0.008854166666666666 0.020370370370370372
0 0.2864583333333333 0.8189814814814815 0.011458333333333333 0.021296296296296296
0 0.4817708333333333 0.9671296296296297 0.011458333333333333 0.021296296296296296
0 0.3598958333333333 0.15 0.0125 0.022222222222222223
0 0.46953125 0.22268518518518518 0.0109375 0.019444444444444445
0 0.4778645833333333 0.2101851851851852 0.009895833333333333 0.020370370370370372
0 0.5265625 0.2476851851851852 0.013541666666666667 0.021296296296296296
0 0.5244791666666666 0.13472222222222222 0.0125 0.019444444444444445
0 0.5486979166666667 0.125 0.0109375 0.020370370370370372
0 0.7106770833333333 0.3763888888888889 0.009895833333333333 0.021296296296296296
0 0.76015625 0.017592592592592594 0.013020833333333334 0.020370370370370372
0 0.9184895833333333 0.7861111111111111 0.0109375 0.018518518518518517
0 0.9718749999999999 0.8027777777777778 0.013541666666666667 0.031481481481481485
