1 0.4330281257629394 0.18222664727105034 0.025538063049316405 0.1513985527886285
2 0.26499128341674805 0.8948516845703125 0.02237424850463867 0.04467366536458334
0 0.8695720672607422 0.8463433159722222 0.01245880126953125 0.021199883355034723
0 0.3222920894622803 0.622102779812283 0.01190633773803711 0.020402357313368057
0 0.6951597213745118 0.8491270277235243 0.013377952575683593 0.0212615966796875
0 0.34124586582183836 0.8887441847059462 0.011979198455810547 0.018948194715711807
0 0.9920927047729492 0.08785188462999133 0.011183929443359376 0.01991644965277778
0 0.013025839626789092 0.27482104831271703 0.013401100039482116 0.020108201768663195
2 0.19574745893478393 0.3396293640136719 0.020300936698913575 0.036917622884114584
2 0.5025142192840576 0.15018433464898004 0.025515270233154298 0.044393497043185765
0 0.15956448316574096 0.42668914794921875 0.010630226135253907 0.019256252712673613
2 0.5628596305847168 0.2684102376302083 0.020368194580078124 0.033659871419270834
2 0.585242748260498 0.2800269232855903 0.020134353637695314 0.03358662923177083
2 0.5822239372465344 0.22905158525631752 0.023475652270846935 0.03695855788242668
