0 0.36614718437194826 0.405761947631836 0.012185001373291015 0.018072357177734377
0 0.6674106597900391 0.5522329711914062 0.011125946044921875 0.0167431640625
0 0.21602630615234375 0.4758998107910157 0.012232208251953125 0.018537445068359377
2 0.4587554931640625 0.9321759033203125 0.024461936950683594 0.043707275390625
0 0.9221019744873047 0.7811611938476563 0.013194274902343749 0.019664459228515625
0 0.12674250602722167 0.8876292419433595 0.01262197494506836 0.019502258300781252
0 0.9089974403381348 0.5748783874511719 0.01187286376953125 0.019394836425781253
0 0.3683741092681885 0.7118719482421876 0.011774253845214844 0.0186834716796875
0 0.8599428176879883 0.8748393249511719 0.012698745727539063 0.01793731689453125
0 0.8138502120971679 0.15698280334472658 0.013273239135742188 0.019941864013671876
0 0.014041079580783844 0.13166893005371094 0.012019476294517517 0.019300384521484377
0 0.23968286514282225 0.7869944763183594 0.011379098892211914 0.01726043701171875
0 0.3826030731201172 0.6320568084716798 0.01081676483154297 0.01675079345703125
0 0.625936222076416 0.5549147033691406 0.011864089965820312 0.018412933349609376
0 0.23513298034667968 0.6338202667236329 0.015156936645507811 0.023707733154296876
0 0.2177300214767456 0.7080226135253906 0.008596706390380859 0.013685607910156251
0 0.7010330200195313 0.9086793518066407 0.011254692077636718 0.01657867431640625
1 0.13857332468032837 0.3480273246765137 0.044854354858398435 0.026276588439941406
0 0.4345833778381348 0.9296728515625 0.008228302001953125 0.01299957275390625
0 0.7681660652160645 0.8610365295410157 0.01164703369140625 0.01873687744140625
0 0.87880907960199 0.8391376451077943 0.01217868988391378 0.01658374792703152
