1 0.7643609046936035 0.7421934509277345 0.06006040573120117 0.09869781494140625
0 0.8047350168228149 0.9659922790527344 0.01196284294128418 0.01801177978515625
2 0.10720481872558593 0.7320298767089845 0.02464625835418701 0.0339520263671875
1 0.028039955347776414 0.029039974212646487 0.027718128263950346 0.058079948425292974
0 0.8538259506225586 0.29352310180664065 0.01162109375 0.01717193603515625
0 0.5154255867004395 0.8380558776855469 0.012014007568359375 0.018434600830078127
0 0.8367459297180175 0.876126937866211 0.012662315368652343 0.019140777587890626
1 0.7627978801727295 0.25178863525390627 0.030521106719970704 0.15126861572265626
1 0.6033560752868652 0.7411689758300781 0.020322608947753906 0.13150177001953126
0 0.3389348745346069 0.5181910705566407 0.011837577819824219 0.01784149169921875
1 0.7888115882873535 0.2591560363769531 0.019701004028320312 0.1535675048828125
0 0.40104724168777467 0.9344169616699219 0.011694884300231934 0.017987060546875003
1 0.27865407466888426 0.010335750579833986 0.05172252655029297 0.02067150115966797
0 0.18030147552490233 0.8045004272460938 0.01095438003540039 0.0158831787109375
2 0.09938304424285889 0.2643544006347656 0.021494722366333006 0.03629425048828125
0 0.6661702156066894 0.9250888061523438 0.007414054870605469 0.01202392578125
