1 0.7537392139434814 0.37165586683485247 0.060301780700683594 0.11587304009331598
1 0.8863677024841309 0.28676138983832467 0.05649623870849609 0.06647381252712674
1 0.10553923845291137 0.6564363267686633 0.03804855346679688 0.14016282823350695
0 0.7433398246765137 0.11560757954915366 0.011505603790283203 0.020088365342881945
0 0.9330469131469726 0.36040530734592013 0.013135719299316406 0.020354207356770834
0 0.03167355358600617 0.6222305297851562 0.011554831266403198 0.021700710720486113
0 0.026639351248741148 0.8613611857096355 0.011671715974807739 0.019802517361111112
0 0.9579713821411132 0.5799606323242188 0.009794235229492188 0.01683349609375
0 0.1884111762046814 0.9153574625651042 0.012703299522399902 0.020128038194444444
0 0.8301292419433594 0.16354319254557292 0.01320648193359375 0.022580634223090278
0 0.9595516204833984 0.6244532267252605 0.010811614990234374 0.017481316460503472
0 0.4948366641998291 0.5051422119140625 0.010501861572265625 0.018319023980034724
0 0.7285575866699219 0.208485836452908 0.012412643432617188 0.01994840833875868
0 0.04539248943328857 0.9170420328776042 0.012163186073303222 0.01872829861111111
0 0.7752904891967773 0.6060906304253473 0.013210296630859375 0.02206336127387153
0 0.8177852630615234 0.4181382921006945 0.010331344604492188 0.01899787055121528
0 0.8290023803710938 0.4194057040744358 0.011049461364746094 0.018939208984375
0 0.5206416130065918 0.42213897705078124 0.007990837097167969 0.013819037543402779
0 0.29908568859100343 0.5481755574544271 0.012496614456176757 0.018829006618923613
0 0.12265944480895996 0.014356316460503473 0.011815261840820313 0.019975958930121527
0 0.7196087837219238 0.8907403733995226 0.010570240020751954 0.016272989908854167
0 0.9404325485229492 0.401206546359592 0.013774490356445313 0.02239295111762153
0 0.4856868743896484 0.504624769422743 0.010154914855957032 0.0181396484375
0 0.6211496353149414 0.653673807779948 0.011435699462890626 0.021009657118055556
0 0.7023377110233237 0.9240558079310827 0.009272609088883735 0.01696774921719987
0 0.969565200805664 0.5856786092122396 0.009326171875 0.019902886284722223
0 0.9588765144348145 0.600131564670139 0.010266494750976563 0.016916910807291668
0 0.5381202220916748 0.7801055060492622 0.012133502960205078 0.019688245985243057
0 0.9693826675415039 0.5950463189019097 0.01096038818359375 0.018802218967013888
0 0.9610252380371094 0.6109912448459202 0.009273529052734375 0.018632337782118057
0 0.8005061149597168 0.012529034084743923 0.012667083740234375 0.021526675754123266
0 0.7758699633699633 0.8574989824989825 0.010159111721611798 0.018823768823768804
0 0.7215687957875457 0.9096459096459096 0.009157509157509243 0.01577126577126575
0 0.711195054945055 0.9176587301587301 0.00844207875457871 0.015008140008140037
0 0.7118389423076922 0.9011243386243386 0.008871336996336984 0.017551892551892514
0 0.8225977891156462 0.4344293272864701 0.011692176870748246 0.019274376417233546
0 0.13222789115646258 0.007180650037792895 0.011054421768707487 0.012093726379440664
