1 0.48533859252929684 0.7129470825195313 0.072369384765625 0.060281677246093755
1 0.5182549476623535 0.4594195556640625 0.04271259307861328 0.10523071289062501
0 0.8931573867797852 0.5862416076660156 0.012234115600585937 0.019065093994140626
0 0.3914716005325317 0.41272102355957035 0.012156343460083008 0.017857666015625002
1 0.622892189025879 0.20587810516357424 0.08351173400878906 0.04972770690917969
1 0.41169147491455077 0.6624942779541017 0.030497455596923826 0.13036773681640626
2 0.41551361083984373 0.2450830078125 0.01947956085205078 0.03660247802734375
0 0.09285517930984497 0.7358033752441406 0.01278688907623291 0.01918426513671875
1 0.5344256401062012 0.9433924865722657 0.04615364074707031 0.111856689453125
0 0.30645384788513186 0.6143363952636719 0.01145029067993164 0.0174908447265625
1 0.6221579551696778 0.6340449523925782 0.030633926391601562 0.06792449951171875
2 0.6506184101104736 0.713670654296875 0.02446908950805664 0.03394073486328125
0 0.7714231967926025 0.9022108459472656 0.012602806091308594 0.018911132812500002
1 0.45108489990234374 0.05476403236389161 0.02055702209472656 0.10722517013549805
0 0.15778932571411133 0.5269237518310548 0.011258482933044434 0.016806793212890626
0 0.7679130554199218 0.7752622222900392 0.011047554016113282 0.018275604248046876
1 0.019940705597400667 0.692216796875 0.03988141119480133 0.03321746826171875
0 0.46808457374572754 0.5809931182861329 0.012688350677490233 0.019367980957031253
0 0.5085263729095459 0.923050537109375 0.012023353576660156 0.019138946533203128
1 0.29394044876098635 0.9206360626220703 0.02480630874633789 0.14398635864257814
0 0.45731225013732907 0.20048458099365235 0.011520195007324218 0.016603622436523437
2 0.9076711654663085 0.16443157196044922 0.02191925048828125 0.035273742675781254
2 0.8866170883178711 0.1586714553833008 0.02193584442138672 0.03693290710449219
2 0.902518081665039 0.13181655883789065 0.02143383026123047 0.03052764892578125
1 0.13092658519744874 0.7953022766113281 0.0366096019744873 0.0323187255859375
0 0.15088848039215685 0.5425857843137254 0.0122549019607843 0.018995098039215747
0 0.3092447916666667 0.6602328431372549 0.012637867647058817 0.017769607843137296
