1 0.8760320663452148 0.8031526353624132 0.021402740478515626 0.13666008843315972
2 0.3858787536621094 0.8194488525390625 0.020436763763427734 0.03596259223090278
2 0.5706074237823486 0.3846017625596788 0.02285175323486328 0.040785895453559026
0 0.9214882850646973 0.7359257168240018 0.012774085998535157 0.021313307020399307
0 0.1642936110496521 0.37917327880859375 0.011527156829833985 0.020433892144097222
0 0.42912659645080564 0.7965847439236111 0.011659526824951172 0.01981201171875
0 0.7603157997131348 0.19747818840874568 0.011920547485351563 0.019871266682942708
0 0.7009512901306152 0.30693528917100693 0.012360382080078124 0.01837531195746528
0 0.08086298704147339 0.44775984022352433 0.012023186683654786 0.015933566623263888
0 0.08196654915809631 0.42775005764431423 0.010782301425933838 0.018969048394097222
0 0.2719703674316406 0.8975034925672744 0.013716459274291992 0.02822808159722222
0 0.6916433811187744 0.8879992167154949 0.007911014556884765 0.011853196885850695
0 0.5221763610839844 0.4678152296278212 0.008782672882080077 0.013779534233940972
0 0.20625 0.12237654320987654 0.008680555555555535 0.01635802469135803
