1 0.08957781791687011 0.44262500339084204 0.06731681823730469 0.05649346245659723
2 0.30731136798858644 0.26999248928493924 0.020656394958496093 0.04176788330078125
0 0.15653496980667114 0.5274559868706598 0.012332391738891602 0.020980495876736113
2 0.32177159786224363 0.515056864420573 0.025933599472045897 0.04629177517361111
2 0.794314193725586 0.343442620171441 0.02747821807861328 0.04171379937065972
0 0.9203778266906738 0.05894673665364584 0.012725639343261718 0.020861053466796876
0 0.7443700790405273 0.861667972140842 0.011968231201171875 0.02237616644965278
0 0.10770699977874755 0.8482777913411459 0.010618782043457032 0.01654849582248264
0 0.11307834386825562 0.8292322794596354 0.010107660293579101 0.016889784071180556
0 0.8719107627868652 0.4080944485134549 0.011374664306640626 0.019374932183159724
0 0.7001621756487026 0.24994455533377694 0.011851297405189597 0.01996007984031936
0 0.7088947105788423 0.23525171878465292 0.010603792415169622 0.022732313151474864
