1 0.9132805824279785 0.17018917083740234 0.04178142547607422 0.10992378234863281
1 0.8462997436523437 0.2330694580078125 0.062131500244140624 0.05687469482421875
2 0.7956060409545899 0.8471705627441407 0.023188400268554687 0.03427200317382813
2 0.24175500869750977 0.23792396545410158 0.021117210388183594 0.03697769165039063
2 0.32753753662109375 0.06499794006347656 0.021434497833251954 0.03861289978027344
0 0.7850311756134033 0.9016499328613282 0.011772632598876953 0.019181518554687502
0 0.818714427947998 0.8651852416992188 0.012306404113769532 0.019522552490234376
0 0.06549413204193115 0.3846023559570313 0.011698746681213379 0.01727874755859375
1 0.6390561103820801 0.2701942825317383 0.07471218109130859 0.026170730590820312
0 0.19318547248840331 0.3984391784667969 0.01136031150817871 0.0181927490234375
1 0.09011969566345215 0.9851052856445313 0.07779107093811036 0.02932281494140625
1 0.8626199722290039 0.9610816192626954 0.08476982116699219 0.023067932128906253
0 0.05989230871200561 0.4030870056152344 0.009807956218719483 0.016737060546875
0 0.7870868682861328 0.7101226806640626 0.0123626708984375 0.018579406738281252
0 0.9040077209472656 0.5410092163085938 0.012322044372558594 0.018762664794921877
