1 0.36873478889465333 0.6861043548583985 0.054421710968017574 0.10551300048828126
1 0.4091576099395752 0.256630973815918 0.04189252853393555 0.13667213439941406
0 0.972357177734375 0.8238858032226563 0.012816619873046874 0.0190533447265625
2 0.731831169128418 0.4663461303710938 0.026984024047851562 0.035859680175781256
1 0.05225210785865784 0.09024360656738281 0.08309160470962525 0.04391983032226563
2 0.1986669898033142 0.431051025390625 0.022258305549621583 0.03652008056640625
0 0.7177366733551025 0.6321835327148438 0.01093463897705078 0.01634246826171875
0 0.31591572761535647 0.9324174499511719 0.012659978866577147 0.01894805908203125
0 0.8335799217224121 0.19399322509765626 0.011153984069824218 0.016356201171875
1 0.09469972252845764 0.4699491119384766 0.06051965951919556 0.030825042724609376
0 0.15773700475692748 0.7735887908935547 0.011935901641845704 0.01807830810546875
0 0.6506885528564453 0.13620292663574218 0.012857341766357422 0.019880142211914063
1 0.17096960544586182 0.4351730346679688 0.04965395927429199 0.07830078125
0 0.5165350437164307 0.7191305541992188 0.010519027709960938 0.01506561279296875
0 0.8637275695800781 0.5072201538085938 0.01175079345703125 0.017220458984375003
0 0.8515298843383788 0.5031330108642579 0.012189865112304688 0.020568695068359375
1 0.176047150293986 0.9776168568929037 0.07394736607869466 0.043099619547526044
