1 0.19827723503112793 0.49816604614257814 0.08299822807312011 0.07224365234375
1 0.48735461235046384 0.22620498657226565 0.05100822448730469 0.10547500610351564
0 0.6818004608154297 0.6226493835449219 0.012613487243652343 0.020657348632812503
1 0.5179849624633789 0.7344639587402344 0.0712799072265625 0.043848419189453126
2 0.7025925159454346 0.0843740463256836 0.023909950256347658 0.04223068237304688
0 0.46579041481018063 0.1213530731201172 0.012873268127441407 0.0194134521484375
1 0.29359872341156007 0.8163689422607422 0.016407299041748046 0.12331176757812501
1 0.19773316383361816 0.40860000610351566 0.08919672966003418 0.0327154541015625
2 0.2030635595321655 0.3623204803466797 0.02402191162109375 0.03587234497070313
0 0.7378355026245117 0.16060615539550782 0.013104820251464843 0.018430633544921877
2 0.17413594722747802 0.30553009033203127 0.0217071533203125 0.03047393798828125
0 0.6262234210968017 0.9284514617919922 0.011182117462158202 0.016534729003906252
2 0.16362361907958983 0.33556770324707036 0.022492408752441406 0.034474334716796874
2 0.720594072341919 0.7944361877441407 0.02204275131225586 0.036092529296875
2 0.2171095848083496 0.35912498474121096 0.014703083038330077 0.032947845458984375
0 0.5105085372924805 0.7215660095214844 0.02151355743408203 0.020719299316406252
