1 0.2568200588226318 0.06399932861328125 0.0461482048034668 0.0912744140625
1 0.8263900756835937 0.8614896392822267 0.056294250488281246 0.05350433349609375
1 0.9410677909851074 0.7400144958496094 0.06385993957519531 0.08601531982421876
0 0.015906715020537376 0.7880146026611329 0.012749076634645461 0.018495178222656252
2 0.6952845096588135 0.15235755920410157 0.024427127838134766 0.036148452758789064
2 0.7155677795410156 0.1082909393310547 0.026760673522949217 0.036483154296875
0 0.7197816848754883 0.7691618347167969 0.009205245971679687 0.015248870849609375
0 0.3652289390563965 0.6776918029785157 0.01272287368774414 0.01991546630859375
0 0.7963638782501221 0.8219648742675781 0.012048435211181641 0.01798309326171875
0 0.6539547920227051 0.4617839050292969 0.01211862564086914 0.01815399169921875
0 0.7102999687194824 0.7722771453857422 0.010120391845703125 0.015834503173828125
0 0.052843517065048216 0.06683032989501954 0.008881163597106934 0.014095916748046876
