1 0.67265625 0.23611111111111113 0.07447916666666667 0.06481481481481481
0 0.03125 0.3143518518518519 0.010416666666666666 0.019444444444444445
0 0.06692708333333333 0.47175925925925927 0.0109375 0.015740740740740743
0 0.06848958333333333 0.4930555555555556 0.011979166666666666 0.019444444444444445
0 0.14505208333333333 0.26666666666666666 0.01614583333333333 0.022222222222222223
0 0.18072916666666666 0.1527777777777778 0.010416666666666666 0.018518518518518517
0 0.19166666666666665 0.16203703703703703 0.010416666666666666 0.016666666666666666
0 0.3611979166666667 0.10462962962962963 0.013020833333333334 0.020370370370370372
0 0.5268229166666667 0.15925925925925927 0.011979166666666666 0.016666666666666666
0 0.53203125 0.17824074074074076 0.0140625 0.021296296296296296
0 0.54921875 0.20601851851851852 0.011979166666666666 0.021296296296296296
0 0.5760416666666667 0.12175925925925926 0.011458333333333333 0.017592592592592594
0 0.5854166666666667 0.13240740740740742 0.010416666666666666 0.016666666666666666
0 0.634375 0.10648148148148148 0.011458333333333333 0.018518518518518517
2 0.7015625 0.15231481481481482 0.021875 0.04722222222222222
2 0.70078125 0.1925925925925926 0.011979166666666666 0.018518518518518517
0 0.33567708333333335 0.39351851851851855 0.009895833333333333 0.020370370370370372
0 0.4153645833333333 0.5712962962962963 0.0109375 0.018518518518518517
0 0.8078124999999999 0.0787037037037037 0.010416666666666666 0.016666666666666666
0 0.8505208333333333 0.05787037037037037 0.011458333333333333 0.02314814814814815
0 0.8692708333333333 0.1 0.0125 0.020370370370370372
0 0.9239583333333333 0.08055555555555556 0.0125 0.018518518518518517
0 0.27734375 0.9500000000000001 0.009895833333333333 0.016666666666666666
0 0.28828125 0.9476851851851852 0.008854166666666666 0.019444444444444445
0 0.29322916666666665 0.9314814814814815 0.010416666666666666 0.018518518518518517
0 0.2981770833333333 0.9462962962962963 0.009895833333333333 0.016666666666666666
0 0.5481770833333334 0.6319444444444444 0.013020833333333334 0.017592592592592594
0 0.6346354166666667 0.5574074074074075 0.009895833333333333 0.018518518518518517
0 0.6419270833333334 0.5685185185185185 0.009895833333333333 0.020370370370370372
0 0.5830729166666666 0.8444444444444444 0.011979166666666666 0.020370370370370372
0 0.6177083333333333 0.9148148148148149 0.0125 0.022222222222222223
0 0.9466145833333334 0.8250000000000001 0.0109375 0.016666666666666666
0 0.93984375 0.8412037037037038 0.009895833333333333 0.017592592592592594
0 0.9479166666666666 0.850925925925926 0.009375 0.016666666666666666
0 0.8471354166666667 0.4240740740740741 0.0109375 0.020370370370370372
