2 0.4172654151916504 0.9117155287000869 0.025059127807617185 0.03843943277994792
2 0.5546928882598877 0.33192662133110895 0.021527481079101563 0.03233443366156684
0 0.7857040882110595 0.38462710910373266 0.011446285247802734 0.01826273600260417
0 0.555626392364502 0.4289555867513021 0.010407447814941406 0.018135579427083333
0 0.06773371696472168 0.4072672526041667 0.011877870559692383 0.019261338975694445
0 0.07805930972099304 0.42688581678602433 0.01163233518600464 0.0194122314453125
0 0.36506903171539307 0.2588713751898872 0.011525678634643554 0.018785603841145835
0 0.060624659061431885 0.42007904052734374 0.010143923759460449 0.01777682834201389
0 0.07797577381134033 0.40690248277452257 0.010976338386535644 0.018438720703125
0 0.06710829734802246 0.42364044189453126 0.011259651184082032 0.015561930338541667
0 0.35749690210656754 0.23543990086741018 0.009874535315985138 0.015833677543714706
