1 0.6697888374328613 0.5123440551757813 0.05175094604492187 0.12482391357421876
1 0.7458065032958985 0.12927658081054688 0.039336776733398436 0.12117813110351563
2 0.9653886795043946 0.4095719146728516 0.025819778442382812 0.038552551269531256
0 0.1599813938140869 0.7335718536376954 0.009899663925170898 0.01647552490234375
1 0.14161211252212524 0.7939398193359376 0.03566939830780029 0.11228515625
1 0.11754100322723389 0.7910481262207032 0.019467926025390624 0.12523162841796875
2 0.9680265426635742 0.37365791320800784 0.023296356201171875 0.031228332519531252
0 0.03737823367118835 0.9204344940185547 0.011714422702789306 0.017000732421875
0 0.0318236768245697 0.905284881591797 0.012019932270050049 0.017709045410156252
1 0.9828524589538574 0.9066952514648438 0.033359718322753903 0.05706024169921876
1 0.7666820526123047 0.9135787963867188 0.034693241119384766 0.11658386230468751
0 0.02720072790980339 0.9227911376953125 0.011042381823062896 0.0176275634765625
