1 0.5390809535980224 0.549063958062066 0.06794118881225586 0.03201327853732639
2 0.5893661975860596 0.6940994262695312 0.027665042877197264 0.051860215928819446
0 0.6522975921630859 0.28526153564453127 0.011861705780029297 0.02076263427734375
2 0.8154680252075195 0.6086971706814236 0.023514938354492188 0.04539862738715278
1 0.3352820873260498 0.8458242628309462 0.014318466186523438 0.09105682373046875
0 0.8414226531982422 0.1918952094184028 0.013238143920898436 0.0223724365234375
0 0.9716672897338867 0.9704577975802952 0.012084388732910156 0.019301350911458334
0 0.5053477764129639 0.2575150383843316 0.012717628479003906 0.021595933702256945
0 0.985074234008789 0.9640266418457032 0.012858009338378907 0.02216373019748264
0 0.8422225952148438 0.17236751980251735 0.015503692626953124 0.01988796657986111
0 0.10787584781646728 0.3005602518717448 0.011403942108154297 0.017976209852430557
0 0.013506698608398437 0.04933959113226997 0.012094223499298095 0.020338355170355902
0 0.1721442699432373 0.4149695502387153 0.01156926155090332 0.019407823350694447
0 0.2589879467996675 0.3113512515008775 0.00831255195344971 0.014085157476678647
0 0.2524937655860349 0.3224346541054771 0.008572319201994994 0.015008774360395266
0 0.2614557356608479 0.32728364274498944 0.007793017456359112 0.01639419968597022
