1 0.48236689567565916 0.3036553573608399 0.05775518417358398 0.10935020446777345
0 0.3082754373550415 0.9765875244140626 0.012790679931640625 0.01978729248046875
2 0.8867988586425781 0.3320159912109375 0.02369518280029297 0.03700424194335938
0 0.817280387878418 0.2542683029174805 0.01179656982421875 0.018707656860351564
2 0.7749991416931152 0.13062812805175783 0.022759056091308592 0.0367169189453125
0 0.11509238481521607 0.664763412475586 0.012106585502624511 0.01734130859375
0 0.6611213684082031 0.6507772827148438 0.013506126403808593 0.019383850097656252
2 0.6244686126708985 0.21327037811279298 0.02356243133544922 0.039801025390625
0 0.8461871147155762 0.6896348571777344 0.012614059448242187 0.017899169921875
2 0.6483222961425781 0.21426734924316407 0.022561264038085938 0.0337274169921875
2 0.8037269592285156 0.02421611785888672 0.022868919372558593 0.04044456481933594
1 0.6548449516296386 0.4588188171386719 0.05199031829833984 0.0325
2 0.4883701324462891 0.6428382873535157 0.022588157653808595 0.036456451416015626
2 0.8740068435668945 0.5218331909179688 0.0236907958984375 0.038346862792968756
2 0.4860713958740234 0.5575842285156251 0.024311351776123046 0.035883789062500004
2 0.5230248451232911 0.6392649841308594 0.022460746765136718 0.039433441162109374
0 0.11064403057098389 0.11970382690429689 0.01233367919921875 0.018692626953125003
0 0.335986852645874 0.7967511749267578 0.010708808898925781 0.01629119873046875
2 0.498743200302124 0.610779266357422 0.02379188537597656 0.03561370849609375
0 0.687583065032959 0.836818084716797 0.013233184814453125 0.01903839111328125
2 0.5058681011199951 0.5780076599121095 0.021094703674316408 0.031827392578125
2 0.5213330745697021 0.5997528076171875 0.019464874267578126 0.030258178710937503
