0 0.5311283111572266 0.2941911315917969 0.012107467651367188 0.019367828369140628
1 0.25109615325927737 0.553019256591797 0.07635345458984374 0.058840026855468755
0 0.9928279876708984 0.5073406982421875 0.012231826782226562 0.01879486083984375
2 0.3462179899215698 0.8602900695800781 0.020374202728271486 0.035334472656250004
1 0.28959248065948484 0.7360047149658203 0.02967848777770996 0.14193222045898438
0 0.53201904296875 0.1054833221435547 0.012321090698242188 0.019296493530273438
0 0.33225164413452146 0.13177413940429689 0.010199546813964844 0.015323944091796876
0 0.9604921340942383 0.052054443359375 0.011356353759765625 0.017525634765625003
0 0.7062774658203125 0.2929270935058594 0.011685657501220702 0.017885131835937502
0 0.041871529817581174 0.20124603271484376 0.0131816565990448 0.020050201416015625
0 0.9642350196838378 0.24504432678222657 0.011778450012207032 0.017768096923828126
0 0.45989160537719725 0.22226455688476565 0.012358951568603515 0.017947235107421876
0 0.7112152099609375 0.765377426147461 0.011509513854980469 0.018487243652343752
1 0.9371217727661133 0.9592935943603517 0.018099212646484376 0.08141281127929688
0 0.4308359146118164 0.8826863861083984 0.012430953979492187 0.018405914306640625
0 0.4186056137084961 0.8805723571777344 0.012762451171875 0.01998382568359375
0 0.6141739845275879 0.06113250732421875 0.011544036865234374 0.018585815429687503
0 0.42600393295288086 0.865010223388672 0.011795616149902344 0.01762969970703125
