1 0.664824104309082 0.4896489715576172 0.0767354965209961 0.08793350219726563
1 0.8291315078735352 0.4256790161132813 0.03705520629882812 0.13919158935546877
1 0.09192033410072327 0.21143253326416017 0.08639293909072876 0.05832878112792969
0 0.10505942106246947 0.8497024536132813 0.010869264602661133 0.01660003662109375
0 0.4681225776672363 0.6235226440429688 0.011783027648925781 0.0179437255859375
0 0.10625808238983155 0.46514053344726564 0.011872386932373047 0.018700561523437503
1 0.16655497550964354 0.4384507751464844 0.023235487937927245 0.13314544677734375
1 0.8686285018920898 0.4770138549804688 0.020742416381835938 0.059494628906250006
0 0.9946966171264648 0.10959705352783204 0.010113906860351563 0.017399673461914063
0 0.7889355182647705 0.45233169555664066 0.011363029479980469 0.016793518066406252
1 0.10966463088989258 0.17815994262695314 0.05033297538757324 0.057060012817382814
0 0.7909394264221191 0.43661643981933596 0.0101104736328125 0.016795654296875
0 0.2194880962371826 0.029578399658203126 0.010615348815917969 0.015930328369140625
1 0.9955829620361328 0.16732219696044923 0.008834075927734376 0.11432731628417969
0 0.24896978021978022 0.2396978021978022 0.011446886446886465 0.017857142857142873
0 0.4750457875457875 0.6806318681318682 0.012019230769230779 0.02152014652014657
