1 0.3778907299041748 0.06607452392578125 0.03255653381347656 0.11431808471679689
1 0.5492327690124512 0.7685821533203125 0.06173229217529297 0.024823913574218752
1 0.48038190667785474 0.7900793952615853 0.028374363282467268 0.11434682471120454
0 0.24053461551666258 0.2709635162353516 0.010975122451782227 0.017660903930664065
0 0.9161876678466797 0.7029089355468751 0.011687469482421876 0.01789154052734375
0 0.7547307014465332 0.4324275207519532 0.012234115600585937 0.01863677978515625
0 0.7415309906005859 0.41543228149414063 0.010440254211425781 0.016548004150390625
0 0.8390469721826704 0.8064282033356396 0.010583911936190423 0.016118858346388647
0 0.750793988518026 0.41540280887828523 0.011553001403808594 0.01726272583007822
1 0.16915954415954418 0.3244301994301995 0.04807692307692309 0.07763532763532761
0 0.8274992638398115 0.7993227326266196 0.01012220259128386 0.015606595995288616
0 0.7507692695722357 0.40052461662631156 0.009962671509281762 0.014931396287328483
