1 0.4809000015258789 0.9398896026611329 0.04570846557617188 0.11196029663085938
1 0.4586953639984131 0.786738739013672 0.0756235122680664 0.06744644165039063
2 0.019844186305999757 0.26842613220214845 0.02418292760848999 0.03789657592773438
2 0.7061732292175293 0.14482170104980469 0.02225189208984375 0.038487396240234374
1 0.6479182720184327 0.18928020477294924 0.07251644134521484 0.051063232421875
2 0.366961669921875 0.021073532104492188 0.024116373062133788 0.03682853698730469
2 0.7279078483581543 0.15616363525390625 0.021344375610351563 0.03227401733398438
2 0.762261962890625 0.5602748107910157 0.023512649536132812 0.03648956298828125
2 0.7353483200073242 0.5398638916015626 0.02454662322998047 0.03591064453125
2 0.7348466396331788 0.5764468383789063 0.024341583251953125 0.035880126953125
2 0.5736374855041504 0.9098684692382814 0.02244853973388672 0.040225830078125004
1 0.7366539001464844 0.2568012619018555 0.044067668914794925 0.06174842834472657
2 0.6320905208587646 0.4849009704589844 0.025332927703857422 0.03423187255859375
2 0.7645800590515137 0.6072125244140626 0.01818389892578125 0.029542846679687502
2 0.9943839073181152 0.9660334777832031 0.01123218536376953 0.029709167480468753
0 0.891276741027832 0.9922917175292969 0.01149444580078125 0.01541656494140625
0 0.8006908416748046 0.5858023071289062 0.011636734008789062 0.017907867431640627
2 0.7552223205566406 0.6398351287841797 0.01965675354003906 0.03901107788085938
