2 0.8321628570556641 0.46938858032226566 0.02295989990234375 0.03251556396484375
2 0.5547256469726562 0.3591751861572266 0.024379825592041014 0.04077743530273438
2 0.880543327331543 0.6378030395507813 0.02559051513671875 0.037089538574218754
2 0.8125357627868652 0.6270843505859376 0.021216392517089844 0.038355407714843755
2 0.7966089725494385 0.6591368103027344 0.01984243392944336 0.03615478515625
2 0.8312108993530273 0.5121315002441407 0.021704483032226562 0.031664428710937505
0 0.6507824897766114 0.8424195098876953 0.012036705017089843 0.01876800537109375
0 0.8600234985351562 0.9157862854003906 0.011270523071289062 0.0157568359375
2 0.8106060028076172 0.6900634002685547 0.013488006591796874 0.026561279296875
0 0.035375934839248654 0.3127191162109375 0.011476254463195801 0.017549896240234376
2 0.792198371887207 0.7017900848388672 0.01921539306640625 0.030875091552734376
1 0.7655678272247315 0.1971676254272461 0.0795638084411621 0.03519500732421875
0 0.5137351036071778 0.3875779724121094 0.011577415466308593 0.0166650390625
1 0.5243055555555556 0.10216049382716048 0.05787037037037036 0.03395061728395062
