1 0.08207476735115052 0.0812578582763672 0.04223841428756714 0.11702453613281251
1 0.08701437711715698 0.3667771148681641 0.025127005577087403 0.12399459838867188
2 0.8546455383300781 0.6970822143554688 0.025264739990234375 0.03969451904296875
0 0.05305073261260986 0.06894538879394532 0.01155179738998413 0.01930290222167969
0 0.22372817993164062 0.9924926757812501 0.011405086517333985 0.015014648437500002
0 0.31087374687194824 0.9093737030029297 0.010261726379394532 0.016325531005859376
1 0.018718835711479188 0.021626758575439456 0.025153523683547972 0.04325351715087891
0 0.7175656795501709 0.5104109191894531 0.0113189697265625 0.01815826416015625
0 0.44753293991088866 0.7217568969726563 0.011516761779785157 0.01782562255859375
0 0.06662344932556152 0.36674026489257816 0.009515333175659179 0.016377258300781253
0 0.9926434516906738 0.38348419189453126 0.010539436340332031 0.0172760009765625
0 0.975923728942871 0.45469207763671876 0.011334228515625 0.01660736083984375
1 0.5675389566395663 0.6720867208672087 0.07664295392953933 0.04878048780487802
