1 0.35442708333333334 0.37962962962962965 0.04114583333333333 0.05555555555555556
2 0.6760416666666667 0.4134259259259259 0.02395833333333333 0.03981481481481482
0 0.028385416666666666 0.48703703703703705 0.0109375 0.018518518518518517
0 0.15703125 0.19166666666666668 0.011979166666666666 0.020370370370370372
0 0.2833333333333333 0.17407407407407408 0.0125 0.020370370370370372
0 0.29453125 0.17453703703703705 0.0109375 0.019444444444444445
0 0.28828125 0.19398148148148148 0.0140625 0.021296296296296296
0 0.3380208333333333 0.7675925925925926 0.010416666666666666 0.016666666666666666
0 0.3385416666666667 0.7870370370370371 0.0125 0.020370370370370372
0 0.31536458333333334 0.9833333333333334 0.0109375 0.016666666666666666
0 0.5729166666666666 0.058333333333333334 0.013541666666666667 0.022222222222222223
0 0.65546875 0.047685185185185185 0.011979166666666666 0.019444444444444445
0 0.5098958333333333 0.42129629629629634 0.0125 0.022222222222222223
0 0.6216145833333333 0.39212962962962966 0.011979166666666666 0.019444444444444445
0 0.5875 0.7027777777777778 0.011458333333333333 0.020370370370370372
0 0.65625 0.8486111111111111 0.011458333333333333 0.019444444444444445
0 0.9708333333333333 0.3236111111111111 0.011458333333333333 0.02314814814814815
