1 0.1362443208694458 0.6405110677083333 0.06509628295898437 0.06864861382378472
2 0.2536860466003418 0.6523334079318577 0.024646282196044922 0.042540825737847225
2 0.28102157115936277 0.6776433308919271 0.02328481674194336 0.045705159505208336
2 0.0641925573348999 0.16601172553168403 0.023541355133056642 0.0411683824327257
0 0.08539601564407348 0.2926608615451389 0.011637377738952636 0.020686170789930555
1 0.07364212125539779 0.4209752400716146 0.09770138561725616 0.03228251139322917
2 0.5022900581359864 0.18190769619411892 0.022168731689453124 0.04611358642578125
0 0.320322322845459 0.5545920477973091 0.01180253028869629 0.017781236436631945
0 0.15597376823425294 0.04797460767957899 0.011048126220703124 0.01744783189561632
0 0.5392633438110351 0.982948727077908 0.012695121765136718 0.020457628038194446
0 0.10826799869537353 0.2821687910291884 0.010313606262207032 0.017993333604600696
0 0.32288265228271484 0.5743803236219618 0.012155628204345703 0.018742201063368057
0 0.1149442195892334 0.3015315161810981 0.012338852882385254 0.021467675103081597
0 0.8432090759277343 0.42999844021267364 0.012086868286132812 0.0206268310546875
