1 0.6711828231811523 0.8589603847927517 0.043268871307373044 0.13734825981987847
0 0.8031034469604492 0.7608174641927083 0.012370109558105469 0.01977335611979167
0 0.6037862777709961 0.37724295722113715 0.0120758056640625 0.019694688585069446
2 0.7699326515197754 0.12486754523383246 0.025258827209472656 0.038258700900607644
0 0.7938098430633544 0.5044815063476563 0.011478328704833984 0.019884575737847222
0 0.502107048034668 0.4308733622233073 0.013369369506835937 0.021433003743489585
0 0.516506576538086 0.14953426784939236 0.010486602783203125 0.017559475368923612
0 0.17744176387786864 0.38542768690321183 0.011136865615844727 0.019317287868923613
0 0.9072366714477539 0.1866792466905382 0.012118148803710937 0.020915730794270834
0 0.6256364345550537 0.06401774088541667 0.012555217742919922 0.019513787163628473
0 0.5104188919067383 0.13337148030598958 0.011165237426757813 0.019944932725694444
0 0.5208686828613281 0.1313123491075304 0.010516929626464843 0.015762752956814237
0 0.2717589855194092 0.10200907389322918 0.01158294677734375 0.021199205186631945
0 0.995192813873291 0.18254678514268663 0.009095382690429688 0.019258965386284722
0 0.7666552197802197 0.011090761090761124 0.009157509157509125 0.017297517297517297
