1 0.9605375289916992 0.46906890869140627 0.059091949462890626 0.06919708251953126
1 0.09575130939483642 0.3855240631103516 0.04632282257080078 0.12963607788085937
2 0.8974973678588867 0.9599389648437501 0.02253894805908203 0.0355438232421875
1 0.39623613357543946 0.6123178863525391 0.08322410583496094 0.051210937500000005
0 0.4944419860839844 0.5846657562255859 0.012503814697265624 0.019084930419921875
1 0.6878864288330078 0.3026982879638672 0.05646429061889648 0.0462176513671875
1 0.22097303867340087 0.06374817848205566 0.054505634307861324 0.10401411056518556
0 0.81357421875 0.8460507202148438 0.01210174560546875 0.01909149169921875
0 0.8145811080932617 0.8227415466308594 0.012973785400390625 0.02043853759765625
0 0.1895638585090637 0.9244754028320313 0.008953523635864259 0.013096160888671876
0 0.7392714500427247 0.205503044128418 0.011729812622070313 0.01799064636230469
