1 0.19258053302764894 0.8455160522460938 0.032970523834228514 0.12116485595703126
0 0.6790789604187012 0.5498382568359376 0.011304473876953125 0.017850646972656252
2 0.7639493942260742 0.33748558044433596 0.023424530029296876 0.035991058349609376
0 0.47183876037597655 0.6954832458496094 0.012863731384277344 0.019263916015625
0 0.8910388946533203 0.7862684631347657 0.01110992431640625 0.017032470703125
0 0.530391263961792 0.4475505065917969 0.011534976959228515 0.019009399414062503
0 0.9289636611938477 0.3313999938964844 0.010903167724609374 0.016081085205078127
0 0.5399957656860351 0.6105181884765626 0.010298919677734376 0.0172418212890625
0 0.35322136878967286 0.08559486389160156 0.013224029541015625 0.021250457763671876
0 0.532908296585083 0.5109251403808595 0.01087808609008789 0.01730712890625
0 0.7569106101989747 0.6060430145263672 0.011105537414550781 0.017039947509765625
0 0.7809263229370117 0.7480515289306641 0.010747146606445313 0.016633758544921877
0 0.2894978284835815 0.6944363403320313 0.010502004623413086 0.015361938476562502
0 0.5544071197509766 0.25671474456787113 0.012645149230957031 0.0185693359375
0 0.7668766975402832 0.26307838439941406 0.011876487731933593 0.017601394653320314
0 0.5513483047485351 0.6063205718994141 0.011390113830566406 0.01660491943359375
0 0.28122148513793943 0.7127085876464844 0.010884666442871093 0.017949829101562502
0 0.6019200801849365 0.816797332763672 0.010106277465820313 0.01719512939453125
0 0.5442103385925293 0.50417236328125 0.011186981201171875 0.01792205810546875
0 0.6778761863708496 0.42674743652343755 0.011187362670898437 0.01727691650390625
0 0.36269941329956057 0.11012836456298829 0.012766075134277343 0.019343338012695315
0 0.7709566116333008 0.29724830627441406 0.011928081512451172 0.0184246826171875
0 0.4151630401611328 0.9898532104492188 0.01030282974243164 0.017644042968750002
0 0.31725425720214845 0.2779399871826172 0.010453033447265624 0.017334671020507814
0 0.27739197530864196 0.6944444444444444 0.005787037037037083 0.012345679012345652
0 0.16917438271604937 0.8398148148148148 0.011574074074074077 0.01851851851851848
0 0.4239004629629629 0.9836419753086421 0.010995370370370357 0.01790123456790127
0 0.771219135802469 0.27870370370370373 0.009645061728395158 0.016049382716049415
0 0.7759452160493827 0.31157407407407406 0.00906635802469135 0.01450617283950616
0 0.8486689814814814 0.07530864197530865 0.008680555555555476 0.019135802469135803
0 0.8560956790123456 0.08719135802469136 0.010416666666666666 0.018209876543209873
