1 0.8844738006591797 0.9650694274902344 0.028151321411132812 0.06986114501953125
1 0.3183744430541992 0.7022444152832031 0.07988677024841309 0.062175292968750004
0 0.8716493606567383 0.9150923156738282 0.012190628051757812 0.0178558349609375
2 0.8736227989196778 0.2533699417114258 0.026815223693847656 0.039131851196289064
2 0.022712632641196252 0.47803222656250005 0.024945569783449174 0.040913543701171874
2 0.3591723918914795 0.274694938659668 0.02535247802734375 0.03663047790527344
1 0.12575050592422485 0.24449813842773438 0.03186376094818115 0.11179672241210938
0 0.5928145408630371 0.5155165100097656 0.010963249206542968 0.01713623046875
0 0.4701282501220703 0.22770347595214846 0.01064920425415039 0.015770645141601564
1 0.725829792022705 0.2888738250732422 0.06974010467529297 0.029763641357421877
2 0.09162636399269104 0.2713787841796875 0.023693382740020752 0.03507072448730469
1 0.37546253204345703 0.7437467956542969 0.04050025939941406 0.068948974609375
2 0.13982579708099366 0.29528091430664066 0.022079038619995116 0.037737274169921876
0 0.15356159210205078 0.26241477966308596 0.012206721305847167 0.01810791015625
