1 0.12737964391708373 0.5449839782714844 0.06800715923309326 0.08475219726562501
0 0.4272597789764404 0.735981674194336 0.012425708770751952 0.01970123291015625
1 0.16008210182189941 0.44677574157714844 0.0719383716583252 0.0268194580078125
0 0.5091094970703125 0.02649394989013672 0.012308406829833984 0.020578231811523438
2 0.73226957321167 0.47100845336914066 0.022655296325683593 0.03358322143554688
2 0.5722536563873291 0.5606816864013672 0.023731708526611328 0.03811569213867188
0 0.7516068458557129 0.2680830383300781 0.011233901977539063 0.018318023681640625
0 0.7062521934509277 0.1435927963256836 0.011763763427734376 0.01928703308105469
0 0.17578163146972656 0.5866201782226563 0.012439632415771484 0.01878387451171875
2 0.5493732452392578 0.550040283203125 0.022290992736816406 0.034487762451171876
1 0.06729909777641296 0.4641483306884766 0.02395714521408081 0.10984481811523439
0 0.7485093116760254 0.5474883270263672 0.011883544921875 0.018246002197265625
0 0.08494274020195007 0.08765457153320313 0.011792528629302978 0.016344985961914065
0 0.6457298278808594 0.5186637878417969 0.012000846862792968 0.018712158203125002
0 0.2632195234298706 0.19313262939453127 0.011623048782348632 0.016934814453125002
0 0.07748812437057495 0.1027181625366211 0.011446857452392578 0.016874923706054687
0 0.7425179481506348 0.5659909057617187 0.011812973022460937 0.017414855957031253
0 0.5534199714660645 0.5252706909179687 0.014027786254882811 0.0184466552734375
