1 0.09803369641304016 0.30547620985243057 0.065078604221344 0.06633639865451389
0 0.49359288215637204 0.821512688530816 0.011877727508544923 0.0202606201171875
0 0.31917879581451414 0.7087231106228299 0.012888479232788085 0.02135281032986111
0 0.33068218231201174 0.5750083923339844 0.011727523803710938 0.017987569173177086
0 0.9303503036499023 0.08019502427842883 0.011850357055664062 0.02071685791015625
0 0.2538724184036255 0.8585511949327257 0.011369132995605468 0.018604532877604166
0 0.5681337356567383 0.007534217834472657 0.011008834838867188 0.015068435668945314
0 0.6359763145446777 0.0709120856391059 0.010640621185302734 0.01800604926215278
0 0.3887714666478774 0.5351823794296364 0.009942913055419922 0.020876057942708335
0 0.40789122581481935 0.5375795152452257 0.00985403060913086 0.017897542317708334
0 0.7245710784313725 0.6732706971677561 0.010723039215686233 0.017701525054466236
