2 0.717812442779541 0.22778854370117188 0.027371883392333984 0.04086880154079861
0 0.12064478397369384 0.6049139234754775 0.012287044525146484 0.021661546495225694
0 0.35576088428497316 0.3370091756184896 0.010688066482543945 0.01893039279513889
1 0.38898983001708987 0.5457612779405382 0.06162748336791992 0.04352043999565972
0 0.45229597091674806 0.2488348642985026 0.011503982543945312 0.01829503377278646
0 0.7158198356628418 0.7075763278537327 0.009437942504882812 0.016021219889322917
0 0.716712760925293 0.7261688232421876 0.008743000030517579 0.017381117078993057
0 0.38851686507936506 0.5890652557319224 0.012152777777777797 0.016754850088183403
0 0.39794146825396826 0.5855379188712522 0.01016865079365079 0.014109347442680832
0 0.8897270114942529 0.4108131119625373 0.011075191570881179 0.018092805449127263
0 0.8940672892720307 0.3916560238399319 0.010177203065134085 0.014899957428693046
