0 0.27295856475830077 0.3495657348632813 0.012220191955566406 0.01838531494140625
2 0.9706048965454102 0.32925273895263674 0.025397491455078126 0.03625190734863282
1 0.560875415802002 0.5224600219726563 0.05482130050659179 0.11996643066406251
0 0.12338976860046387 0.4488578796386719 0.012067937850952148 0.0182574462890625
0 0.2112004280090332 0.15855537414550783 0.01349048614501953 0.0222967529296875
0 0.09679099321365356 0.296081771850586 0.011923074722290039 0.0192132568359375
0 0.28850321769714354 0.21463878631591798 0.016070556640625 0.023414382934570314
0 0.11485016345977783 0.26248329162597656 0.012098884582519532 0.018187255859375
0 0.3976891994476318 0.8324234008789063 0.011571979522705078 0.016813049316406252
0 0.09261232614517212 0.8259835815429688 0.01201784610748291 0.01575439453125
0 0.09143352508544922 0.8098480224609376 0.012372863292694092 0.01733367919921875
2 0.7916181564331055 0.1912566375732422 0.021924781799316406 0.037060699462890624
0 0.33895103931427 0.6393470764160156 0.011649274826049804 0.01803802490234375
2 0.7995761871337891 0.21962463378906252 0.024545669555664062 0.030609741210937503
0 0.645003080368042 0.9617295837402344 0.011525344848632813 0.0180267333984375
0 0.7674213409423828 0.06129520416259766 0.011702156066894532 0.01900909423828125
1 0.22984704971313477 0.10292980194091797 0.05280942916870117 0.06643157958984375
0 0.14280279177162047 0.6376994122586062 0.00905226700251891 0.01427371956339215
