0 0.9397636413574219 0.12856971740722656 0.012479782104492188 0.019544372558593752
1 0.06768149137496948 0.9319042968750001 0.056214857101440426 0.10163421630859376
2 0.7951152801513672 0.8766665649414063 0.026406288146972656 0.04088348388671875
0 0.006434246152639389 0.4123590087890625 0.012086503207683563 0.0180340576171875
2 0.7598531246185303 0.3166990661621094 0.021721076965332032 0.03575790405273438
0 0.4651658058166504 0.4468761444091797 0.012087059020996094 0.018369445800781252
1 0.6940348625183106 0.05469938278198243 0.019315528869628906 0.10939876556396486
1 0.21573812961578367 0.6351806640625001 0.018723583221435545 0.12463897705078125
0 0.31924631595611574 0.30906646728515624 0.010563182830810546 0.01614410400390625
0 0.6423242568969727 0.6117536926269531 0.010666084289550782 0.01611907958984375
2 0.6691055297851562 0.4139559173583985 0.0238983154296875 0.03778793334960938
1 0.48960514068603517 0.22690811157226565 0.022388267517089843 0.040524139404296874
0 0.25819902420043944 0.8789633178710938 0.012712955474853516 0.019162292480468752
2 0.6627211570739746 0.3775407409667969 0.02738056182861328 0.039752044677734376
1 0.9851465702056884 0.46869438171386724 0.029706859588623045 0.07414337158203126
0 0.04850574135780335 0.18067955017089846 0.012248802185058593 0.01961761474609375
0 0.6519170761108398 0.6180078125 0.011146926879882812 0.01801513671875
