1 0.9029865264892578 0.5554737854003906 0.03468513488769531 0.11495849609375
0 0.7016576766967774 0.15007793426513674 0.0119873046875 0.017986297607421875
1 0.4089085698127746 0.961905517578125 0.07469460964202881 0.050418701171875004
0 0.8200771331787109 0.7062914276123047 0.01236114501953125 0.019849395751953127
0 0.6485154151916503 0.3540753173828125 0.012373542785644532 0.01905303955078125
1 0.6168958663940429 0.2380260467529297 0.05113973617553711 0.07505828857421876
0 0.7591107368469239 0.9411045074462892 0.013941764831542969 0.0201287841796875
0 0.9950810432434082 0.6547967529296875 0.009837913513183593 0.018541412353515627
0 0.012670490145683288 0.8292465209960938 0.013287380337715149 0.019670257568359377
0 0.7994627952575684 0.5491104125976562 0.012176895141601562 0.0187762451171875
0 0.11141650676727295 0.6261972045898437 0.011243867874145507 0.01615386962890625
0 0.7016716957092285 0.4141435241699219 0.01030426025390625 0.017133026123046877
