1 0.09795240759849548 0.27504526774088545 0.03152507543563843 0.1428797403971354
0 0.5209354400634766 0.5986443413628473 0.011900711059570312 0.019589911566840278
0 0.2805085420608521 0.7561250474717882 0.012642574310302733 0.021187676323784724
0 0.7393280982971191 0.9418835957845052 0.012735271453857422 0.020896572536892363
0 0.8833588600158692 0.6282604641384549 0.01147003173828125 0.01966586642795139
0 0.5583622455596924 0.6951739841037327 0.011399650573730468 0.01809302435980903
0 0.1225931167602539 0.608750745985243 0.012329745292663574 0.019453260633680556
0 0.4768219947814941 0.6668441772460938 0.011252403259277344 0.01939697265625
0 0.4765622138977051 0.686084238688151 0.011030960083007812 0.017544216579861112
0 0.9370954513549804 0.47075958251953126 0.010380744934082031 0.017731730143229166
0 0.15119713930348255 0.5849917081260365 0.009587479270315077 0.016583747927031437
0 0.1536587893864013 0.6013451262207481 0.009846600331674941 0.014280449603832693
0 0.16415319237147594 0.6043394140409065 0.009069237147595346 0.01750506725631106
0 0.160136815920398 0.5755481850009214 0.0103648424543947 0.01612308826239173
0 0.17568407960199003 0.5836097291321172 0.008810116086235482 0.0147411092684724
