1 0.6488812446594239 0.31242379082573785 0.056928062438964845 0.039028761121961804
0 0.7599559783935547 0.9375667995876736 0.01151447296142578 0.01788211398654514
0 0.7958904266357422 0.1385226779513889 0.011530876159667969 0.019001091851128474
2 0.08616091012954712 0.6470802307128907 0.022764301300048827 0.038592359754774305
2 0.9200013160705566 0.4053454081217448 0.025079154968261717 0.041142612033420144
2 0.11216542720794677 0.2469092475043403 0.02225837707519531 0.035485500759548615
2 0.06380382776260377 0.6612170749240451 0.02308434247970581 0.04398735894097222
0 0.794636344909668 0.8442943996853299 0.010212230682373046 0.017955525716145834
2 0.890096378326416 0.41983235677083336 0.024408340454101562 0.0344146728515625
2 0.061678969860076906 0.7114410400390625 0.02284688949584961 0.04982571072048611
0 0.7904816150665284 0.19419678582085503 0.011384010314941406 0.020723724365234376
0 0.3052045822143555 0.3503869798448351 0.011122322082519532 0.018563164605034724
0 0.8333690643310546 0.5214200337727865 0.011499595642089844 0.018699137369791667
0 0.9770883560180664 0.6691651238335504 0.0102996826171875 0.016931152343750002
0 0.6450591216216215 0.9446112779446113 0.011026651651651656 0.016683350016683317
0 0.8029513888888888 0.8326242909576244 0.013841966966966978 0.017100433767100437
