1 0.9053110122680664 0.27570247650146484 0.06199378967285156 0.10842628479003907
0 0.3532529354095459 0.7766706085205078 0.012050867080688477 0.019136962890625
2 0.3381198883056641 0.7366278076171876 0.023566341400146483 0.0431134033203125
0 0.2672735691070557 0.13485923767089844 0.010866308212280273 0.017352142333984376
0 0.3222388744354248 0.26542091369628906 0.011692094802856445 0.0169866943359375
0 0.31150634288787843 0.10827285766601563 0.011659765243530273 0.01825164794921875
0 0.7746304512023926 0.07424045562744142 0.0128692626953125 0.019829940795898438
0 0.009876815974712372 0.18654823303222656 0.011623471975326538 0.018941192626953127
0 0.4461807250976562 0.40104637145996097 0.011573982238769532 0.018828582763671876
0 0.9092918395996094 0.49955841064453127 0.01222057342529297 0.019906311035156252
0 0.24293313026428223 0.7731141662597657 0.008296394348144531 0.012586975097656251
