2 0.8441076278686523 0.28315391540527346 0.024100494384765626 0.0320556640625
1 0.6315749168395997 0.4926852416992188 0.08128910064697266 0.035244903564453124
1 0.6486084938049317 0.8493078613281251 0.03575344085693359 0.13668640136718752
0 0.49379396438598633 0.08545780181884766 0.011586475372314452 0.017286224365234377
1 0.31318230628967286 0.09675125122070313 0.017127323150634765 0.11404968261718751
0 0.7682730197906494 0.3534947967529297 0.011356735229492187 0.017953796386718752
0 0.6452557165155965 0.33341627400177914 0.010804642907736313 0.014825300320956625
0 0.9864995956420898 0.47968597412109376 0.0111419677734375 0.016252441406250002
0 0.9709095001220703 0.21902271270751955 0.012850379943847657 0.0193817138671875
0 0.048680353164672854 0.017648849487304687 0.011832094192504883 0.017876968383789063
0 0.7100679397583007 0.5057536315917969 0.011713218688964844 0.018490600585937503
0 0.8275415420532226 0.6332011413574219 0.010411834716796875 0.01662322998046875
0 0.9111486434936523 0.536866455078125 0.010911941528320312 0.0163800048828125
0 0.6370557065153037 0.3119732997026393 0.011568832397460937 0.016335449218750003
0 0.2692276954650879 0.03393108367919922 0.012454795837402343 0.020343704223632814
0 0.6482583774250441 0.3198853615520282 0.011298500881834173 0.015432098765432112
0 0.6419201940035274 0.2824074074074074 0.00964506172839504 0.01719576719576717
0 0.652254188712522 0.2865961199294533 0.008818342151675533 0.013227513227513253
0 0.4340002204585538 0.06106701940035272 0.009920634920634915 0.018959435626102288
