1 0.6169889450073243 0.18863258361816407 0.058514976501464845 0.08391754150390626
2 0.20167138576507568 0.5318731689453126 0.022339677810668944 0.040912170410156254
1 0.9614044189453125 0.522649383544922 0.0632171630859375 0.02923126220703125
2 0.8454341888427734 0.3227806091308594 0.02418975830078125 0.03754257202148438
2 0.848762035369873 0.3649327087402344 0.025562667846679685 0.0405010986328125
2 0.17896525859832763 0.5001763153076172 0.01824331283569336 0.031931457519531255
0 0.9035074234008789 0.7509094238281251 0.011941146850585938 0.01964996337890625
2 0.7698741912841797 0.2745781707763672 0.021130084991455078 0.034680328369140624
2 0.7389156818389893 0.22157653808593752 0.02376108169555664 0.03566009521484375
0 0.8845793724060058 0.1915684509277344 0.011456108093261719 0.017490997314453124
2 0.36444265842437745 0.35242652893066406 0.023311042785644533 0.04215179443359375
2 0.3247035026550293 0.36544647216796877 0.02005486488342285 0.03039169311523438
0 0.9941240310668945 0.2518724822998047 0.010631370544433593 0.017537994384765627
2 0.7558767318725585 0.24646736145019532 0.023592567443847655 0.03310195922851563
0 0.29729747772216797 0.3483481597900391 0.011193323135375976 0.016569061279296877
0 0.058244073390960695 0.8625459289550782 0.01170707941055298 0.017850189208984377
0 0.2891456842422485 0.7972198486328126 0.012832260131835938 0.018895874023437502
0 0.14843701124191283 0.23893905639648438 0.012427115440368652 0.020128631591796876
0 0.5659381866455078 0.4856004333496094 0.011822032928466796 0.018262634277343752
0 0.576633358001709 0.47514289855957037 0.010370254516601562 0.01694091796875
0 0.2411588191986084 0.3564622497558594 0.01130847930908203 0.016539764404296876
2 0.7847222222222221 0.24861111111111117 0.019444444444444403 0.033888888888888906
