0 0.6433863639831543 0.30941802978515626 0.01155681610107422 0.019472198486328127
1 0.44767937660217283 0.5086158752441406 0.026863574981689453 0.1250047302246094
2 0.20222132205963134 0.5967569732666016 0.02549614906311035 0.03840728759765625
1 0.05925922989845276 0.5242111968994141 0.09910668134689331 0.04679840087890625
0 0.33237812519073484 0.4696366119384766 0.012941980361938476 0.01989227294921875
0 0.9401662826538085 0.8552204132080079 0.012026214599609375 0.01828277587890625
0 0.7076072692871094 0.3357970428466797 0.009954071044921875 0.016543731689453126
0 0.6693177223205566 0.28174873352050783 0.0120330810546875 0.01887420654296875
0 0.6820202827453613 0.11578498840332031 0.011956024169921874 0.019219894409179688
0 0.6807539939880372 0.7328973388671876 0.011926651000976562 0.018488922119140626
0 0.9043700218200683 0.48463088989257813 0.011351203918457032 0.01821746826171875
0 0.8929021835327148 0.8881253814697266 0.012449264526367188 0.019120483398437502
0 0.4696963310241699 0.6724125671386719 0.011054611206054688 0.016396331787109378
0 0.9603382110595703 0.7878990173339844 0.011915969848632812 0.01811859130859375
0 0.7194488048553467 0.8261480712890625 0.012107753753662109 0.0183148193359375
0 0.987721061706543 0.68292236328125 0.012961959838867188 0.019095458984375
1 0.9884754180908203 0.05356980323791504 0.02299346923828125 0.10690793991088868
0 0.7354043006896973 0.8271802520751954 0.012885475158691406 0.017930755615234377
0 0.9059062957763672 0.8818103027343751 0.0121490478515625 0.0188427734375
0 0.4934357643127441 0.09283546447753907 0.010423088073730468 0.017093048095703126
0 0.6491360187530517 0.6130079650878907 0.011615848541259766 0.019521484375000002
0 0.7760402679443359 0.49771430969238284 0.011974334716796875 0.0194879150390625
0 0.9044321060180663 0.5876312255859375 0.011496734619140626 0.018269653320312502
0 0.8934986114501953 0.4945164489746094 0.010706901550292969 0.015413818359375001
0 0.8403207778930664 0.7435824584960938 0.011928176879882813 0.018338012695312503
0 0.5768081188201905 0.3894345092773438 0.011375045776367188 0.0173065185546875
0 0.9894577980041503 0.6548966217041016 0.01196117401123047 0.018159790039062502
0 0.49099931716918943 0.11312049865722656 0.011393547058105469 0.020069427490234375
0 0.5588651657104492 0.8788414001464845 0.012069892883300782 0.017435302734375
0 0.4657149314880371 0.0500628662109375 0.010693168640136719 0.01747100830078125
0 0.48272037506103516 0.10331165313720704 0.010602378845214843 0.01687675476074219
0 0.40122179985046386 0.6984056091308595 0.012112712860107422 0.01796295166015625
0 0.5547312736511231 0.9834788513183594 0.011219406127929687 0.018089599609375
0 0.6884633911368016 0.2916666666666667 0.01144026974951835 0.016859344894026976
0 0.6221382783882783 0.5224358974358975 0.010874542124542093 0.018315018315018392
0 0.6622023809523809 0.7387820512820512 0.01030219780219781 0.017857142857142873
0 0.7791172772988506 0.8396192528735633 0.011898347701149467 0.019755747126436823
