1 0.03894357681274414 0.9468807220458985 0.04492471218109131 0.10623855590820314
1 0.6806772232055665 0.4588529968261719 0.045318603515625 0.09537017822265625
0 0.7599953651428223 0.2750269317626953 0.012986373901367186 0.020094757080078126
0 0.11485579013824462 0.7315019989013672 0.012937521934509278 0.019382171630859375
0 0.35964007377624513 0.9692604064941407 0.012226581573486328 0.017632751464843752
0 0.5797924041748047 0.2845457458496094 0.012290191650390626 0.019611663818359375
0 0.5788249969482422 0.7955378723144532 0.012912178039550781 0.019146881103515628
1 0.30189216136932373 0.4763157653808594 0.025895261764526365 0.120906982421875
0 0.2770116329193115 0.8575019836425781 0.011630821228027343 0.01884033203125
2 0.23752062320709227 0.42521865844726564 0.024324369430541993 0.039683227539062504
0 0.01844262480735779 0.18429805755615236 0.01183990240097046 0.017656707763671876
1 0.38736824989318847 0.15470581054687502 0.01938323974609375 0.09228881835937501
0 0.8734436988830566 0.08798587799072266 0.013823509216308594 0.01916496276855469
0 0.610096549987793 0.5488848876953125 0.012072372436523437 0.017304534912109377
2 0.35140671730041506 0.43643142700195314 0.02185049057006836 0.043236999511718756
0 0.22936625480651854 0.8286247253417969 0.011378955841064454 0.016383056640625
0 0.6215906143188477 0.6459884643554688 0.012356758117675781 0.018200988769531252
0 0.6474343776702881 0.6884880065917969 0.012720584869384766 0.01871124267578125
0 0.5014719486236572 0.3383702850341797 0.011914348602294922 0.01861846923828125
0 0.494779109954834 0.6123257446289063 0.011742687225341797 0.016805419921875002
2 0.24522995948791504 0.4696258544921875 0.023939990997314455 0.035829772949218755
0 0.045150387287139895 0.7631970214843751 0.011472582817077637 0.016652832031250002
0 0.5896620750427246 0.5585646057128907 0.012102508544921875 0.018167114257812502
0 0.10160861015319823 0.8818515014648438 0.011274266242980956 0.018002471923828128
0 0.9789196968078613 0.4779698944091797 0.011803817749023438 0.017666778564453128
0 0.7946542263031006 0.46107925415039064 0.012418270111083984 0.01901580810546875
0 0.7628232955932617 0.09429656982421876 0.012636947631835937 0.019022064208984377
0 0.711979866027832 0.14319427490234377 0.012101840972900391 0.01761627197265625
0 0.4888493537902832 0.628082275390625 0.011164379119873048 0.0154071044921875
0 0.7553718566894532 0.4787008666992188 0.012019729614257813 0.01828582763671875
0 0.39978489875793455 0.9481678771972657 0.012627601623535156 0.019497985839843752
0 0.5568745136260986 0.9945884704589845 0.010741424560546876 0.010823059082031251
0 0.4392502784729004 0.25892066955566406 0.011407852172851562 0.018521881103515627
0 0.786307803468208 0.69990366088632 0.01264450867052022 0.019267822736030858
0 0.22470238095238093 0.5243197278911564 0.009353741496598645 0.013265306122448996
