0 0.2934099197387695 0.8077102661132813 0.011645030975341798 0.018090820312500002
0 0.6055746078491211 0.2554256820678711 0.011808204650878906 0.018254241943359378
1 0.061447751522064206 0.37582183837890626 0.021771931648254396 0.1110784912109375
1 0.4341403961181641 0.41743667602539064 0.01724529266357422 0.12434478759765626
0 0.31458210945129395 0.05389747619628907 0.011863327026367188 0.019567413330078127
0 0.04141656160354614 0.24925151824951172 0.012105870246887206 0.017784194946289064
0 0.9593463897705078 0.6695982360839844 0.0121826171875 0.01935089111328125
0 0.41803407669067383 0.7738388061523438 0.01075572967529297 0.016687316894531252
0 0.4483677864074707 0.9236820983886719 0.011459922790527344 0.0180694580078125
0 0.8353097915649413 0.12824592590332032 0.011767959594726563 0.018783340454101564
0 0.18177483081817628 0.8564015197753907 0.011249589920043945 0.016873168945312503
0 0.9743833541870117 0.7323341369628906 0.012305450439453126 0.019372558593750002
0 0.5957195281982421 0.16176712036132815 0.011657142639160156 0.0180120849609375
0 0.21599988937377929 0.027057151794433597 0.010424041748046875 0.015063095092773439
0 0.8450647354125976 0.12562286376953125 0.01050872802734375 0.018295440673828125
0 0.8760505676269531 0.29615943908691406 0.012275505065917968 0.017630767822265626
0 0.7981086730957031 0.44685623168945315 0.01165771484375 0.017018737792968752
0 0.20811834335327148 0.010973472595214844 0.009369564056396485 0.015188140869140627
0 0.7181026458740234 0.9108528137207031 0.01181201934814453 0.01766448974609375
0 0.8013388343774147 0.47256245557765514 0.009012174606323243 0.015024108886718752
0 0.5674161434173584 0.010713386535644532 0.011705303192138672 0.018192291259765625
0 0.7955240329920364 0.4614618885096701 0.011198805460750923 0.013367463026166131
0 0.8203213879408419 0.10082480091012513 0.009243458475540459 0.01450511945392492
0 0.8035925662878788 0.019649621212121215 0.010357481060605996 0.017518939393939396
