2 0.9506692886352539 0.032292938232421874 0.02538337707519531 0.03617668151855469
2 0.33843026161193845 0.6733667755126953 0.022522163391113282 0.0333599853515625
2 0.3626964569091797 0.6729605865478516 0.024015188217163086 0.031727294921875
2 0.8628521919250488 0.6598142242431642 0.023261070251464844 0.04181625366210938
1 0.2630620002746582 0.9583123779296876 0.0817845344543457 0.031253356933593754
0 0.08457951545715332 0.7924026489257813 0.012517666816711426 0.01926788330078125
0 0.932765769958496 0.1986248016357422 0.01202983856201172 0.018744659423828126
1 0.9813404083251953 0.01938816070556641 0.012904739379882813 0.03877632141113282
0 0.3108492374420166 0.22144371032714846 0.010323619842529297 0.018331832885742187
0 0.3908683800623053 0.5802180685358256 0.010708722741433026 0.01713395638629275
