1 0.5194093227386475 0.975589828491211 0.06593961715698242 0.04882034301757813
1 0.8492498397827148 0.943821029663086 0.06868438720703125 0.05409759521484375
0 0.8303165435791016 0.07001441955566406 0.012120819091796875 0.018668975830078125
1 0.10535916984081269 0.3057277297973633 0.0897118628025055 0.03515235900878907
0 0.311639404296875 0.2780999755859375 0.01136627197265625 0.016813812255859376
2 0.11120282411575318 0.9850294494628907 0.022397446632385253 0.02994110107421875
2 0.09717381000518799 0.9581028747558594 0.02559654712677002 0.03567626953125
2 0.5837867736816407 0.3120680618286133 0.030591487884521484 0.04153160095214844
0 0.4668821334838867 0.247896842956543 0.011329746246337891 0.016938552856445313
2 0.10654906928539276 0.9305938720703125 0.020908409357070924 0.028355102539062503
0 0.8445323944091797 0.9034810638427735 0.011790847778320313 0.01564300537109375
2 0.062432771921157836 0.9357766723632813 0.024344360828399657 0.03749908447265625
2 0.007413592934608459 0.9135566711425782 0.014827185869216919 0.03723052978515625
1 0.9461147308349609 0.9806198883056642 0.06178359985351562 0.038760223388671876
2 0.088512122631073 0.9880008697509767 0.017082858085632324 0.023998260498046875
