0 0.6278786182403564 0.2156460189819336 0.012761116027832031 0.020077285766601564
0 0.31947646141052244 0.7763323974609375 0.01195821762084961 0.0184930419921875
1 0.5095836639404296 0.32620288848876955 0.034711265563964845 0.1135540008544922
0 0.9912239074707031 0.963623504638672 0.012393379211425781 0.01904998779296875
1 0.7293325424194336 0.6641044616699219 0.05871448516845703 0.0912451171875
0 0.8214689254760742 0.6089252471923828 0.011493873596191407 0.017292785644531253
0 0.9198114395141601 0.745667724609375 0.013329696655273436 0.020090026855468752
0 0.9805465698242187 0.4053672790527344 0.012043571472167969 0.01860321044921875
1 0.7801716804504395 0.6962967681884766 0.060359954833984375 0.032923736572265626
1 0.5714282989501953 0.4786175537109375 0.021707916259765626 0.13679077148437502
2 0.7257160186767578 0.3591661071777344 0.022659492492675782 0.03660491943359375
0 0.26543028354644777 0.2586082458496094 0.011973094940185548 0.019120178222656253
0 0.20293498039245605 0.881776123046875 0.011568212509155273 0.018172760009765625
0 0.522472620010376 0.9214884185791016 0.012097644805908202 0.018147430419921878
0 0.4632108688354492 0.6059635925292969 0.009436225891113282 0.014341735839843751
0 0.20600666999816894 0.8317919158935547 0.01088857650756836 0.016658782958984375
1 0.8333683013916016 0.6635481262207031 0.04146995544433594 0.07240783691406251
0 0.6888164520263672 0.7492253112792969 0.01277313232421875 0.01911773681640625
0 0.37425239086151124 0.5868637084960938 0.011457157135009766 0.0169818115234375
0 0.2143460750579834 0.8213409423828125 0.011696529388427735 0.019127349853515625
