1 0.7813854694366456 0.3589398002624512 0.05244474411010742 0.09951267242431641
1 0.6650067806243897 0.523586654663086 0.07107686996459961 0.07201354980468751
2 0.6293933868408204 0.7363980102539063 0.021390724182128906 0.033885192871093754
1 0.6540497779846192 0.6054066467285156 0.06436195373535156 0.09595001220703125
1 0.7081687927246094 0.5427150726318359 0.0169647216796875 0.13483795166015625
2 0.9614252090454102 0.9569264221191407 0.020810699462890624 0.030968933105468752
0 0.49459009170532225 0.08744041442871095 0.011227607727050781 0.0159368896484375
2 0.5569411277770996 0.7032034301757812 0.019574928283691406 0.03411834716796875
0 0.9263427734374999 0.853342742919922 0.011442947387695312 0.0177117919921875
2 0.6097546577453613 0.6681346130371094 0.023098182678222657 0.037095336914062506
2 0.619753074645996 0.706438217163086 0.014048194885253907 0.027494354248046877
2 0.573121452331543 0.6350062561035157 0.023710346221923827 0.031901245117187504
1 0.7263243675231934 0.8348681640625001 0.036583995819091795 0.06095153808593751
2 0.5867754936218261 0.7352833557128907 0.02123422622680664 0.032122192382812505
2 0.9950193881988525 0.9674464416503907 0.009961223602294922 0.0323419189453125
1 0.7387049674987793 0.8981751251220703 0.04874610900878906 0.0387860107421875
1 0.686480712890625 0.6540525817871095 0.01808795928955078 0.12028289794921876
