1 0.5422863006591797 0.21395278930664063 0.06314010620117187 0.07200355529785157
0 0.8017921447753906 0.42586517333984375 0.011428070068359376 0.0181219482421875
1 0.7971043586730957 0.04108604431152344 0.021923828125 0.08151809692382812
0 0.17939369678497313 0.24942520141601565 0.011319780349731445 0.01715301513671875
1 0.07384932041168213 0.11006973266601563 0.06521415710449219 0.06052696228027344
1 0.39266510009765626 0.9331292724609376 0.046134567260742186 0.10249114990234376
0 0.17731690406799316 0.7276187133789063 0.012403917312622071 0.0190106201171875
1 0.5820611476898193 0.15946449279785158 0.02345561981201172 0.12877304077148438
0 0.839229965209961 0.520386962890625 0.011668777465820313 0.0175177001953125
0 0.3675408840179443 0.7067195129394531 0.012539863586425781 0.01957672119140625
1 0.17241233587265015 0.5557878875732423 0.044224905967712405 0.030150146484375
