1 0.29296875 0.35185185185185186 0.028645833333333332 0.1
0 0.1484375 0.5328703703703704 0.011458333333333333 0.017592592592592594
0 0.15833333333333333 0.5222222222222223 0.011458333333333333 0.020370370370370372
0 0.17005208333333333 0.49444444444444446 0.011979166666666666 0.020370370370370372
0 0.15130208333333334 0.5083333333333333 0.011979166666666666 0.024074074074074074
0 0.39401041666666664 0.13425925925925927 0.011979166666666666 0.022222222222222223
0 0.5075520833333333 0.5856481481481481 0.0109375 0.019444444444444445
0 0.5653645833333333 0.5703703703703704 0.009895833333333333 0.020370370370370372
0 0.5765625 0.5736111111111112 0.0125 0.017592592592592594
2 0.5432291666666667 0.8185185185185185 0.019791666666666666 0.031481481481481485
0 0.7674479166666667 0.19861111111111113 0.0109375 0.02314814814814815
0 0.90859375 0.21296296296296297 0.011979166666666666 0.022222222222222223
0 0.9302083333333333 0.03194444444444445 0.010416666666666666 0.017592592592592594
