1 0.26043119430541994 0.25168384552001954 0.06859374046325684 0.06290962219238282
1 0.1641573429107666 0.37850646972656254 0.0479046106338501 0.0790673828125
0 0.5674598693847657 0.5038197326660157 0.011739158630371093 0.018243560791015627
0 0.5592248916625977 0.42893615722656253 0.012250041961669922 0.0186578369140625
0 0.13615832328796387 0.9285767364501953 0.011543703079223634 0.017577667236328125
0 0.03344185352325439 0.09356266021728517 0.011819660663604736 0.019323196411132813
0 0.2633094310760498 0.12286941528320314 0.012673282623291015 0.018395385742187503
0 0.4787147998809814 0.6955351257324219 0.009583854675292968 0.015534820556640625
0 0.5696978569030762 0.9491667938232422 0.011827468872070312 0.019481201171875
0 0.489267635345459 0.8947789764404297 0.00988006591796875 0.014985961914062502
0 0.8500484496124031 0.9794089147286823 0.00953851744186037 0.014050387596899251
