1 0.962581729888916 0.6178782653808594 0.052198028564453124 0.11262451171875
2 0.44456973075866696 0.4511101531982422 0.02517852783203125 0.039644470214843755
1 0.3224177360534668 0.5828005981445313 0.047771453857421875 0.10653472900390626
0 0.5556078910827636 0.42631973266601564 0.011731910705566406 0.018253326416015625
0 0.7922921180725098 0.3468888092041016 0.011301422119140625 0.017175750732421877
0 0.7323209762573242 0.79815185546875 0.012131881713867188 0.01871856689453125
0 0.18164477348327637 0.10913581848144532 0.012011432647705078 0.017724761962890627
0 0.6993239402770997 0.38452484130859377 0.012696647644042968 0.01880950927734375
0 0.42721996307373045 0.9238343048095704 0.010875511169433593 0.0163958740234375
0 0.18488819599151612 0.12707286834716797 0.011820507049560548 0.01686820983886719
0 0.9392316818237304 0.652093276977539 0.01157989501953125 0.02284881591796875
0 0.30225405693054197 0.6346581268310547 0.01323699951171875 0.020676116943359378
0 0.9756944444444443 0.7333333333333334 0.008487654320987659 0.016049382716049367
