1 0.22992258071899413 0.08585182189941407 0.04372453689575195 0.08879852294921875
1 0.6280525207519532 0.5698304748535157 0.02175893783569336 0.09731582641601563
0 0.579831314086914 0.1846379852294922 0.012355613708496093 0.02015983581542969
2 0.7550652503967286 0.6174020385742188 0.020096969604492188 0.035953369140625004
0 0.045639044046401976 0.5532977294921876 0.012028539180755615 0.018548583984375002
0 0.2949406385421753 0.4101689147949219 0.012216615676879882 0.018833465576171875
0 0.1546228051185608 0.1712982940673828 0.011407136917114258 0.016589508056640626
0 0.1536717414855957 0.1890398406982422 0.011362886428833008 0.01743255615234375
0 0.3847696304321289 0.12091156005859376 0.010954570770263673 0.016989288330078126
0 0.21611442565917968 0.7473915100097657 0.013434457778930663 0.02016326904296875
0 0.34436161518096925 0.727611312866211 0.013232994079589843 0.019961700439453126
2 0.7312278747558594 0.6191690063476563 0.019023323059082033 0.029270324707031253
0 0.2691186904907227 0.08905872344970704 0.01098804473876953 0.018020172119140625
0 0.3365628719329834 0.6492977905273438 0.011513328552246094 0.016783447265625
0 0.13762376308441163 0.9528947448730469 0.01274571418762207 0.019704284667968752
0 0.2828257083892822 0.7443910217285157 0.012887382507324218 0.01689361572265625
0 0.3516870021820068 0.6950826263427735 0.010997486114501954 0.016946105957031252
0 0.36065969467163084 0.3444509887695313 0.011229991912841797 0.018166961669921877
0 0.7168159484863281 0.6654649353027344 0.011841678619384765 0.017472229003906253
0 0.7072052001953125 0.6620771789550781 0.010474014282226562 0.01800567626953125
0 0.9169513702392578 0.40880340576171875 0.008330154418945312 0.011925354003906251
0 0.37146906852722167 0.4676144409179688 0.008937835693359375 0.01290069580078125
0 0.35070398351648346 0.34981684981684985 0.009443681318681325 0.018315018315018347
0 0.36225124378109447 0.6907131011608624 0.009328358208955181 0.018242122719734653
0 0.6769537728026532 0.25974295190713104 0.011142205638474323 0.01782752902155887
0 0.6994973051409619 0.2576699834162521 0.011660447761193992 0.018656716417910436
