2 0.5202473640441895 0.369378407796224 0.022685432434082033 0.035750664605034725
2 0.33395159244537354 0.660373772515191 0.02328348159790039 0.04286007351345486
0 0.5234782695770264 0.5350003560384115 0.011861324310302734 0.019714185926649308
0 0.06069726943969726 0.7606327480740017 0.01151731014251709 0.018697950575086806
0 0.5152835369110107 0.7943614535861545 0.011467266082763671 0.020167371961805555
0 0.5088772773742676 0.028684912787543405 0.013012886047363281 0.021327548556857638
0 0.5035694599151611 0.048420121934678824 0.011834335327148438 0.018654378255208333
0 0.9160548210144043 0.493381839328342 0.011532020568847657 0.020945231119791668
0 0.376025390625 0.5807451883951823 0.011542987823486329 0.018420240614149305
0 0.953151512145996 0.14001409742567275 0.012097740173339843 0.020446607801649308
0 0.36530604840819736 0.5569396913307657 0.010111522674560548 0.01741061740451389
0 0.36481191222570536 0.5709392778358295 0.008000261233019874 0.019737605944502506
0 0.3739550679205852 0.561941251596424 0.011265673981191248 0.015093463369325377
0 0.9253200104493208 0.4909729478694997 0.010939132706374128 0.02351097178683393
