2 0.8329811096191406 0.8617340935601129 0.02332000732421875 0.03902265760633681
2 0.4377777099609375 0.5039540608723958 0.024826812744140624 0.04259474012586806
1 0.7093816280364991 0.22927898830837676 0.017957019805908202 0.1496922810872396
1 0.977573299407959 0.2617719014485677 0.043878173828125 0.05196601019965278
0 0.2151121139526367 0.8719263712565104 0.012821865081787108 0.023347981770833335
0 0.3470139980316162 0.4060294257269965 0.011589670181274414 0.020214335123697916
0 0.23272352218627929 0.8814071655273438 0.014057826995849608 0.02341274685329861
0 0.6969348907470703 0.7268025716145834 0.012431526184082031 0.02048373752170139
0 0.6160523891448975 0.8919264899359809 0.008795166015625 0.013998752170138889
1 0.8039685249328613 0.7269534640842014 0.013554763793945311 0.048123508029513894
0 0.2314352035522461 0.9033788045247396 0.012437582015991211 0.020408121744791667
0 0.8632497787475586 0.8317706637912327 0.009110260009765624 0.015119764539930556
0 0.43634672164916993 0.16723645528157552 0.009589004516601562 0.018036058213975695
0 0.4448378562927246 0.14959424336751304 0.011881065368652344 0.018830702039930557
