1 0.6996243476867676 0.24749969482421877 0.06362667083740234 0.05696067810058594
0 0.05469012260437012 0.7372291564941407 0.01213310956954956 0.018097839355468753
1 0.6267117023468017 0.6307616424560547 0.028000926971435545 0.1127252197265625
0 0.7307710647583008 0.9145599365234376 0.0108184814453125 0.0168743896484375
1 0.8090914726257324 0.9472916412353516 0.03990192413330078 0.10541671752929688
0 0.04327961802482605 0.47482162475585943 0.010425770282745361 0.015577392578125002
2 0.8361149787902832 0.6962571716308594 0.02248382568359375 0.031398010253906254
2 0.9472411155700683 0.15993022918701172 0.022530364990234374 0.036521987915039064
0 0.15380189418792725 0.1616551208496094 0.011318397521972657 0.018332061767578126
0 0.30744709968566897 0.6351913452148438 0.008960247039794922 0.015129394531250001
0 0.6382409572601319 0.7347113037109375 0.012081050872802734 0.01788238525390625
