1 0.03663066551089287 0.17324714660644533 0.03893788009881973 0.1220648193359375
1 0.3880699634552002 0.31969604492187503 0.02696409225463867 0.12056732177734376
1 0.3737307548522949 0.6170074462890626 0.021806907653808594 0.128719482421875
0 0.9929189682006836 0.2352567291259766 0.012237167358398438 0.0174755859375
0 0.08471757173538208 0.9436579895019532 0.011449337005615234 0.01683685302734375
0 0.14642869234085082 0.3284349822998047 0.01179335117340088 0.017614898681640626
0 0.9520742416381835 0.2611345672607422 0.01246337890625 0.019182510375976562
0 0.2653104305267334 0.5681874084472657 0.011378860473632813 0.018021240234375
0 0.9834468841552734 0.2565935516357422 0.010902214050292968 0.01845001220703125
0 0.5597540378570557 0.2635029983520508 0.011761188507080078 0.018837890625000003
0 0.8226801872253418 0.517076416015625 0.012377166748046875 0.01821533203125
0 0.5025443077087403 0.8488294982910157 0.009413719177246094 0.015517120361328126
0 0.9943037033081055 0.25430027008056644 0.011336135864257812 0.02242912292480469
0 0.32629995346069335 0.04962799072265625 0.01063690185546875 0.015950317382812502
0 0.04530095756053924 0.15334583282470704 0.01320543885231018 0.02355926513671875
0 0.25055723190307616 0.7943205261230469 0.011993885040283203 0.018526000976562502
0 0.8282923360107094 0.5005020080321285 0.010458500669344062 0.01506024096385545
0 0.8478497322623828 0.6265060240963856 0.009412650602409537 0.0133868808567604
