2 0.5504042625427246 0.08090396457248264 0.02424278259277344 0.04187808566623264
2 0.5666703224182129 0.38321083916558163 0.025551414489746092 0.04155036078559028
2 0.8699647903442382 0.2660841200086806 0.027429962158203123 0.03987477620442709
2 0.9683496475219726 0.1519373999701606 0.025064468383789062 0.045734405517578125
0 0.3054695129394531 0.5145268758138021 0.011784839630126952 0.01998172336154514
0 0.08880422115325928 0.8222766452365452 0.012343931198120116 0.019843716091579863
2 0.8969749450683594 0.10646493699815539 0.02296867370605469 0.03985070122612847
2 0.5102035522460937 0.13842828538682725 0.0238250732421875 0.042172580295138894
0 0.4476640701293945 0.8880032009548612 0.012829780578613281 0.019404093424479168
2 0.8346601486206054 0.1456620110405816 0.023305511474609374 0.03804406060112847
0 0.4486980438232422 0.9069703843858508 0.01348876953125 0.0207855224609375
2 0.9125667572021484 0.07095434400770399 0.023160934448242188 0.037366994222005206
2 0.5244215965270996 0.17174436781141494 0.02188873291015625 0.03436338636610243
2 0.5454539299011231 0.2861981709798177 0.024355411529541016 0.04425811767578125
2 0.909178638458252 0.19368167453342014 0.02040691375732422 0.03898866441514757
2 0.8458171844482422 0.17547437879774305 0.02392711639404297 0.034919060601128475
2 0.5587608337402343 0.24880125257703994 0.024632358551025392 0.03605278862847222
0 0.43844146728515626 0.6562317742241753 0.01419382095336914 0.0225982666015625
2 0.5713213443756103 0.28200759887695315 0.02214813232421875 0.04024268256293403
0 0.8655065536499024 0.08258099026150174 0.010062217712402344 0.01594424777560764
2 0.9302442550659179 0.11975241767035591 0.019448089599609374 0.04464094373914931
2 0.5614810466766358 0.31668192545572915 0.021673965454101562 0.03469323052300347
2 0.9198055267333984 0.11306050618489584 0.018501663208007814 0.04356163872612848
0 0.46779668898809523 0.8141121031746031 0.010230654761904745 0.01694775132275134
0 0.048921130952380966 0.26186342592592593 0.009068080357142853 0.018601190476190483
