0 0.04319413304328919 0.7689838409423828 0.013931965827941895 0.020492095947265625
0 0.7942276477813721 0.6673912048339844 0.012193584442138672 0.019354095458984377
0 0.6700480461120606 0.8556917572021485 0.010844612121582031 0.016951141357421876
2 0.7428503036499023 0.061094589233398444 0.025547409057617185 0.044427185058593756
0 0.7803421974182129 0.38222656250000003 0.011710548400878906 0.018424835205078125
0 0.8025453805923461 0.42887664794921876 0.011461973190307617 0.017140808105468752
0 0.6701699256896972 0.35833831787109377 0.013073062896728516 0.018692932128906253
2 0.7676604747772217 0.06878864288330079 0.022772789001464844 0.03787406921386719
1 0.15845509767532348 0.7204178619384766 0.04771091938018799 0.08119400024414063
0 0.6515388011932373 0.04234867095947266 0.011066055297851563 0.017461395263671877
0 0.6389559745788574 0.039923057556152344 0.012115478515625 0.017760009765625
0 0.6325563430786133 0.02658660888671875 0.01243743896484375 0.020781936645507815
0 0.6116499900817871 0.008668708801269532 0.011707305908203125 0.016250686645507814
