0 0.12204233407974242 0.9667938995361329 0.01188352108001709 0.018615875244140625
0 0.5973764419555664 0.7454804992675782 0.013018608093261719 0.0202056884765625
0 0.2434523582458496 0.8848918151855469 0.011838340759277343 0.0185699462890625
0 0.2412287950515747 0.46406417846679693 0.011473560333251953 0.01845062255859375
2 0.9306381225585937 0.7021498107910157 0.020252227783203125 0.03388092041015625
0 0.8830999374389649 0.23710971832275393 0.012535667419433594 0.019248199462890626
2 0.015549091994762421 0.9081849670410157 0.019458702206611632 0.03168121337890625
1 0.22668910026550293 0.25478286743164064 0.021584224700927735 0.13093154907226565
2 0.9142612457275391 0.7247321319580079 0.02275543212890625 0.036180877685546876
0 0.11114799976348877 0.18429710388183596 0.0124863862991333 0.018877410888671876
0 0.35929758548736573 0.4773612976074219 0.011351585388183594 0.01756103515625
0 0.1322982430458069 0.5732504272460938 0.010505032539367676 0.01663177490234375
0 0.03235089182853699 0.31574401855468753 0.01224135160446167 0.019005584716796878
0 0.06082514524459839 0.2910500717163086 0.012604629993438721 0.01858970642089844
0 0.9116017341613769 0.7695980072021484 0.012475013732910156 0.017789001464843752
0 0.9196288108825683 0.205804443359375 0.010353851318359374 0.01586090087890625
0 0.9131624221801757 0.15192764282226565 0.012368011474609374 0.018374786376953126
0 0.6666475296020508 0.2215190124511719 0.01043701171875 0.017959442138671875
0 0.324631929397583 0.9080787658691407 0.01244349479675293 0.018616485595703128
0 0.34739902019500735 0.661457977294922 0.011890459060668945 0.01805877685546875
0 0.8755941390991211 0.6408309936523438 0.012371826171875 0.019349975585937502
0 0.3122650146484375 0.9364848327636719 0.01253805160522461 0.01883331298828125
0 0.846004867553711 0.9344028472900391 0.009241485595703125 0.014407806396484375
0 0.0318439781665802 0.4952011108398438 0.008406221866607666 0.012916259765625
0 0.589657738095238 0.9395604395604396 0.012877747252747204 0.016483516483516498
