2 0.9198488235473633 0.7107847595214845 0.022804641723632814 0.03615509033203125
1 0.7507875919342041 0.7615774536132813 0.06804895401000977 0.029748229980468752
0 0.12024567127227782 0.8315776062011719 0.011735773086547852 0.018183135986328126
2 0.9227596282958984 0.8750987243652344 0.02415180206298828 0.037150268554687504
0 0.9315021514892577 0.30454448699951175 0.011068916320800782 0.017245330810546876
0 0.5929148674011231 0.6667174530029297 0.011285018920898438 0.017419281005859377
0 0.06980278491973876 0.694385757446289 0.011621832847595215 0.018625030517578127
0 0.9423921585083007 0.7933998107910156 0.011594009399414063 0.017861938476562502
0 0.20285391211509704 0.6020668029785157 0.011846554279327393 0.0184503173828125
0 0.7735272884368897 0.22435920715332033 0.011757373809814453 0.017556915283203127
0 0.551471757888794 0.9580612182617189 0.01190776824951172 0.018971557617187502
0 0.6700141906738282 0.09724853515625001 0.011681365966796874 0.017872772216796878
0 0.9888214111328125 0.017385177612304688 0.012006378173828125 0.019837188720703128
0 0.6508728504180908 0.08493125915527344 0.012887954711914062 0.018977203369140626
0 0.8220964431762695 0.5702537536621094 0.01077117919921875 0.0166400146484375
0 0.6811641693115235 0.38883735656738283 0.009176540374755859 0.012650451660156251
0 0.6807704925537109 0.3758761596679688 0.010353374481201171 0.01366912841796875
0 0.3068327665328979 0.7600578308105469 0.012508726119995118 0.01762603759765625
0 0.36223723723723716 0.1875 0.011730480480480487 0.01764264264264263
