1 0.7258870124816894 0.15898887634277345 0.048121070861816405 0.11074737548828126
1 0.08693920969963073 0.1618895721435547 0.03394440412521362 0.11799118041992188
0 0.31670341491699217 0.507439193725586 0.011639595031738281 0.0173565673828125
0 0.7609991550445556 0.6277181243896485 0.011608123779296875 0.01782440185546875
0 0.42993392944335934 0.7721771240234375 0.011207389831542968 0.01677764892578125
0 0.720400333404541 0.5301835632324219 0.011303520202636719 0.016682434082031253
0 0.6090518951416015 0.7648969268798829 0.011802959442138671 0.018171234130859377
0 0.5379202842712403 0.8872975158691406 0.011622238159179687 0.017427368164062502
0 0.8868587493896484 0.9473169708251954 0.011997604370117187 0.018683013916015626
0 0.16341855525970458 0.9929237365722657 0.01078493595123291 0.014152526855468752
0 0.102643883228302 0.5466668701171875 0.008858013153076171 0.01369384765625
0 0.19311898946762085 0.005456275939941407 0.01038515567779541 0.010912551879882814
0 0.7000039013732833 0.6841448189762797 0.011118913857677982 0.018102372034956318
