2 0.2497328519821167 0.8842915344238281 0.0276186466217041 0.04250839233398438
0 0.873013687133789 0.1457761001586914 0.012364959716796875 0.019179840087890625
2 0.24313576221466063 0.5574842834472656 0.029156351089477537 0.042046813964843756
0 0.5700435638427734 0.39426406860351565 0.012181663513183593 0.019045867919921876
0 0.5474480628967285 0.7435726928710938 0.011902236938476562 0.017987670898437502
2 0.3853963851928711 0.3597063446044922 0.02279529571533203 0.0368408203125
2 0.8945091247558593 0.03938739776611328 0.026889991760253907 0.03977394104003906
2 0.1768176794052124 0.1483622741699219 0.0243701696395874 0.04322525024414063
2 0.14925867319107056 0.09453472137451173 0.023983573913574217 0.04365707397460938
2 0.008504604548215866 0.08377044677734376 0.016488488018512725 0.04248771667480469
2 0.034206534177064894 0.1936968994140625 0.023832117021083832 0.0399627685546875
2 0.10163948535919189 0.0228000545501709 0.02422018051147461 0.04089616775512696
2 0.8594200134277343 0.03800853729248047 0.028870964050292967 0.03724159240722656
2 0.015002445876598358 0.16878364562988282 0.02774735987186432 0.0390240478515625
2 0.10615725517272949 0.25865478515625 0.026910448074340818 0.03813629150390625
2 0.02877298527180332 0.08286941833147721 0.023789645894749523 0.03745751036900909
0 0.8330373764038086 0.7685336303710938 0.010757827758789062 0.0166351318359375
2 0.1163165807723999 0.21627059936523438 0.024528884887695314 0.042130126953125
2 0.09325803518295288 0.19819122314453128 0.022788405418395996 0.03626953125
2 0.1427995443344116 0.1691912078857422 0.01998109817504883 0.034678955078125004
2 0.05823200345039368 0.19945083618164064 0.025344836711883544 0.03993621826171875
2 0.12167272567749023 0.16548587799072267 0.02387402057647705 0.03883552551269531
2 0.05183880925178528 0.15722583770751955 0.027431130409240723 0.04187446594238282
2 0.15501660108566284 0.1415850830078125 0.019120025634765624 0.03795982360839844
2 0.02664211392402649 0.13662620544433596 0.024831271171569823 0.03580276489257813
2 0.0766619861125946 0.17185913085937501 0.02250920534133911 0.036937255859375004
2 0.10978457927703857 0.13082069396972656 0.02413508892059326 0.0332635498046875
2 0.08314939737319946 0.05459640502929688 0.028532791137695312 0.038904113769531255
2 0.05077406018972397 0.06346351623535157 0.026081350445747376 0.04345748901367188
0 0.591111421585083 0.18028541564941408 0.013162708282470703 0.020849609375
2 0.10172279179096222 0.09692398071289063 0.026019138097763062 0.03734573364257813
2 0.11721558570861816 0.05814079284667969 0.02761116027832031 0.04344818115234375
0 0.9603803634643554 0.5774055480957032 0.009882736206054687 0.016141357421875002
2 0.010810546576976776 0.01889671325683594 0.021206602454185486 0.03779342651367188
2 0.13526723384857178 0.1299920654296875 0.025986933708190916 0.03549209594726563
0 0.8918132781982422 0.6869819641113282 0.012314987182617188 0.018971710205078127
2 0.12615594863891602 0.09625076293945313 0.02220888137817383 0.04032058715820313
2 0.07610166072845459 0.04400276184082032 0.026372623443603516 0.043483428955078125
2 0.00529676117002964 0.04603096008300782 0.01051984503865242 0.02609832763671875
2 0.07870466709136963 0.08790328979492187 0.02546708583831787 0.035777893066406254
2 0.12364685535430908 0.18268478393554688 0.019322848320007323 0.027241516113281253
2 0.03215198442339897 0.015451183319091798 0.02226511389017105 0.030902366638183597
2 0.0951696515083313 0.16276744842529298 0.02151925563812256 0.04057029724121094
2 0.05357088446617126 0.01857444763183594 0.023287439346313478 0.033404846191406254
2 0.07099029680365296 0.1315639269406393 0.022117579908675807 0.03367579908675798
2 0.0957833904109589 0.23116438356164387 0.025328196347031953 0.027397260273972584
2 0.0272902397260274 0.045947488584474894 0.02176084474885845 0.03025114155251142
