2 0.9075275421142578 0.5691896226671007 0.023848533630371094 0.041316223144531254
1 0.5829231262207031 0.4813952128092448 0.019169998168945313 0.09294925265842015
2 0.7426853179931641 0.7253075493706598 0.026650238037109374 0.03483954535590278
2 0.9602223396301269 0.23429103427463108 0.026493644714355467 0.042542351616753474
2 0.271378493309021 0.26742485894097223 0.025634193420410154 0.04495459662543403
1 0.4739844558684806 0.923291665536386 0.05848720441988811 0.04599615853437984
0 0.567894172668457 0.934995354546441 0.012372016906738281 0.021466064453125
0 0.683959674835205 0.850640869140625 0.012721443176269531 0.02097507052951389
2 0.9529977798461914 0.19327918158637153 0.02224311828613281 0.03942905002170139
0 0.5149520874023438 0.9785446166992188 0.011283206939697265 0.01780768500434028
0 0.15474973917007445 0.02897393968370226 0.01136188507080078 0.01751132541232639
1 0.38275809288024903 0.04370659722222223 0.019171762466430663 0.07466523912217882
1 0.0678080901503563 0.16359693739149306 0.07146756947040558 0.02912818060980903
0 0.19196844100952148 0.718059794108073 0.012197208404541016 0.018722364637586805
1 0.6922517776489258 0.08138804965549046 0.01356363296508789 0.03398081461588542
0 0.6754981884057971 0.6277677133655394 0.009341032608695699 0.020632045088566787
0 0.14512950450450451 0.010760760760760761 0.009853603603603597 0.017517517517517518
