1 0.34453125 0.41780497233072916 0.07223777770996094 0.09337327745225694
0 0.9053838729858398 0.24697409735785592 0.013485336303710937 0.02253570556640625
0 0.21021041870117188 0.4063302781846788 0.012715053558349608 0.02127566867404514
0 0.341396689414978 0.9375335693359376 0.012611818313598632 0.022010633680555558
0 0.8845864295959472 0.30742518107096356 0.012098121643066406 0.0202239990234375
0 0.5958968162536621 0.35761413574218753 0.011144065856933593 0.018880208333333336
0 0.7214089393615722 0.24093602498372396 0.012436294555664062 0.020176357693142362
0 0.7587460994720459 0.6651270548502605 0.01227874755859375 0.020020887586805557
0 0.05570851415395737 0.13748469882541234 0.012981942296028138 0.021002366807725697
0 0.927702522277832 0.017074500189887154 0.011917495727539062 0.019642808702256945
0 0.3062786102294922 0.9157750447591146 0.01326627731323242 0.020504082573784724
0 0.6063062667846679 0.5246544731987848 0.011947822570800782 0.02020941840277778
0 0.1763915538787842 0.6157112969292535 0.012189388275146484 0.021588812934027778
0 0.8005402565002441 0.39457600911458335 0.012855148315429688 0.02060309516059028
0 0.5334199905395508 0.6831732855902778 0.012258148193359375 0.017940266927083334
0 0.1924243688583374 0.007965193854437934 0.011150312423706055 0.01593038770887587
0 0.5311089515686035 0.7031258477105035 0.012176322937011718 0.020842149522569447
0 0.6633858680725098 0.9438513861762153 0.01270294189453125 0.022336324055989586
0 0.8629824112021858 0.7771687674971155 0.007684426229508171 0.018218627725866344
0 0.060494810342788696 0.7022611829969618 0.010652637481689453 0.0162353515625
0 0.8724812158469946 0.7864678202792957 0.008751707650273251 0.016317547055251996
0 0.8996968920765027 0.8342820279295688 0.010245901639344268 0.01783545840922887
