1 0.3646200180053711 0.47979312472873265 0.05791893005371094 0.08368021647135417
2 0.09681679010391235 0.022868601481119792 0.021658110618591308 0.037473805745442706
2 0.6311880588531494 0.34572677612304686 0.025127315521240232 0.03991190592447917
0 0.16531963348388673 0.6516087002224392 0.013311409950256347 0.020198906792534724
0 0.8908813476562499 0.6230906168619792 0.01274261474609375 0.02085300021701389
0 0.9693557739257812 0.340329827202691 0.012080764770507813 0.02050815158420139
0 0.721799373626709 0.3106751759847005 0.012062263488769532 0.02184668646918403
0 0.6898435592651367 0.1784684075249566 0.012101078033447265 0.02030215793185764
2 0.991390323638916 0.7677539401584201 0.01645317077636719 0.038701375325520836
0 0.635622501373291 0.4648008558485243 0.011369705200195312 0.02027621799045139
0 0.6234129428863525 0.8292008293999567 0.011218833923339843 0.020207722981770836
0 0.8146789550781249 0.578570048014323 0.012038230895996094 0.019769456651475694
0 0.8530524253845214 0.21797786288791232 0.009808540344238281 0.017568291558159723
0 0.6935160636901856 0.22347123887803821 0.012494277954101563 0.02055545383029514
1 0.26595053672790525 0.8563017103407118 0.05403380393981933 0.029716661241319445
0 0.9626667022705078 0.5195930480957032 0.010014724731445313 0.01668616400824653
0 0.8088787078857421 0.8833158704969618 0.011844253540039063 0.019987996419270834
0 0.6942345142364502 0.43399793836805556 0.0128143310546875 0.02297210693359375
1 0.4586773872375488 0.27596511840820315 0.023324012756347656 0.09642774793836806
0 0.3367154121398926 0.14180420769585503 0.012376689910888672 0.019815995958116322
0 0.022173035144805908 0.6088134765625001 0.01259787082672119 0.02009650336371528
0 0.28568079471588137 0.8028947618272569 0.011141490936279298 0.017465888129340277
1 0.7911501377410469 0.47972145699418434 0.021522038567493122 0.11937557392102853
