1 0.9221546173095703 0.4600572204589844 0.06075706481933594 0.055032348632812506
2 0.7389754295349121 0.47022171020507814 0.02595233917236328 0.037879638671875
1 0.27626690864562986 0.064593505859375 0.04291200637817383 0.08059997558593751
1 0.12523531913757324 0.37997444152832033 0.023472237586975097 0.13467483520507814
0 0.8657312393188477 0.23435394287109376 0.0100860595703125 0.016177825927734375
0 0.2547799587249756 0.9672509765625 0.010852336883544922 0.01698638916015625
0 0.26395888328552247 0.9563327026367188 0.011513900756835938 0.0179144287109375
0 0.263624906539917 0.9769709777832032 0.012386512756347657 0.019425964355468752
0 0.10404399633407592 0.44969024658203127 0.011602950096130372 0.017366485595703127
0 0.8570358276367187 0.24373611450195315 0.010722160339355469 0.016893768310546876
0 0.11351487636566161 0.462123031616211 0.01219191551208496 0.018237457275390626
0 0.3361575704225352 0.2194835680751174 0.011370305164319264 0.017605633802816885
0 0.7520906690140845 0.4794600938967136 0.010636737089201868 0.015258215962441285
