1 0.19449942111968993 0.5433236016167535 0.059217309951782225 0.05077412923177083
2 0.3459159851074219 0.15423533121744792 0.021545791625976564 0.03669832017686632
2 0.4963198661804199 0.5915003458658854 0.02295341491699219 0.040484619140625004
0 0.8573127746582031 0.3545908610026042 0.012379074096679687 0.020555284288194444
0 0.6393342971801758 0.4471844991048177 0.010924720764160156 0.01858452690972222
0 0.6695014953613281 0.6371086968315972 0.012038326263427735 0.019286092122395834
0 0.8193892478942871 0.650394015842014 0.01063690185546875 0.01745537651909722
0 0.9030510902404785 0.7119622972276476 0.011910438537597656 0.019229465060763888
0 0.32707829475402833 0.6832249111599392 0.011456727981567383 0.018742201063368057
0 0.8190313339233398 0.8266387091742622 0.009678459167480469 0.015702141655815974
0 0.32272067070007326 0.7026920742458768 0.011621665954589844 0.019936964246961807
0 0.6334424495697022 0.18023223876953126 0.011596202850341797 0.020828416612413195
0 0.9229542042042042 0.6774691358024691 0.010322822822822767 0.01459793126459793
