1 0.4128007411956787 0.5733140563964844 0.038069534301757815 0.12334243774414064
1 0.33478856086730957 0.16677036285400393 0.03261356353759766 0.14730720520019533
1 0.6677042484283447 0.6288829040527344 0.028460597991943358 0.12885467529296876
0 0.6941064357757568 0.5924195861816407 0.01215066909790039 0.0171197509765625
0 0.17202789783477784 0.3893936157226563 0.01149454116821289 0.016264495849609376
0 0.34896535873413087 0.8091696166992188 0.011827898025512696 0.017167968750000002
0 0.5671026229858398 0.8060969543457032 0.01187725067138672 0.018395080566406253
0 0.3421510696411133 0.6516171264648438 0.009528017044067383 0.014473876953125001
0 0.3490251064300537 0.6652462005615235 0.012254047393798827 0.016241455078125
0 0.25148329734802244 0.28763843536376954 0.010152912139892578 0.016758804321289063
0 0.04146255254745483 0.334271469116211 0.007321405410766602 0.011460266113281251
0 0.5810309410095215 0.8006494903564454 0.012920570373535155 0.020013122558593752
0 0.5567883403361344 0.7976190476190477 0.01247373949579836 0.01680672268907557
