1 0.12128770649433136 0.6556516859266494 0.07179297804832459 0.05635274251302084
2 0.7260284423828125 0.44932980007595485 0.025076580047607423 0.04482794867621528
2 0.6365703105926513 0.557202402750651 0.023662281036376954 0.04130791558159722
0 0.6052774906158447 0.4894783867730035 0.012086963653564453 0.020473225911458334
2 0.35698106288909914 0.7363940768771702 0.023695755004882812 0.041472710503472225
2 0.7064285278320312 0.6923760308159722 0.026263141632080076 0.03788045247395833
2 0.2920037269592285 0.8086112976074219 0.02488088607788086 0.04649522569444445
0 0.17909345626831055 0.5570670233832465 0.010068917274475097 0.019434271918402777
2 0.29935250282287595 0.8437047322591146 0.024947929382324218 0.04300537109375
0 0.19863201379776002 0.6606416490342882 0.011996722221374512 0.020391167534722223
0 0.46184387207031247 0.9820569356282552 0.013844871520996093 0.02066158718532986
0 0.1885133981704712 0.5584205627441406 0.010184240341186524 0.019452582465277778
2 0.2938172101974487 0.8228810628255209 0.02392716407775879 0.03301595052083334
0 0.2882061958312988 0.27147242228190105 0.011814212799072266 0.0193405999077691
0 0.7746212121212119 0.29994388327721655 0.01262626262626263 0.023007856341189646
