1 0.24659085273742676 0.2770729446411133 0.07052249908447265 0.07936347961425781
1 0.21465182900428773 0.4165410614013672 0.06335209608078003 0.0935809326171875
1 0.1013400673866272 0.6625819396972656 0.061866140365600585 0.09125640869140626
2 0.024901296198368072 0.9680140686035157 0.02500590980052948 0.0372515869140625
1 0.2112396478652954 0.5401451110839844 0.06266579627990723 0.11976470947265626
2 0.14274928569793702 0.936652069091797 0.022010302543640135 0.033892517089843754
0 0.6216405868530274 0.02917778015136719 0.010590362548828124 0.01730194091796875
0 0.07761969566345214 0.0746334457397461 0.010736918449401856 0.018346023559570313
0 0.8973642349243164 0.7034922027587891 0.0110382080078125 0.016748809814453126
0 0.08111010789871216 0.5166217041015625 0.01151726245880127 0.016282196044921877
0 0.9593488693237304 0.5837367248535157 0.010613250732421874 0.015888519287109375
0 0.4550663948059082 0.47498550415039065 0.010982227325439454 0.01750457763671875
0 0.06727259159088135 0.08286949157714844 0.011899733543395996 0.01718109130859375
0 0.8457430839538574 0.16153106689453126 0.012024879455566406 0.017959747314453125
0 0.4481784820556641 0.6831466674804688 0.0108062744140625 0.01650634765625
0 0.06589440107345582 0.06630134582519531 0.01121509075164795 0.015431060791015626
0 0.03174142241477966 0.30372688293457034 0.013187217712402343 0.01976341247558594
0 0.09641487598419189 0.6188752746582031 0.012775254249572753 0.018788146972656253
0 0.07377468347549439 0.4825437927246094 0.011942923069000244 0.0173797607421875
0 0.08742559523809522 0.5006868131868132 0.009443681318681311 0.011446886446886425
0 0.08499313186813187 0.48580586080586086 0.00915750915750917 0.01007326007326005
0 0.31362336601307195 0.1002859477124183 0.009957107843137258 0.015931372549019614
0 0.4013225081699346 0.321078431372549 0.01123366013071898 0.018790849673202627
0 0.6737998188405797 0.9057971014492755 0.011039402173913023 0.018115942028985615
