1 0.9620487213134765 0.13940980699327257 0.023023605346679688 0.13068084716796877
2 0.6466967582702636 0.46380835639105905 0.023523235321044923 0.040105183919270836
2 0.46718125343322753 0.4872297498914931 0.02530832290649414 0.03981255425347222
2 0.6994643211364746 0.5133800082736545 0.023699188232421876 0.04629177517361111
2 0.3733861446380615 0.39132359822591145 0.024628162384033203 0.03336944580078125
2 0.2313880443572998 0.4103977627224393 0.02368001937866211 0.04318576388888889
2 0.376041579246521 0.4304223802354601 0.025941276550292967 0.03857760959201389
2 0.24445748329162598 0.3606385972764757 0.02299633026123047 0.044108412000868055
0 0.7797528266906738 0.05390925937228733 0.010966110229492187 0.021182166205512155
2 0.791754150390625 0.14133809407552084 0.02206878662109375 0.04213155110677083
2 0.2953000545501709 0.42439795600043406 0.02355613708496094 0.04444580078125
0 0.604515552520752 0.9195624457465278 0.011559677124023438 0.01947818332248264
2 0.2657637596130371 0.4326863606770833 0.020560312271118163 0.03433600531684028
0 0.8256814956665038 0.6243560791015625 0.011956405639648438 0.018727959526909723
2 0.44383989086857545 0.4481601667992863 0.03222762567025642 0.03207472812982252
0 0.7748724489795918 0.84145880574452 0.00892857142857141 0.017762660619803437
2 0.8364392201834863 0.17465171593611958 0.01927242609582057 0.036810510816627035
2 0.835085372069317 0.11348963642541623 0.01720183486238535 0.03454524861252691
