1 0.1100807934999466 0.1148113250732422 0.06567921042442322 0.10104736328125001
1 0.22367896437644957 0.12065624237060547 0.07645407915115357 0.06313186645507812
1 0.7714324951171875 0.5359906005859375 0.04157199859619141 0.07723907470703126
0 0.23675842285156248 0.8548460388183594 0.013324642181396484 0.01921417236328125
0 0.5929164886474609 0.910814208984375 0.01182708740234375 0.018652801513671876
0 0.29844825267791747 0.569215087890625 0.011870145797729492 0.017588653564453126
0 0.38427956104278566 0.7872459411621094 0.012027120590209961 0.0172528076171875
0 0.1572478175163269 0.35280899047851566 0.011437129974365235 0.01740203857421875
2 0.3035215139389038 0.33315467834472656 0.020656490325927736 0.03308822631835938
0 0.7799334526062012 0.2773373031616211 0.011235809326171875 0.016893234252929688
0 0.9440498352050781 0.22306236267089846 0.011122894287109376 0.017903900146484377
0 0.5382659912109375 0.651591033935547 0.012187767028808593 0.0191790771484375
0 0.742396879196167 0.5635627746582031 0.012713050842285157 0.019921417236328127
0 0.37345860004425047 0.18071250915527345 0.012732553482055663 0.019601821899414062
