1 0.8281572580337524 0.29641113281250003 0.06243586540222168 0.04866714477539063
0 0.25837786197662355 0.8841130065917969 0.010891962051391601 0.0175592041015625
0 0.5922101020812989 0.5904093933105469 0.01022510528564453 0.015726776123046876
0 0.4816211700439453 0.39043579101562503 0.005494308471679687 0.008583984375000001
0 0.7758971691131592 0.9367803955078126 0.011954689025878906 0.01843841552734375
0 0.20557108455234102 0.7541146974305849 0.011836613549126528 0.0187976321658572
0 0.6639882087707519 0.31533454895019536 0.010727024078369141 0.01583038330078125
0 0.39277472496032717 0.3037126159667969 0.010918998718261718 0.01660980224609375
0 0.20540071321321318 0.7207207207207207 0.010557432432432456 0.01651651651651643
0 0.20434496996996995 0.740990990990991 0.010792042042042028 0.014264264264264265
0 0.808816629129129 0.7353603603603602 0.010557432432432397 0.01576576576576571
