1 0.6371356964111328 0.9054144287109376 0.0575958251953125 0.06373443603515626
0 0.7666433811187744 0.7423069763183594 0.012301445007324219 0.019290313720703126
0 0.441300630569458 0.8836492919921876 0.012257766723632813 0.0188861083984375
0 0.878360366821289 0.8085826873779297 0.012874794006347655 0.019650573730468752
1 0.4072257876396179 0.2523911285400391 0.02716219425201416 0.0721673583984375
0 0.1673494815826416 0.27152610778808595 0.010771369934082032 0.01643707275390625
0 0.3931904315948486 0.08139968872070313 0.012564659118652344 0.019754486083984377
0 0.053462344408035274 0.04256782531738282 0.011627435684204102 0.017808837890625002
0 0.4831653594970703 0.24248268127441408 0.01129150390625 0.017524261474609375
0 0.8676916122436523 0.6010637664794922 0.012964630126953125 0.019694061279296876
0 0.9881532669067382 0.8800627136230469 0.011690521240234375 0.017613983154296877
0 0.41632509231567383 0.6591705322265625 0.013129806518554688 0.02276458740234375
0 0.5788297653198242 0.27886142730712893 0.01171703338623047 0.018574676513671878
0 0.5053873062133789 0.26113128662109375 0.012047863006591797 0.018620147705078128
