1 0.5125535011291504 0.6107250637478299 0.07742738723754883 0.041703287760416666
2 0.2761960029602051 0.24461229112413196 0.022239112854003908 0.03845740424262153
2 0.8665102958679199 0.37010701497395837 0.023663330078125 0.04461737738715278
0 0.31566600799560546 0.08411572774251302 0.01169891357421875 0.02022247314453125
2 0.47738070487976075 0.508784654405382 0.02758340835571289 0.04372592502170139
0 0.6287043571472168 0.32477552625868056 0.011780166625976562 0.019982231987847224
2 0.4565564155578613 0.54091551038954 0.022068214416503907 0.03453013102213542
0 0.6507111549377441 0.07413219875759548 0.01249237060546875 0.02121531168619792
2 0.46065340042114256 0.5801919725206164 0.024553298950195312 0.04134572347005208
2 0.4779989242553711 0.5534086439344619 0.021479988098144533 0.037690226236979166
0 0.4607049851190476 0.7378472222222222 0.010463169642857177 0.014054232804232819
0 0.46361142113095244 0.7535548941798942 0.01162574404761904 0.016534391534391565
