1 0.507484245300293 0.48895599365234377 0.07014713287353516 0.07009445190429688
1 0.5420821189880372 0.8570890808105469 0.030084228515625 0.11966613769531251
0 0.9160207748413086 0.669597396850586 0.010614776611328125 0.01629547119140625
0 0.2739370346069336 0.9571096801757814 0.012321949005126953 0.019884796142578126
2 0.6401201248168945 0.06885841369628906 0.022899818420410157 0.03473785400390625
0 0.4290107727050781 0.9812875747680665 0.013052177429199218 0.02027397155761719
0 0.17705378532409669 0.6554145812988281 0.010150957107543945 0.0168377685546875
0 0.5446261882781982 0.4162965393066407 0.012164592742919922 0.01885498046875
0 0.7369279861450195 0.12684303283691406 0.011405658721923829 0.01771881103515625
0 0.3724835395812988 0.17943183898925782 0.013091468811035156 0.020562133789062503
