1 0.3404302835464478 0.20407546997070314 0.031125879287719725 0.09979446411132813
0 0.715093469619751 0.43546844482421876 0.013080310821533202 0.021107482910156253
2 0.10598400831222533 0.32298553466796875 0.025816106796264646 0.03533370971679688
1 0.18451259136199952 0.5393546295166016 0.06475048065185547 0.09534866333007813
0 0.25373680591583253 0.2557539367675781 0.012100648880004884 0.018161163330078126
0 0.31911382675170896 0.48548225402832035 0.011906719207763672 0.018454437255859376
0 0.5819953918457031 0.3633340454101563 0.012142181396484375 0.019494323730468752
0 0.735649824142456 0.0957568359375 0.01204090118408203 0.018226318359375
1 0.5649320602416992 0.03524051666259766 0.06747074127197265 0.04209648132324219
2 0.15324878692626953 0.677449951171875 0.024283170700073242 0.03640106201171875
0 0.44615516662597654 0.12303695678710938 0.012415790557861328 0.018665924072265628
0 0.7543169975280761 0.8465473175048829 0.010277366638183594 0.015368499755859376
0 0.8573848724365234 0.9576105499267579 0.010646438598632813 0.017008819580078126
1 0.5433865070343018 0.19847267150878908 0.01691913604736328 0.1109442138671875
1 0.024123720824718475 0.9707586669921876 0.04769804775714874 0.0405169677734375
0 0.1805783748626709 0.7648705291748047 0.012426233291625977 0.01916412353515625
1 0.4047101497650146 0.4243098449707032 0.025067901611328124 0.12115753173828125
0 0.4263559341430664 0.33315696716308596 0.011060714721679688 0.016433563232421875
0 0.010520172119140626 0.5654737091064453 0.011737865209579468 0.017276611328125
0 0.2632080078125 0.0261301326751709 0.012336444854736329 0.018721485137939455
0 0.41308016777038575 0.19327178955078125 0.012280845642089843 0.0193133544921875
0 0.9218299865722656 0.5831344604492188 0.010855865478515626 0.01673126220703125
0 0.33879520893096926 0.6124954986572266 0.011237859725952148 0.017594146728515628
0 0.06019982099533081 0.7411837768554688 0.011940979957580566 0.01898193359375
2 0.023102918267250062 0.7405073547363282 0.01931159496307373 0.036570129394531255
0 0.850672435760498 0.4906362915039063 0.011878395080566406 0.0187939453125
1 0.3350520610809326 0.1600713348388672 0.0174896240234375 0.04595977783203125
0 0.47522095959595956 0.26666666666666666 0.010416666666666666 0.016161616161616196
0 0.6248421717171716 0.6454545454545455 0.012310606060606114 0.018181818181818132
0 0.2627840909090909 0.9063131313131313 0.010416666666666666 0.01464646464646459
0 0.775327620967742 0.742103494623656 0.008820564516129063 0.015120967741935469
