1 0.4668013572692871 0.7873149108886719 0.07005252838134765 0.09220245361328126
1 0.35564162731170657 0.1373556137084961 0.05594053268432617 0.10232444763183594
1 0.0561974823474884 0.5807574462890626 0.08485902547836303 0.04727783203125
1 0.3682688236236572 0.6671073150634766 0.03748321533203125 0.11753768920898439
0 0.040755274891853335 0.8062190246582032 0.011400061845779418 0.017663574218750002
0 0.3541234016418457 0.392311019897461 0.011581993103027344 0.017331085205078128
1 0.6143980979919433 0.33985481262207035 0.020462608337402342 0.10013168334960938
0 0.2092297077178955 0.4223930358886719 0.012746906280517578 0.019444580078125002
0 0.24694793224334716 0.935894012451172 0.010731124877929687 0.0154205322265625
2 0.5266855239868165 0.32340286254882816 0.022724723815917967 0.038079833984375006
2 0.4806953430175781 0.3725724029541016 0.023111915588378905 0.04097946166992188
0 0.8941448211669921 0.980632781982422 0.012825393676757812 0.02050262451171875
