1 0.7147676467895507 0.8103947109646268 0.06954984664916992 0.04941762288411459
2 0.6476239204406739 0.3268732918633355 0.024527740478515626 0.04090402391221788
2 0.8387053489685058 0.8129405551486546 0.02493743896484375 0.042458428276909724
0 0.6405220031738281 0.4219540066189236 0.011462974548339843 0.019321017795138888
2 0.8647918701171875 0.8379735310872396 0.025916481018066404 0.04390665690104167
0 0.6677441596984863 0.4521690368652344 0.012710189819335938 0.019321187337239584
0 0.16372084617614746 0.7410881890190972 0.012874984741210937 0.020543077256944445
0 0.8961019515991211 0.7170516120062934 0.011565399169921876 0.019495985243055555
0 0.7376645088195801 0.20608499315049914 0.009917259216308594 0.016996595594618056
0 0.6509294181034484 0.43574393358876123 0.009653376436781613 0.019157088122605352
