2 0.6482542991638184 0.19822989569769967 0.022913551330566405 0.0410859849717882
1 0.6461111068725586 0.8597013685438368 0.044144058227539064 0.12202758789062501
0 0.4805428981781006 0.23857608371310765 0.012008857727050782 0.01998418172200521
2 0.11341981887817383 0.4851343790690104 0.02428414821624756 0.0419586181640625
0 0.4962043762207031 0.24732208251953125 0.012008094787597656 0.01819678412543403
2 0.7622053146362304 0.27450608147515193 0.023633193969726563 0.044118499755859374
0 0.9060626029968262 0.940175035264757 0.012489700317382812 0.021081542968750002
0 0.9934944152832031 0.6137006971571181 0.011737823486328125 0.021749199761284723
0 0.3868018388748169 0.8884784274631077 0.01287546157836914 0.022200181749131947
0 0.914699935913086 0.4611300998263889 0.011788177490234374 0.01884256998697917
0 0.9665126800537109 0.703281487358941 0.010987472534179688 0.01870151095920139
0 0.4465524673461914 0.2647788577609592 0.011927986145019531 0.02211888631184896
0 0.16178414821624756 0.25781758626302087 0.011320352554321289 0.020076158311631946
2 0.6436092376708984 0.5069513956705729 0.02270059585571289 0.04079861111111111
0 0.22262976169586182 0.03675596449110243 0.011244058609008789 0.019445122612847223
0 0.7989994049072265 0.3183688693576389 0.011729812622070313 0.018216620551215278
0 0.6685632705688477 0.8633251614040799 0.011391830444335938 0.019137234157986113
0 0.06416552066802979 0.2121604495578342 0.010945534706115723 0.019264645046657987
0 0.4979383945465088 0.19675716824001738 0.011399555206298827 0.01913180881076389
0 0.05862015606700511 0.1918523680952628 0.010080792938453587 0.022392336834648002
0 0.7655222892761231 0.9246382819281684 0.008992290496826172 0.015419684516059028
0 0.5022845268249512 0.21372799343532986 0.011306953430175782 0.01948394775390625
0 0.14533547794117646 0.07788671023965148 0.011488970588235295 0.017701525054466236
0 0.14859068627450978 0.09507761437908503 0.010340073529411745 0.017361111111111112
0 0.15835631127450978 0.08860974945533776 0.00842524509803922 0.013276143790849678
0 0.15567555147058823 0.07278050108932468 0.008042279411764703 0.015659041394335507
0 0.16352634803921567 0.0748229847494554 0.008808210784313708 0.01633986928104576
0 0.6765430497925311 0.07564930075303522 0.010589557399723285 0.018441678192715538
0 0.6770833333333334 0.7001690487167666 0.009508990318118886 0.020362686337790068
0 0.6596102150537635 0.48984468339307047 0.010920698924731197 0.018667861409796864
