1 0.5860816555184151 0.7685269165039063 0.06690807342529297 0.051690368652343846
2 0.910026741027832 0.27464302062988283 0.011734390258789062 0.016490325927734376
0 0.1837259888648987 0.06544883728027344 0.012515568733215332 0.01889617919921875
2 0.895294189453125 0.3241775512695313 0.010204696655273437 0.015774078369140625
0 0.9328857421875 0.6481816101074219 0.008556938171386719 0.01236663818359375
0 0.654125165939331 0.02975852966308594 0.012718963623046874 0.018677368164062503
2 0.9362894058227539 0.37252838134765626 0.01254730224609375 0.017840576171875
0 0.20652694702148436 0.7737992095947266 0.012713241577148437 0.0176776123046875
0 0.9868200302124023 0.24657409667968752 0.012400054931640625 0.018436660766601564
2 0.8457386016845703 0.5647480773925782 0.01131744384765625 0.0188848876953125
0 0.976990795135498 0.18741798400878906 0.010420799255371094 0.016997528076171876
0 0.07558676160337559 0.07199367088607594 0.012856012658227852 0.018459915611814353
0 0.7117945675105484 0.9686181434599155 0.010218881856540088 0.016350210970464144
