1 0.7957791805267334 0.7223419189453125 0.04664602279663086 0.09391754150390626
2 0.6087257385253906 0.33476989746093755 0.02365589141845703 0.03896286010742188
1 0.9106645584106445 0.6414771270751953 0.060860824584960935 0.06359039306640625
0 0.8284488677978515 0.08665878295898438 0.011411285400390625 0.017391357421875
0 0.8921545028686523 0.8450968933105469 0.012702560424804688 0.0189312744140625
1 0.04302266538143158 0.054765625000000005 0.080611652135849 0.057991943359375006
0 0.033443355560302736 0.6164567565917969 0.012151563167572021 0.019528808593750002
0 0.3104228973388672 0.9154847717285157 0.013181924819946289 0.019963684082031252
0 0.29360623359680177 0.614313201904297 0.011080360412597657 0.015029907226562502
0 0.38349428176879885 0.34506141662597656 0.01169886589050293 0.016928863525390626
0 0.5909622192382813 0.38885589599609377 0.011884117126464843 0.017808227539062502
0 0.7669552803039551 0.7585081481933594 0.011261177062988282 0.017278137207031252
0 0.9604667663574219 0.10264198303222657 0.012187576293945313 0.01967926025390625
0 0.3070096492767334 0.431949462890625 0.011406993865966797 0.01614044189453125
0 0.377717924118042 0.7982225799560547 0.01327981948852539 0.019780426025390627
0 0.7549173831939697 0.6355836486816406 0.010617351531982422 0.0158026123046875
0 0.04596647918224335 0.5159380340576172 0.011777454614639282 0.018254699707031252
0 0.3932302474975586 0.3346339416503906 0.011484050750732422 0.018350219726562502
0 0.887592887878418 0.6503176879882813 0.013057708740234375 0.01997711181640625
0 0.038921278715133664 0.5417901611328125 0.011576437950134277 0.01823455810546875
0 0.3680609941482544 0.9737020874023438 0.010473680496215821 0.016551513671875
0 0.15580731630325317 0.9149482727050782 0.010832643508911133 0.018173828125
0 0.16433823108673096 0.1949230194091797 0.011618947982788086 0.019506759643554687
0 0.3206701993942261 0.43470230102539065 0.011012125015258788 0.016957855224609377
0 0.3570685863494873 0.9774392700195313 0.012733554840087891 0.019012451171875
0 0.36455140113830564 0.9571705627441407 0.010809707641601562 0.015596618652343752
0 0.011396247148513793 0.3313103485107422 0.011912882328033447 0.018098449707031252
0 0.48456697463989257 0.9159214782714844 0.01121368408203125 0.01698638916015625
0 0.3827855110168457 0.32921897888183593 0.01150827407836914 0.016102066040039064
0 0.5774992942810059 0.29548660278320316 0.010507774353027344 0.015649261474609377
0 0.37212653160095216 0.31815025329589847 0.01104269027709961 0.018042755126953126
0 0.3010831832885742 0.6273823547363282 0.011147117614746094 0.0167279052734375
0 0.3823801279067993 0.7651434326171875 0.011032962799072265 0.016353607177734375
0 0.1755722165107727 0.9496885681152344 0.012113499641418456 0.017955322265625
0 0.715519905090332 0.8222149658203125 0.010461807250976562 0.016995849609375002
0 0.4933624267578125 0.6843304443359376 0.010794639587402344 0.016439666748046877
0 0.9787830352783203 0.0936421585083008 0.011522674560546875 0.01730308532714844
0 0.9710763931274414 0.11091018676757813 0.009498786926269532 0.015417175292968752
0 0.6085279379595938 0.6967171792172654 0.010683839656984162 0.019396882848593294
0 0.9888278007507324 0.11230010986328126 0.01061420440673828 0.01567901611328125
0 0.979921531677246 0.07670440673828126 0.010124588012695312 0.0161480712890625
0 0.7257862091064453 0.8131860351562501 0.011735153198242188 0.018338928222656252
0 0.3131319735006973 0.44665271966527204 0.011767782426778221 0.016039051603905157
0 0.37545763598326354 0.44194560669456073 0.01220362622036261 0.019874476987447737
0 0.3781816596931659 0.7789400278940027 0.012857391910739225 0.016039051603905157
0 0.48757845188284515 0.9335774058577405 0.012857391910739225 0.018479776847977785
0 0.6044935495118549 0.681136680613668 0.01220362622036267 0.014295676429567646
0 0.6749912831241283 0.6209902370990237 0.011114016736401666 0.017433751743375202
0 0.6256319735006973 0.5184797768479776 0.010024407252440663 0.017433751743375202
