0 0.22327620983123778 0.24529113769531252 0.01354517936706543 0.0200762939453125
0 0.3782626152038574 0.6765911865234375 0.01273517608642578 0.01907257080078125
1 0.5071895122528076 0.5979580688476563 0.052933979034423824 0.08091156005859375
1 0.7386159896850586 0.715381088256836 0.03214206695556641 0.11446578979492188
0 0.39447979927062987 0.3547860717773438 0.011174774169921875 0.016809387207031252
0 0.06392496824264526 0.03988754272460938 0.010828065872192382 0.016439971923828126
1 0.9927167892456055 0.11176361083984376 0.014566421508789062 0.036076202392578124
0 0.23729804421768705 0.5040391156462586 0.007440476190476186 0.01488095238095241
0 0.1373830782312925 0.7491496598639457 0.010097789115646258 0.01615646258503394
0 0.1453550170068027 0.7612670068027211 0.011692176870748276 0.017431972789115662
