1 0.7064286231994629 0.5947257995605469 0.07998027801513671 0.06926666259765625
1 0.8704832077026367 0.5460239410400392 0.07180023193359375 0.06659469604492188
1 0.4674023628234863 0.501027069091797 0.03571128845214844 0.10684112548828126
0 0.10377084016799927 0.974100799560547 0.011628985404968262 0.017808227539062502
0 0.3821453332901001 0.9120185852050782 0.01113905906677246 0.017499084472656252
1 0.39488887786865234 0.4145843505859375 0.06644601821899414 0.08269805908203126
0 0.6037261962890625 0.20923343658447266 0.009918212890625 0.015228576660156251
0 0.0639161229133606 0.9834481811523438 0.013228178024291992 0.02060150146484375
0 0.4243708610534668 0.6665760803222657 0.012832546234130859 0.0202972412109375
0 0.4335413932800293 0.67862548828125 0.011138629913330079 0.0164642333984375
0 0.05319979041814804 0.99367919921875 0.00974598228931427 0.0126416015625
1 0.9929744720458984 0.5402235412597657 0.013797378540039063 0.0733203125
0 0.8585069444444445 0.45888888888888896 0.012152777777777738 0.018888888888888858
