1 0.5825520833333333 0.4226851851851852 0.04010416666666666 0.11574074074074074
1 0.2833333333333333 0.062037037037037036 0.022916666666666665 0.12037037037037038
0 0.010416666666666666 0.7652777777777778 0.011458333333333333 0.017592592592592594
0 0.25755208333333335 0.513425925925926 0.0109375 0.017592592592592594
0 0.33515625 0.1912037037037037 0.0109375 0.015740740740740743
0 0.4765625 0.39212962962962966 0.0125 0.019444444444444445
0 0.53984375 0.5981481481481482 0.011979166666666666 0.020370370370370372
0 0.5604166666666667 0.7652777777777778 0.011458333333333333 0.019444444444444445
0 0.5544270833333333 0.8944444444444445 0.011979166666666666 0.024074074074074074
0 0.5643229166666667 0.9694444444444444 0.0109375 0.022222222222222223
0 0.7424479166666667 0.7277777777777779 0.0109375 0.018518518518518517
0 0.6515625 0.034722222222222224 0.0125 0.019444444444444445
0 0.8307291666666666 0.10833333333333334 0.010416666666666666 0.018518518518518517
0 0.8380208333333333 0.4625 0.013541666666666667 0.02314814814814815
0 0.8473958333333333 0.46851851851851856 0.0125 0.018518518518518517
0 0.061197916666666664 0.962962962962963 0.011979166666666666 0.020370370370370372
0 0.18671875 0.9171296296296296 0.0109375 0.019444444444444445
