1 0.8956971168518066 0.6366745842827691 0.07115364074707031 0.0633363511827257
2 0.3427265167236328 0.5820034450954862 0.020972824096679686 0.04019944932725695
2 0.32350869178771974 0.5629224989149306 0.02350482940673828 0.04123552110460069
2 0.6769974708557129 0.3402618408203125 0.024129772186279298 0.04359029134114584
1 0.13634989261627198 0.49678488837348095 0.02428121566772461 0.12919091118706597
0 0.6401207923889161 0.2265759785970052 0.012749099731445312 0.020725080702039933
2 0.7153427124023437 0.7750257703993055 0.021575069427490233 0.038798692491319446
0 0.9390506744384766 0.713997311062283 0.012465667724609376 0.02092861599392361
0 0.4732839584350586 0.7154246012369792 0.011740875244140626 0.021183437771267362
0 0.4205743312835693 0.28028801812065973 0.012088203430175781 0.021152242024739584
0 0.2697938919067383 0.4356211344401042 0.01114950180053711 0.020734490288628473
1 0.9839244842529297 0.1908016628689236 0.03202533721923828 0.16868871053059897
0 0.40669550895690915 0.6039048936631944 0.013546466827392578 0.018718465169270834
0 0.058782315254211424 0.8865787929958767 0.012003302574157715 0.018186272515190973
0 0.3943958044052124 0.5855573018391927 0.014202547073364257 0.023794725206163197
0 0.409342098236084 0.5865419175889757 0.015340995788574218 0.023420037163628473
2 0.9712897300720215 0.017301517062717015 0.016069984436035155 0.029361979166666666
2 0.05989823341369629 0.9262057834201389 0.011380290985107422 0.01930914984809028
0 0.3962747573852539 0.6013629489474827 0.013441944122314453 0.020781453450520834
2 0.9705963134765625 0.04733123779296875 0.0114105224609375 0.02198401557074653
2 0.9790133476257324 0.04501859876844618 0.014945793151855468 0.022493489583333335
0 0.06529850746268656 0.9042288557213929 0.010883084577114429 0.012898470609913363
0 0.01645418739635157 0.8761286161783673 0.00958747927031509 0.015662428597751916
0 0.0057006633499170805 0.8685277317118113 0.009846600331674955 0.017044407591671248
0 0.04244059571619814 0.07697456492637215 0.009621820615796521 0.01859289007883385
0 0.35514976572958495 0.18704447419306855 0.010876840696117777 0.019336605681987213
