1 0.38552236557006836 0.045397491455078126 0.07719316482543945 0.052755813598632816
0 0.7288729667663574 0.7443380737304688 0.012239456176757812 0.018741607666015625
1 0.3148720979690552 0.908175048828125 0.05835094451904297 0.070648193359375
1 0.6396443367004394 0.7077246856689453 0.04992485046386719 0.12870239257812502
0 0.9659128189086914 0.01128664016723633 0.012485885620117187 0.018881874084472658
1 0.4088263034820557 0.7019099426269532 0.07361803054809571 0.039981384277343754
1 0.261660099029541 0.546630859375 0.05455207824707031 0.0733935546875
0 0.2575543880462646 0.12662986755371095 0.011419010162353516 0.017286071777343752
1 0.6109673500061035 0.5435520172119142 0.07726888656616211 0.028496551513671878
2 0.3608925104141235 0.5276911926269532 0.02055015563964844 0.03666656494140625
0 0.7446608543395996 0.3221449279785156 0.012033653259277344 0.017909088134765626
0 0.23904733657836913 0.3977134704589844 0.010938072204589843 0.0165814208984375
0 0.3633636474609375 0.1961931610107422 0.011989116668701172 0.019570159912109378
2 0.3730472087860107 0.5624287414550782 0.02116250991821289 0.040552368164062505
1 0.9413005828857421 0.899032211303711 0.04384002685546875 0.09837768554687501
0 0.6487878322601318 0.961122055053711 0.01212005615234375 0.019021911621093752
0 0.3954794883728027 0.8770980834960939 0.011323356628417968 0.017392883300781252
0 0.9611964225769043 0.28284366607666017 0.010312080383300781 0.014953231811523438
0 0.37228879928588865 0.35939224243164064 0.0121826171875 0.01967864990234375
0 0.9540980339050292 0.2846768188476563 0.009554290771484375 0.016331939697265627
0 0.960174209770115 0.29920977011494254 0.011673850574712574 0.015086206896551744
