1 0.8790740966796875 0.7526189422607422 0.05493011474609375 0.11040771484375
2 0.2221189022064209 0.29374351501464846 0.023277091979980468 0.034386062622070314
0 0.5521965026855469 0.9720474243164063 0.012868213653564452 0.01944244384765625
0 0.3053318500518799 0.49603286743164066 0.011334514617919922 0.01768157958984375
0 0.35664005279541017 0.9532396697998048 0.01249227523803711 0.0189971923828125
1 0.5177814483642578 0.2827724838256836 0.02671527862548828 0.11376441955566408
2 0.1221057653427124 0.7256784820556641 0.023186922073364258 0.041820373535156254
2 0.07760869264602661 0.6615762329101563 0.022599077224731444 0.0386712646484375
0 0.8361104965209961 0.8249969482421875 0.012436294555664062 0.017907714843750002
0 0.9526342391967774 0.4783868408203125 0.012064933776855469 0.0187799072265625
0 0.18668389320373535 0.30537918090820315 0.012294435501098632 0.018271331787109376
0 0.9162849426269531 0.4038298797607422 0.011381149291992188 0.017845306396484375
0 0.7853855133056641 0.6556785583496094 0.0102691650390625 0.01602874755859375
0 0.7849398612976074 0.6245997619628907 0.009772586822509765 0.015363311767578125
0 0.17604165077209472 0.24462844848632814 0.011742234230041504 0.016791229248046876
0 0.34346373081207277 0.4166831970214844 0.010416936874389649 0.016028900146484375
0 0.6007672309875488 0.5385419464111328 0.012305831909179688 0.018808135986328127
0 0.5307742595672608 0.5209608459472657 0.012328338623046876 0.0191876220703125
0 0.8014744043350219 0.3390299224853516 0.011653470993041991 0.018676605224609375
0 0.22471110026041666 0.5914713541666667 0.0115966796875 0.016276041666666668
0 0.6634579613095237 0.9747023809523808 0.008138020833333334 0.01488095238095241
