1 0.5552835464477539 0.8626496887207031 0.06883058547973633 0.06664520263671875
0 0.5858396530151367 0.10587814331054689 0.01401519775390625 0.020187225341796875
0 0.39372406005859373 0.8870516967773439 0.01188211441040039 0.018556213378906252
0 0.3208859920501709 0.02455219268798828 0.011985015869140626 0.0187152099609375
0 0.12979443073272706 0.07246444702148438 0.010968017578125 0.016797180175781252
1 0.018749767541885377 0.19590206146240235 0.037499535083770755 0.12274276733398438
2 0.9142974853515625 0.3814860534667969 0.020885467529296875 0.03883056640625
2 0.934285831451416 0.3863690185546875 0.020070838928222656 0.035174255371093754
0 0.7442669868469238 0.5241521453857422 0.013076210021972656 0.01890380859375
0 0.7316530227661133 0.5227241516113281 0.011892890930175782 0.01825347900390625
0 0.16522016525268554 0.9173583984375001 0.008308124542236329 0.012249450683593751
0 0.7336605072021485 0.5417425537109375 0.012586784362792968 0.018368377685546874
2 0.9338547706604003 0.36352630615234377 0.020972251892089844 0.03566802978515625
