1 0.7477517604827881 0.5068870544433594 0.03488311767578125 0.10143829345703126
1 0.04020548462867737 0.6618208312988282 0.07956899404525757 0.0439813232421875
1 0.16187553405761718 0.6239250183105469 0.019414091110229494 0.15536590576171877
1 0.8789002418518066 0.3473582458496094 0.06093101501464843 0.023244781494140627
0 0.2303971767425537 0.32750259399414067 0.011252832412719727 0.018541107177734377
0 0.2845621109008789 0.16476917266845703 0.01078500747680664 0.015928497314453127
1 0.10311980545520782 0.6823399353027344 0.05186585783958435 0.03046661376953125
0 0.6352115631103515 0.15817249298095704 0.012203598022460937 0.018593750000000003
1 0.4735590934753418 0.9412972259521485 0.07959785461425781 0.03916717529296875
0 0.9723752975463867 0.2507897186279297 0.01217823028564453 0.01834136962890625
0 0.14639060497283934 0.11750274658203126 0.012246417999267577 0.01787994384765625
0 0.4385937690734863 0.13404701232910157 0.011122703552246094 0.019133758544921876
0 0.7617257595062256 0.5629493713378907 0.011752796173095704 0.017727966308593752
0 0.18797348484848483 0.38055555555555554 0.011047979797979815 0.01565656565656563
