0 0.6416300773620606 0.40938907199435765 0.01265411376953125 0.021701558430989584
0 0.19497028589248658 0.8512794494628907 0.012607741355895995 0.020790269639756945
2 0.8593341827392578 0.9171123928493924 0.024588775634765626 0.03898078070746528
2 0.8361330032348633 0.9192677815755209 0.022562408447265626 0.043250020345052084
2 0.8477849006652832 0.9564156426323785 0.024115562438964844 0.04013264973958333
0 0.03450409173965454 0.3740530225965712 0.012857377529144287 0.019916788736979166
0 0.08118878602981568 0.07099037170410157 0.01287717819213867 0.02094387478298611
0 0.08008002042770386 0.09622056749131945 0.013503003120422363 0.02015050252278646
0 0.17464981079101563 0.17437722947862414 0.01232612133026123 0.023369259304470487
0 0.028331043956043956 0.39010989010989017 0.012019230769230766 0.018315018315018278
