1 0.4104466438293457 0.3106672498914931 0.018671035766601562 0.10208146837022569
0 0.5302394390106201 0.12814937167697482 0.012145519256591797 0.02057927449544271
2 0.0821440875530243 0.1882849799262153 0.02392348051071167 0.04672953287760417
0 0.4978032112121582 0.2165455288357205 0.0112213134765625 0.019358401828342014
0 0.2572755813598633 0.3382131788465712 0.011084556579589844 0.018631998697916666
0 0.13074305057525634 0.9610359191894532 0.011897754669189454 0.020782301161024308
0 0.17006540298461914 0.2584865993923611 0.011773443222045899 0.020213826497395834
0 0.05124951601028442 0.3166208055284288 0.012014949321746826 0.019215223524305557
0 0.3604275703430176 0.5328882853190104 0.011527252197265626 0.019959513346354166
0 0.05241771340370178 0.44226328531901044 0.01182243824005127 0.016622246636284723
0 0.05861279964447021 0.4585620456271702 0.011012101173400879 0.019383748372395836
0 0.14156317710876465 0.9625044928656684 0.011206960678100586 0.020269605848524306
0 0.10120028257369995 0.42360992431640626 0.011331439018249512 0.016989644368489584
0 0.652918529510498 0.6058634440104167 0.010394477844238281 0.016650051540798613
1 0.38251194953918455 0.5739855448404948 0.037513351440429686 0.01641574435763889
0 0.9353166580200195 0.48036168416341146 0.01134796142578125 0.019120110405815974
0 0.2124774694442749 0.7081801520453559 0.01103515625 0.018884107801649307
0 0.08224924206733704 0.03461057874891493 0.011845815181732177 0.021606275770399308
0 0.5613624975554459 0.9114658687525742 0.011571964715383961 0.016132082014697048
0 0.8177369505494505 0.36696174196174197 0.01230540293040292 0.019841269841269805
0 0.9237637362637362 0.47812372812372816 0.010874542124542093 0.018315018315018278
0 0.9224759615384616 0.4977106227106228 0.010588369963369952 0.01882376882376891
0 0.9326350732600732 0.49949124949124957 0.009729853479853527 0.02238502238502244
