1 0.6510416666666666 0.6912037037037038 0.025 0.075
1 0.37213541666666666 0.9638888888888889 0.050520833333333334 0.07222222222222223
1 0.9776041666666666 0.9796296296296296 0.03854166666666667 0.040740740740740744
0 0.0203125 0.06481481481481481 0.010416666666666666 0.022222222222222223
0 0.04635416666666667 0.08611111111111111 0.0125 0.022222222222222223
0 0.3171875 0.40231481481481485 0.014583333333333334 0.02314814814814815
0 0.38645833333333335 0.5787037037037037 0.0125 0.024074074074074074
0 0.4419270833333333 0.7837962962962963 0.011979166666666666 0.021296296296296296
0 0.4440104166666667 0.27824074074074073 0.0109375 0.017592592592592594
2 0.4666666666666667 0.1587962962962963 0.021875 0.04722222222222222
2 0.60703125 0.16435185185185186 0.011979166666666666 0.02314814814814815
0 0.5671875 0.3856481481481482 0.011458333333333333 0.02314814814814815
0 0.6776041666666667 0.5398148148148149 0.011458333333333333 0.02592592592592593
0 0.9533854166666667 0.9351851851851852 0.011979166666666666 0.020370370370370372
0 0.8416666666666667 0.04814814814814815 0.009375 0.016666666666666666
0 0.84140625 0.06898148148148149 0.0140625 0.019444444444444445
0 0.8604166666666666 0.05092592592592593 0.010416666666666666 0.018518518518518517
0 0.8635416666666667 0.06666666666666667 0.011458333333333333 0.016666666666666666
0 0.8575520833333333 0.08194444444444444 0.0109375 0.019444444444444445
0 0.8716145833333333 0.0787037037037037 0.009895833333333333 0.018518518518518517
