1 0.8855604966481526 0.36029761598821275 0.03153765996297212 0.12761277583607458
2 0.09965367913246155 0.3328653717041016 0.023437035083770753 0.0391900634765625
0 0.6560981750488282 0.42833282470703127 0.012704849243164062 0.019788360595703127
0 0.5327374458312988 0.1441037368774414 0.012947845458984374 0.020570297241210938
0 0.1899174928665161 0.2848471450805664 0.01097402572631836 0.017253799438476564
0 0.9911317825317383 0.5209041595458985 0.010416412353515625 0.01398956298828125
0 0.7298452377319335 0.301916618347168 0.011519813537597656 0.018098373413085938
0 0.9925168991088867 0.5354345703125001 0.011556625366210938 0.017745361328125
2 0.24492578506469725 0.8301364898681641 0.018225431442260742 0.03173126220703125
0 0.2728892543859649 0.219078947368421 0.010690789473684247 0.016228070175438584
0 0.27837171052631576 0.7802631578947369 0.00959429824561404 0.015789473684210503
0 0.9022752192982455 0.381578947368421 0.010142543859649085 0.017543859649122785
1 0.873766447368421 0.34978070175438597 0.03536184210526325 0.1013157894736842
