1 0.583702564239502 0.6733004760742188 0.04932851791381836 0.13016571044921876
2 0.26712889671325685 0.4218235778808594 0.02482128143310547 0.0348553466796875
1 0.5254549980163574 0.2515978240966797 0.020592498779296874 0.11834503173828126
2 0.23762032985687256 0.4065696716308594 0.02253413200378418 0.03999160766601563
2 0.3602248191833496 0.4674478149414063 0.021676111221313476 0.03547393798828125
2 0.343834272644964 0.49783355712890626 0.01856203079223633 0.033473052978515626
2 0.259087347984314 0.3810383605957032 0.022666740417480468 0.0310162353515625
2 0.35422744750976565 0.031018676757812502 0.012416744232177734 0.019449310302734377
1 0.6887703895568847 0.8708404541015625 0.027886772155761717 0.09134490966796875
0 0.7917355537414551 0.03576858520507813 0.011816024780273438 0.016209793090820313
2 0.34302141666412356 0.44161026000976566 0.02214980125427246 0.03012359619140625
2 0.30048022270202634 0.38888320922851566 0.0196866512298584 0.031086425781250003
0 0.5060351371765137 0.7559065246582032 0.01140899658203125 0.017310791015625
2 0.3982311010360718 0.3470140075683594 0.012674856185913085 0.019456787109375002
0 0.820048713684082 0.17289615631103517 0.012155532836914062 0.017667770385742188
2 0.4479525089263916 0.26466331481933597 0.011495876312255859 0.018631134033203125
0 0.7922746658325195 0.016604766845703126 0.012266159057617188 0.018492507934570315
1 0.5196030183727034 0.16404199475065617 0.027887139107611484 0.12073490813648295
0 0.8380872726440429 0.45011306762695313 0.012598228454589843 0.020531768798828127
0 0.8105520248413086 0.5270230102539063 0.011083602905273438 0.0165966796875
2 0.5442355155944825 0.06672252655029297 0.01165628433227539 0.018176422119140626
0 0.033013451443569555 0.125 0.010252624671916014 0.020341207349081382
0 0.037729658792650916 0.1410761154855643 0.009842519685039366 0.018372703412073484
2 0.2833825459317585 0.39895013123359585 0.018864829396325434 0.03280839895013126
1 0.7822752624671916 0.9419291338582677 0.08407152230971135 0.03740157480314963
