1 0.031510416666666666 0.1537037037037037 0.0609375 0.07407407407407407
1 0.196875 0.12962962962962962 0.06979166666666667 0.05925925925925926
0 0.15338541666666666 0.10648148148148148 0.011979166666666666 0.022222222222222223
0 0.05182291666666666 0.34861111111111115 0.0109375 0.02314814814814815
0 0.21796875 0.2953703703703704 0.008854166666666666 0.018518518518518517
0 0.24505208333333334 0.3773148148148148 0.011979166666666666 0.021296296296296296
0 0.32916666666666666 0.42129629629629634 0.011458333333333333 0.022222222222222223
0 0.22994791666666667 0.45787037037037037 0.009895833333333333 0.019444444444444445
0 0.53046875 0.6541666666666667 0.011979166666666666 0.017592592592592594
0 0.53671875 0.6708333333333334 0.009895833333333333 0.017592592592592594
0 0.6236979166666666 0.7796296296296297 0.011979166666666666 0.020370370370370372
0 0.5440104166666666 0.30972222222222223 0.011979166666666666 0.021296296296296296
0 0.7294270833333333 0.3990740740740741 0.009895833333333333 0.020370370370370372
0 0.7786458333333334 0.27175925925925926 0.010416666666666666 0.017592592592592594
0 0.85703125 0.21342592592592594 0.011979166666666666 0.02314814814814815
0 0.72578125 0.11435185185185186 0.011979166666666666 0.021296296296296296
1 0.7528645833333333 0.09907407407407408 0.0546875 0.11296296296296297
2 0.009375 0.8300925925925926 0.017708333333333333 0.049074074074074076
2 0.6973958333333333 0.8587962962962963 0.020833333333333332 0.03981481481481482
2 0.67890625 0.8745370370370371 0.0203125 0.03796296296296296
