1 0.7525163650512695 0.19998455047607422 0.05415287017822266 0.07371498107910157
1 0.09297467470169067 0.22845039367675782 0.08041133880615234 0.08506591796875
2 0.448985481262207 0.47096435546875004 0.022257328033447266 0.0335003662109375
0 0.6827383041381836 0.19345787048339844 0.0112701416015625 0.01685638427734375
2 0.8284666061401367 0.9806048583984376 0.020729446411132814 0.032958984375
0 0.5807056427001953 0.12770401000976564 0.012692832946777343 0.017736892700195312
0 0.14178575277328492 0.31209808349609375 0.011559104919433594 0.017911834716796877
0 0.4833354473114014 0.6975284576416017 0.012072944641113281 0.018007202148437502
1 0.6577255725860596 0.9532653808593751 0.05436973571777343 0.08746124267578126
0 0.19166202545166017 0.22233806610107423 0.01149611473083496 0.018179397583007812
0 0.8755518913269043 0.1645334625244141 0.01327667236328125 0.019313125610351565
0 0.46491403579711915 0.39278335571289064 0.009359931945800782 0.01445709228515625
2 0.6171027183532715 0.9865363311767579 0.022372055053710937 0.026927337646484376
0 0.7751225490196078 0.10692401960784315 0.010340073529411716 0.016544117647058817
