2 0.5577049732208252 0.8272412872314454 0.022323417663574218 0.040576629638671875
2 0.8510547637939453 0.3585176849365235 0.02460136413574219 0.038431854248046876
0 0.7528629779815674 0.21765968322753906 0.012991142272949218 0.01978546142578125
1 0.6830429077148438 0.7576441955566406 0.05865325927734375 0.09040496826171876
1 0.21572678089141845 0.7307717895507813 0.08296685218811035 0.048539733886718756
2 0.24354801177978516 0.8981565856933594 0.022672653198242188 0.0363824462890625
2 0.6531435012817383 0.5859077453613282 0.023376846313476564 0.03739166259765625
2 0.6856186866760254 0.787603988647461 0.020235633850097655 0.031703796386718754
0 0.6069329261779786 0.8312820434570313 0.012587738037109374 0.017317047119140627
0 0.8770816802978515 0.6100271606445313 0.010066986083984375 0.014778442382812501
2 0.6228793144226075 0.5541704559326173 0.02220325469970703 0.035960235595703126
0 0.6848833084106445 0.2058613204956055 0.012862014770507812 0.018822326660156253
0 0.6929434299468994 0.1762120056152344 0.011972999572753907 0.01961944580078125
0 0.6842947959899902 0.19388343811035158 0.011322402954101562 0.016722259521484376
2 0.6341948986053467 0.5703759765625 0.020058250427246092 0.037415771484375006
1 0.27380833625793455 0.7337001037597657 0.06553163528442382 0.05918670654296875
2 0.6923140525817871 0.8201924133300782 0.020602321624755858 0.03250213623046875
0 0.696500301361084 0.18842899322509768 0.01336688995361328 0.018673858642578128
2 0.22251472473144532 0.9184469604492188 0.023136472702026366 0.038739013671875
0 0.4941361427307129 0.9733802032470704 0.016209983825683595 0.019977874755859375
