1 0.13960394859313965 0.6023948669433594 0.028898000717163086 0.06671905517578125
0 0.24087233543395994 0.016179161071777345 0.012344074249267579 0.018458328247070315
0 0.8105388641357422 0.09308868408203126 0.011288070678710937 0.017281951904296877
0 0.005066367611289024 0.3143328094482422 0.010114400833845138 0.01711944580078125
0 0.3167017936706543 0.45658508300781253 0.010803794860839844 0.017561798095703126
0 0.03114197850227356 0.2729228210449219 0.010848748683929443 0.015482864379882813
0 0.04376805126667023 0.22476253509521485 0.011727243661880493 0.01718017578125
0 0.03187086284160614 0.23715457916259766 0.010919785499572754 0.016699295043945312
0 0.031210291385650634 0.25506614685058593 0.011656355857849122 0.016555862426757814
0 0.06249213102343562 0.31072841644287114 0.012349259853363038 0.019566497802734378
0 0.04109307825565338 0.26316356658935547 0.010459917783737182 0.016583633422851563
0 0.15968246459960939 0.6170670318603516 0.008823776245117187 0.016952362060546875
0 0.6121983528137207 0.13049400329589844 0.012738895416259765 0.01903892517089844
0 0.06621827483177185 0.9579714965820313 0.010255765914916993 0.017879638671875
0 0.07642893791198731 0.2445196533203125 0.011004102230072022 0.017382965087890626
0 0.22524008750915528 0.13869140625 0.012775802612304687 0.020705108642578126
0 0.07721880674362183 0.9612693023681641 0.012306082248687743 0.018929595947265627
0 0.04228512942790985 0.2455271148681641 0.01157713532447815 0.016002197265625
0 0.058629310131073 0.9852008056640625 0.011768198013305664 0.020065917968750003
0 0.10435694521432881 0.029900702313259912 0.011343902349472046 0.018546886444091797
0 0.06309597844112769 0.6266583747927031 0.01010572139303482 0.01699834162520735
0 0.10092765339966832 0.564262023217247 0.011660447761194022 0.01907131011608622
0 0.14886504975124376 0.39883913764510776 0.011660447761194022 0.015754560530679956
1 0.44235641891891886 0.23873873873873871 0.059356231231231266 0.027027027027026994
