1 0.6804415702819824 0.7628255208333333 0.051681900024414064 0.08466796875
1 0.9203450202941894 0.8936621771918403 0.04581928253173828 0.07164510091145834
2 0.3821507215499878 0.8025217692057292 0.024859189987182617 0.03884667290581598
0 0.7099008560180664 0.6924885219997831 0.011514377593994141 0.020899285210503472
0 0.8194555282592774 0.7535426669650608 0.012847518920898438 0.02110324435763889
0 0.9421246528625488 0.9833223978678386 0.011597442626953124 0.018282741970486113
1 0.3755749464035034 0.6560490078396267 0.019380521774291993 0.08111504448784723
0 0.27466549873352053 0.8198518541124132 0.012779998779296874 0.020299275716145836
0 0.032375681400299075 0.25753038194444444 0.011608457565307618 0.02083036634657118
0 0.9942081451416015 0.12422074211968316 0.010717201232910156 0.020655229356553822
