1 0.47290477752685545 0.6493049621582032 0.0603158950805664 0.08265960693359375
1 0.6605663299560547 0.3716100883483887 0.03279800415039062 0.11620151519775392
0 0.8337770462036133 0.6256500244140626 0.012080955505371093 0.016840362548828126
0 0.9899030685424804 0.6090908813476563 0.011147308349609374 0.017410888671875
0 0.801868724822998 0.8060278320312501 0.01168231964111328 0.0171044921875
2 0.9885841369628906 0.3237483978271485 0.013282012939453124 0.02014488220214844
0 0.5360462188720703 0.9626457214355469 0.011612129211425782 0.01683258056640625
0 0.8224561691284179 0.6384555053710937 0.012674331665039062 0.018663177490234377
0 0.5126953125 0.5625 0.007595486111111131 0.015625
0 0.768771701388889 0.7803819444444445 0.01193576388888881 0.015625
