1 0.43632773160934446 0.8680499267578126 0.08326399326324463 0.05952484130859376
0 0.7828305721282959 0.8660612487792969 0.012996768951416016 0.0194921875
0 0.9209564208984374 0.8677562713623047 0.013594245910644532 0.02056793212890625
0 0.904112434387207 0.5964028930664063 0.011965560913085937 0.01890167236328125
2 0.4595504283905029 0.9788014221191407 0.022200965881347658 0.032915039062500005
2 0.8682090759277343 0.19518474578857423 0.022436904907226562 0.04726249694824219
0 0.8969549179077149 0.654241180419922 0.011794662475585938 0.017599334716796877
0 0.6101493835449219 0.23169281005859377 0.011954975128173829 0.017837677001953125
0 0.7100546836853028 0.12276538848876954 0.012033653259277344 0.017778244018554688
0 0.3433663368225098 0.9553854370117189 0.01157379150390625 0.01666839599609375
0 0.35328688621521 0.4772819519042969 0.012065458297729491 0.0196209716796875
0 0.8024808883666992 0.43796264648437505 0.017735862731933595 0.028598175048828126
0 0.23682575225830077 0.25170310974121096 0.012041711807250976 0.018239746093750002
0 0.36556715965270997 0.46286331176757817 0.013155174255371093 0.018673706054687503
0 0.36494784355163573 0.4792484283447266 0.013156318664550781 0.018785247802734377
0 0.27437481880187986 0.9928018951416017 0.011894416809082032 0.014396209716796875
0 0.4962271790341578 0.31934628975265017 0.010490282685512338 0.01796230859835101
0 0.35046746171967025 0.9427267373380449 0.009754122497055324 0.013839811542991735
