1 0.6738114356994629 0.19054916381835937 0.07265911102294922 0.06065231323242188
1 0.5569497108459472 0.8726081848144532 0.07555589675903321 0.0488818359375
1 0.6002384185791015 0.14041259765625 0.031572914123535155 0.13006057739257815
1 0.7230263710021972 0.42071846008300784 0.04624319076538086 0.11274612426757813
0 0.6154571533203125 0.9846279907226563 0.012173843383789063 0.01842376708984375
0 0.2808732032775879 0.21345703125 0.01292734146118164 0.018748626708984376
0 0.4948725700378418 0.09205253601074219 0.011493206024169922 0.017875518798828125
1 0.19472551345825195 0.1674464797973633 0.06506361961364746 0.03415573120117188
2 0.8393800735473632 0.19136337280273438 0.025128173828125 0.03535369873046875
1 0.05375518202781677 0.2894196701049805 0.08546986579895019 0.03649360656738281
0 0.656493091583252 0.05892551422119141 0.012568473815917969 0.020070953369140627
2 0.19849406480789183 0.5297296142578125 0.021617627143859862 0.02969970703125
2 0.550937557220459 0.8073243713378907 0.02322044372558594 0.035174407958984376
1 0.09689759016036988 0.1287097930908203 0.08734390735626221 0.03391456604003906
1 0.7689916610717773 0.894964599609375 0.03869361877441406 0.1210467529296875
0 0.1464390754699707 0.7631768798828126 0.01154937744140625 0.0169525146484375
1 0.31835713386535647 0.2731971740722656 0.04101076126098633 0.034266967773437504
0 0.9562090873718262 0.25267051696777343 0.011399269104003906 0.01814117431640625
0 0.5023144721984864 0.5922808074951172 0.012108039855957032 0.0200909423828125
2 0.17297075986862182 0.5210421752929688 0.023389768600463868 0.029238128662109376
0 0.34586377143859864 0.006927499771118164 0.010543537139892579 0.013854999542236329
1 0.4821895599365234 0.39747520446777346 0.02493877410888672 0.145650634765625
0 0.4978966236114502 0.13873336791992188 0.012133502960205078 0.01894805908203125
0 0.9598995208740234 0.38084541320800785 0.012728118896484375 0.0192138671875
0 0.696658706665039 0.40058685302734376 0.01221761703491211 0.020404052734375
0 0.3391426282051282 0.01987179487179487 0.012419871794871836 0.021794871794871797
