1 0.1493664264678955 0.32957507239447703 0.05613045692443847 0.08918359544542101
1 0.8097051620483399 0.9071729871961806 0.06378536224365235 0.06480068630642362
2 0.2867904186248779 0.8007369147406684 0.025800418853759766 0.043551466200086805
2 0.3569936752319336 0.39073511759440105 0.02832651138305664 0.039569091796875004
0 0.657123327255249 0.10580249362521701 0.011116218566894532 0.018824259440104168
0 0.020445585250854492 0.7097318013509115 0.012121468782424927 0.021386549207899307
0 0.9766885757446289 0.16023635864257812 0.011394500732421875 0.019528113471137153
0 0.6648521423339844 0.835818820529514 0.012127017974853516 0.02120090060763889
0 0.6431559562683106 0.44663899739583335 0.011615943908691407 0.018938191731770835
0 0.6449465274810791 0.4253504435221354 0.010714435577392578 0.019839647081163196
0 0.29792513847351076 0.608819580078125 0.012031841278076171 0.020387437608506944
2 0.1580421209335327 0.8457678900824653 0.025278806686401367 0.036027018229166666
0 0.47363805770874023 0.8586332533094618 0.011072349548339844 0.019296264648437502
0 0.17007842063903808 0.51917724609375 0.009768009185791016 0.018417527940538195
0 0.9228049278259277 0.2803452809651693 0.011092758178710938 0.020098283555772572
0 0.2822984218597412 0.1120345221625434 0.010537195205688476 0.01761322021484375
0 0.12528503316749584 0.6665284687672747 0.011660447761194037 0.015662428597751916
