1 0.22436540126800536 0.28905338287353516 0.03663620948791504 0.11432624816894532
2 0.7814962863922119 0.9472343444824219 0.02563505172729492 0.036380310058593754
1 0.08867106437683106 0.6672796630859376 0.03386681079864502 0.10124786376953125
0 0.4959219932556152 0.9348985290527344 0.012188434600830078 0.01872894287109375
0 0.3390315055847168 0.41191131591796876 0.01228647232055664 0.01764556884765625
0 0.8047252893447876 0.970897445678711 0.012010145187377929 0.018292694091796877
1 0.9038387298583984 0.5714817047119141 0.057529449462890625 0.10050033569335938
0 0.8337215423583985 0.3467926025390625 0.01078643798828125 0.01601715087890625
0 0.4269237995147705 0.6049281311035156 0.01235666275024414 0.01800811767578125
0 0.9324981689453125 0.5913299560546875 0.010499191284179688 0.0170709228515625
0 0.8720727920532226 0.6266717529296876 0.012380218505859375 0.01812255859375
0 0.010970826633274556 0.987616424560547 0.011447929963469505 0.01758636474609375
0 0.9283012390136719 0.6082414245605469 0.011200332641601562 0.017419891357421877
0 0.03789420127868652 0.8990174865722657 0.01296854019165039 0.020321960449218752
0 0.8494565963745117 0.5761712646484375 0.012393569946289063 0.01855316162109375
2 0.6680595397949218 0.11858375549316406 0.020865440368652344 0.027932281494140627
1 0.9573795318603515 0.04988563537597657 0.055649185180664064 0.029320983886718752
0 0.9872291564941406 0.7271450805664063 0.011384201049804688 0.018948822021484377
1 0.14104617834091188 0.7123196411132813 0.07444994449615479 0.0341650390625
0 0.9951974868774414 0.7245576477050781 0.0074977874755859375 0.0197705078125
0 0.5408442982456139 0.13969298245614034 0.011513157894736873 0.015350877192982467
