1 0.8685590744018554 0.20979896545410157 0.049338150024414065 0.12315231323242189
1 0.38020708560943606 0.5884476470947266 0.030047035217285155 0.12980316162109376
2 0.1809623956680298 0.20206008911132814 0.022538352012634277 0.04073028564453125
0 0.16848385334014893 0.42556045532226566 0.011532926559448242 0.018376159667968753
2 0.1503436326980591 0.8695326232910157 0.020935535430908203 0.033106384277343755
2 0.30134613513946534 0.43821914672851564 0.023247337341308592 0.03718505859375
0 0.3035890579223633 0.5660961151123047 0.011974430084228516 0.018292236328125003
2 0.7236996650695801 0.05088523864746094 0.025301170349121094 0.03851837158203125
0 0.114371919631958 0.6270533752441406 0.010923290252685547 0.0176007080078125
1 0.2743378639221191 0.27316688537597655 0.07241382598876953 0.04421432495117188
0 0.6152840614318847 0.6320599365234375 0.01096038818359375 0.01782958984375
2 0.06003277897834778 0.03305515289306641 0.023830735683441163 0.04552139282226563
0 0.30640215873718263 0.2616301727294922 0.01254568099975586 0.019087677001953126
0 0.9325309753417969 0.3825811767578125 0.011135101318359375 0.017468261718750003
0 0.9201747894287109 0.3829129028320313 0.01136016845703125 0.017057342529296877
