0 0.623887300491333 0.666247049967448 0.01316232681274414 0.023274739583333336
2 0.39410738945007323 0.3606644524468316 0.021402835845947266 0.03840264214409722
0 0.31450212001800537 0.7108401828342014 0.011556196212768554 0.01916876898871528
0 0.7174414157867431 0.0401930914984809 0.011728763580322266 0.020327928331163196
0 0.7309850692749024 0.37533916897243924 0.011191749572753906 0.019195217556423613
0 0.7938220500946045 0.24802496168348526 0.011170482635498047 0.019383070203993057
0 0.5388136863708496 0.8424103630913629 0.012956619262695312 0.021014573838975696
0 0.7283913612365722 0.19289156595865886 0.011092948913574218 0.018861813015407985
0 0.7381340026855469 0.5786539713541667 0.012219429016113281 0.020881822374131945
0 0.7298128128051757 0.9682132297092014 0.011760330200195313 0.02105780707465278
0 0.7625001907348633 0.48558663262261287 0.011260032653808594 0.017396545410156252
