2 0.6307291666666667 0.6407407407407407 0.02395833333333333 0.040740740740740744
2 0.8419270833333333 0.47222222222222227 0.024479166666666666 0.040740740740740744
1 0.5375 0.7087962962962964 0.028125 0.10833333333333334
1 0.42265625 0.046759259259259264 0.043229166666666666 0.03425925925925926
0 0.03177083333333333 0.9236111111111112 0.011458333333333333 0.017592592592592594
0 0.04192708333333333 0.9268518518518519 0.0109375 0.020370370370370372
0 0.03567708333333333 0.9421296296296297 0.011979166666666666 0.019444444444444445
0 0.22630208333333332 0.7189814814814816 0.0109375 0.017592592592592594
0 0.6510416666666666 0.09444444444444444 0.013541666666666667 0.020370370370370372
0 0.73125 0.21574074074074076 0.010416666666666666 0.022222222222222223
0 0.7401041666666667 0.22546296296296298 0.011458333333333333 0.021296296296296296
0 0.76015625 0.2657407407407408 0.011979166666666666 0.020370370370370372
0 0.903125 0.4800925925925926 0.009375 0.017592592592592594
0 0.89453125 0.487962962962963 0.009895833333333333 0.016666666666666666
0 0.9026041666666667 0.49583333333333335 0.009375 0.015740740740740743
