0 0.4303009510040283 0.36973098754882816 0.011580657958984376 0.018609771728515627
2 0.3030569076538086 0.9505503082275392 0.022651481628417968 0.03751388549804688
0 0.7698444366455078 0.1679388427734375 0.012331199645996094 0.018795318603515625
2 0.36941845417022706 0.4072966766357422 0.022874832153320312 0.0397796630859375
2 0.488371467590332 0.9062826538085939 0.02353668212890625 0.03327789306640625
2 0.3496618032455444 0.4199760437011719 0.01906280517578125 0.04160125732421875
2 0.48349037170410153 0.8714843750000001 0.026232242584228516 0.037049865722656256
1 0.3320863485336304 0.729589080810547 0.07976756095886231 0.034328765869140625
2 0.481986665725708 0.9457742309570313 0.030205917358398438 0.04200439453125
0 0.7824346542358398 0.5648188018798829 0.008928489685058594 0.013414306640625
1 0.45803194046020507 0.9495288085937501 0.02156543731689453 0.074722900390625
