1 0.7585546493530273 0.37599388122558597 0.053634262084960936 0.12054855346679688
0 0.8677155494689941 0.7863543701171876 0.011186790466308594 0.01783599853515625
0 0.44287738800048826 0.3376201629638672 0.01220855712890625 0.0193634033203125
0 0.3425349235534668 0.7419757080078125 0.012802505493164062 0.019670562744140627
0 0.19210096597671508 0.97877685546875 0.011878609657287598 0.01963409423828125
0 0.596429967880249 0.45161567687988285 0.01138916015625 0.01717010498046875
0 0.1461252450942993 0.9852876281738282 0.01162872314453125 0.01776397705078125
0 0.8863162994384766 0.5487658691406251 0.011707305908203125 0.01792022705078125
1 0.7721517562866211 0.10207859039306641 0.024024200439453126 0.1280352020263672
0 0.5496048927307129 0.18194858551025392 0.0125030517578125 0.019095840454101565
0 0.5391438484191895 0.21939159393310548 0.012969398498535156 0.01988189697265625
0 0.20748915672302246 0.5558683776855469 0.014115142822265624 0.022877502441406253
0 0.00378279872238636 0.9758113861083985 0.00756559744477272 0.020262603759765626
