1 0.4032520294189453 0.6226616753472223 0.08074684143066406 0.06255289713541667
2 0.23098413944244384 0.11279144287109376 0.02260284423828125 0.037642754448784725
0 0.9602195739746093 0.2503671434190538 0.01187286376953125 0.019656202528211805
0 0.10684729814529419 0.578403049045139 0.012779760360717773 0.02215372721354167
0 0.08457539081573487 0.6296542697482639 0.013545060157775879 0.023160468207465278
0 0.21908674240112305 0.9504653930664063 0.013939380645751953 0.021373155381944446
0 0.571135425567627 0.5593371921115452 0.013108444213867186 0.021667310926649308
0 0.6284493923187255 0.10859739515516494 0.01234140396118164 0.01988406711154514
0 0.38341994285583497 0.6909746805826823 0.011784553527832031 0.01921539306640625
0 0.358347225189209 0.904048326280382 0.012131023406982421 0.02105746799045139
0 0.05360214561223984 0.9467386881510417 0.012698176503181457 0.022519599066840278
0 0.5669564247131348 0.9385030110677084 0.011798477172851563 0.01989780002170139
0 0.616444206237793 0.8838855319552952 0.012152290344238282 0.019820658365885417
0 0.5468159675598144 0.0840958489312066 0.010430240631103515 0.017558119032118055
0 0.5674033164978027 0.26355879041883684 0.011908912658691406 0.021211412217881944
0 0.38830783367156985 0.4528780619303386 0.012582159042358399 0.021534898546006945
0 0.5109353065490723 0.9801342434353298 0.012352371215820312 0.019740804036458334
0 0.5774800300598144 0.7855926513671875 0.012517547607421875 0.020878431532118057
0 0.6405381202697754 0.06951039632161458 0.012066268920898437 0.0178802490234375
0 0.6142721176147461 0.4838910420735677 0.0108184814453125 0.018934800889756947
0 0.9109869003295898 0.6402628580729167 0.011166191101074219 0.02017822265625
0 0.913516616821289 0.19350429111056858 0.013217926025390625 0.022308858235677083
0 0.12099599838256836 0.8143534342447917 0.013658428192138672 0.02199367947048611
0 0.31296744346618655 0.2261935763888889 0.012876605987548828 0.020861307779947918
0 0.16750781536102294 0.937632327609592 0.012061262130737304 0.01787448459201389
0 0.9113266944885253 0.4433374192979601 0.011619758605957032 0.020900980631510416
0 0.6384364128112793 0.04782935248480903 0.012361621856689453 0.022494082980685764
0 0.050711673498153684 0.8501534356011285 0.012255716323852538 0.019785902235243055
0 0.3742332696914673 0.1643100314670139 0.01220388412475586 0.020622083875868058
0 0.9714192390441895 0.830905490451389 0.011870193481445312 0.01915859646267361
0 0.13348435163497924 0.8151465521918403 0.013425302505493163 0.024485270182291668
0 0.2871509075164795 0.7732726203070747 0.013053989410400391 0.02012939453125
0 0.16738911867141723 0.9182266235351563 0.010308337211608887 0.018510606553819444
0 0.12130546569824219 0.7941775851779515 0.014506912231445313 0.021489800347222223
0 0.8819709777832031 0.9218902587890625 0.013691329956054687 0.02139400906032986
0 0.6986935615539551 0.6351050482855903 0.011581802368164062 0.020635308159722223
0 0.5876886367797851 0.701957024468316 0.01201934814453125 0.017964341905381945
0 0.1780622959136963 0.9041475931803385 0.012482261657714844 0.01946377224392361
0 0.7895244598388672 0.009817398918999567 0.013169670104980468 0.019634797837999134
0 0.990916633605957 0.7216839260525174 0.012883377075195311 0.02258978949652778
0 0.34144456386566163 0.1434814453125 0.01148972511291504 0.021778784857855903
0 0.18237671852111817 0.394085693359375 0.008713626861572265 0.014275783962673611
0 0.5848214285714285 0.7199546485260772 0.011479591836734807 0.020408163265306114
0 0.179421768707483 0.9238473167044594 0.010629251700680253 0.016250944822373384
