1 0.39942991733551025 0.5717642211914062 0.05542092323303222 0.06450836181640625
1 0.8927759170532227 0.9531004333496095 0.043034934997558595 0.0905316162109375
1 0.2648665428161621 0.5610778045654298 0.034125471115112306 0.13604156494140626
2 0.37472963333129883 0.8639591979980469 0.024878597259521483 0.0416943359375
1 0.8817460060119628 0.8229254150390626 0.025374412536621094 0.11254943847656251
0 0.8606861114501952 0.7656266021728516 0.01207275390625 0.016927490234375002
2 0.21253023147583008 0.9761253356933595 0.020473480224609375 0.035685729980468754
1 0.8403865662173948 0.27073456308116084 0.03584559620290572 0.09799086529275647
0 0.9044677734375 0.10860637664794923 0.010815048217773437 0.014172286987304689
1 0.7181998695152392 0.6997751186204993 0.02562075352323241 0.09302849811056396
0 0.3563545924837252 0.36141041168118415 0.012523013174964485 0.018665244749086915
0 0.7193555375804073 0.26969531128371976 0.009620094299316406 0.013929748535156251
0 0.7259593963623047 0.8242844390869141 0.011493682861328125 0.017159576416015627
0 0.35350554695562436 0.34662022703818374 0.00983617131062952 0.013157894736842101
0 0.3573755159958721 0.31836945304437564 0.009513673890608901 0.014447884416924666
0 0.351812435500516 0.3326883384932921 0.01096491228070177 0.01573787409700723
0 0.36205172858617135 0.33410732714138286 0.00854618163054699 0.01651186790505676
1 0.7804574275362318 0.7576086956521738 0.06453804347826093 0.044927536231884065
0 0.7247053452855245 0.20285524568393093 0.011827689243027942 0.020584329349269577
0 0.7397493359893759 0.19588313413014607 0.009960159362549703 0.01660026560424967
0 0.9033657038512615 0.125332005312085 0.009337649402390487 0.01560424966799469
