2 0.059239500761032106 0.19950133429633246 0.02295844554901123 0.03964665730794271
2 0.43333921432495115 0.9193951076931424 0.026029682159423827 0.04863722059461806
0 0.3799854278564453 0.6617745293511285 0.012280464172363281 0.02185889350043403
0 0.015512100234627723 0.24474033779568144 0.012144320458173753 0.020895894368489584
1 0.3693375110626221 0.1566136678059896 0.06482133865356446 0.06600901285807292
0 0.6225406646728515 0.5708328247070312 0.011812782287597657 0.02046576605902778
0 0.04397059082984924 0.6880460951063369 0.012195050716400146 0.020955403645833336
0 0.6832150459289551 0.32841279771592885 0.011894416809082032 0.01934882269965278
0 0.11455078125 0.4920684814453125 0.011175417900085449 0.018851725260416667
0 0.38889451026916505 0.09438345167371961 0.013725090026855468 0.019805738661024308
0 0.9636852264404296 0.31643363104926214 0.012225341796875 0.019935438368055558
0 0.3381806373596191 0.7379642062717015 0.012779521942138671 0.02016635470920139
0 0.5694414138793945 0.27311151292588975 0.011092376708984376 0.017991553412543403
1 0.8293149948120117 0.5457755194769965 0.052393341064453126 0.03788587782118056
0 0.7965440273284912 0.08452724880642361 0.008222293853759766 0.01381166246202257
0 0.8366477272727272 0.18630751964085296 0.008522727272727338 0.017957351290684608
0 0.47332702020202017 0.9876543209876543 0.011679292929292906 0.019079685746352323
0 0.32762896825396826 0.5004409171075838 0.009920634920634915 0.017636684303350962
