2 0.5510416666666667 0.575925925925926 0.019791666666666666 0.031481481481481485
0 0.17317708333333334 0.9148148148148149 0.013020833333333334 0.020370370370370372
0 0.2817708333333333 0.7773148148148148 0.013541666666666667 0.021296296296296296
0 0.35052083333333334 0.8736111111111111 0.013541666666666667 0.021296296296296296
0 0.2791666666666667 0.6092592592592593 0.0125 0.018518518518518517
0 0.28489583333333335 0.6245370370370371 0.010416666666666666 0.017592592592592594
0 0.17369791666666667 0.513888888888889 0.011979166666666666 0.018518518518518517
0 0.2981770833333333 0.42685185185185187 0.0140625 0.018518518518518517
0 0.4536458333333333 0.38842592592592595 0.013541666666666667 0.02314814814814815
0 0.21979166666666666 0.3231481481481482 0.010416666666666666 0.020370370370370372
0 0.23098958333333333 0.008796296296296297 0.011979166666666666 0.015740740740740743
0 0.4356770833333333 0.24675925925925926 0.0109375 0.015740740740740743
0 0.49166666666666664 0.38472222222222224 0.013541666666666667 0.021296296296296296
0 0.60234375 0.39166666666666666 0.011979166666666666 0.018518518518518517
0 0.6463541666666667 0.36388888888888893 0.011458333333333333 0.022222222222222223
0 0.45729166666666665 0.9425925925925926 0.011458333333333333 0.014814814814814815
0 0.4513020833333333 0.9555555555555556 0.0078125 0.014814814814814815
0 0.66015625 0.8361111111111111 0.011979166666666666 0.020370370370370372
0 0.74765625 0.826388888888889 0.011979166666666666 0.019444444444444445
0 0.6526041666666667 0.6601851851851852 0.010416666666666666 0.020370370370370372
0 0.6567708333333333 0.6398148148148148 0.0125 0.018518518518518517
0 0.6658854166666667 0.6532407407407408 0.009895833333333333 0.017592592592592594
0 0.6979166666666666 0.6569444444444444 0.013541666666666667 0.02314814814814815
0 0.7861979166666666 0.6796296296296297 0.011979166666666666 0.020370370370370372
0 0.88828125 0.6537037037037037 0.013020833333333334 0.018518518518518517
0 0.9125 0.8268518518518518 0.0125 0.020370370370370372
0 0.9604166666666667 0.5439814814814815 0.011458333333333333 0.021296296296296296
