1 0.5133986473083496 0.9462269592285157 0.08055973052978516 0.053160400390625
0 0.8540699005126953 0.03755718231201172 0.012462234497070313 0.02016868591308594
2 0.14635963439941407 0.8803824615478516 0.02141413688659668 0.03416976928710938
0 0.7159453392028808 0.6477853393554688 0.012561416625976563 0.019052124023437502
0 0.6413661003112793 0.5280072021484375 0.012115192413330079 0.01850555419921875
0 0.6440835952758789 0.20899890899658205 0.01175384521484375 0.01836334228515625
2 0.9767972946166992 0.5012248229980469 0.022613143920898436 0.03661407470703125
0 0.01910923421382904 0.07656959533691407 0.01096709370613098 0.01727508544921875
2 0.9533205986022949 0.5044012451171875 0.022855758666992188 0.034777526855468754
0 0.48822660446166993 0.6517819976806641 0.012293815612792969 0.018769378662109377
2 0.9508474349975585 0.47098564147949223 0.02489776611328125 0.03093994140625
0 0.3527240753173828 0.5295204925537109 0.010092401504516601 0.01575927734375
0 0.7241054058074952 0.3546084594726563 0.011683082580566407 0.01809295654296875
0 0.3559864521026611 0.5441882324218751 0.010733699798583985 0.014962615966796875
0 0.5618685245513916 0.7461974334716798 0.011812591552734375 0.018201446533203127
0 0.8275667190551758 0.8961424255371094 0.013437271118164062 0.0154888916015625
0 0.7492143854748603 0.8731378026070764 0.01047486033519552 0.01722532588454366
