0 0.29389128684997556 0.35520225524902344 0.011748313903808594 0.018191986083984375
2 0.8806911468505859 0.5233062744140625 0.023407745361328124 0.037705078125
1 0.6681154251098633 0.3542131042480469 0.05500965118408203 0.026533203125
2 0.5568113327026367 0.8283154296875 0.022603988647460938 0.033053894042968754
0 0.00690966248512268 0.8856320190429688 0.013201385736465454 0.02006500244140625
2 0.6359885215759278 0.9682771301269532 0.024182224273681642 0.04062652587890625
1 0.10103444755077362 0.20486579895019533 0.06418142914772033 0.05154312133789063
1 0.21412134170532227 0.09734069824218751 0.041329050064086915 0.048563385009765626
2 0.6140673637390137 0.7526360321044923 0.022934341430664064 0.03594863891601563
1 0.9474151611328124 0.8133651733398438 0.023109245300292968 0.1309075927734375
2 0.6891995429992676 0.5968846130371094 0.022407341003417968 0.03375
2 0.658973503112793 0.6091473388671875 0.023630046844482423 0.03256256103515625
2 0.6450753211975098 0.6757964324951172 0.02515697479248047 0.03484115600585938
2 0.6711830139160156 0.6747212219238282 0.024531173706054687 0.034753723144531255
0 0.41846675872802735 0.34228363037109377 0.011363410949707031 0.017939453125
2 0.593141746520996 0.7404577636718751 0.022738075256347655 0.036878662109375
2 0.558405590057373 0.8630416870117188 0.023913764953613283 0.034842529296875
2 0.6451101303100586 0.6393927001953126 0.023190689086914063 0.034960937500000004
2 0.5179646492004395 0.9413883209228516 0.022345924377441408 0.029969482421875002
2 0.6745882987976074 0.640453109741211 0.023549938201904298 0.034288787841796876
2 0.5655240058898926 0.899048309326172 0.020194435119628908 0.0355303955078125
0 0.8059014320373535 0.46135337829589845 0.012234878540039063 0.01922821044921875
0 0.5079367637634278 0.6535096740722657 0.009733009338378906 0.0138568115234375
0 0.3164368152618408 0.8401948547363282 0.020210075378417968 0.023824462890625002
0 0.26201305389404295 0.32916980743408203 0.01228938102722168 0.018344802856445314
0 0.7541635513305665 0.09649185180664063 0.013504600524902344 0.021992034912109375
2 0.6557662963867188 0.9922640228271485 0.02123680114746094 0.015471954345703125
