1 0.3500596284866333 0.5539233398437501 0.07415194511413574 0.06971588134765626
1 0.87767333984375 0.9715605926513673 0.05338001251220703 0.05573196411132813
2 0.4711607933044433 0.15798099517822267 0.024415206909179688 0.038730621337890625
0 0.5690601348876954 0.8742082214355469 0.012373733520507812 0.01882904052734375
0 0.020915934443473817 0.044816589355468756 0.012696117162704468 0.01856658935546875
0 0.6138425827026367 0.16733665466308595 0.01132030487060547 0.017767486572265626
0 0.9762859344482422 0.5225035858154298 0.011690521240234375 0.0174749755859375
0 0.6735324859619141 0.21268630981445313 0.01070709228515625 0.0166729736328125
0 0.8048385620117188 0.8803329467773439 0.013737678527832031 0.020415802001953125
0 0.17388930320739746 0.17502853393554688 0.010959720611572266 0.018659820556640627
