1 0.3961436986923218 0.6709018707275392 0.06079144477844238 0.07979232788085938
0 0.6561278343200684 0.3352019500732422 0.012741661071777344 0.01960723876953125
1 0.20451107621192932 0.5846570587158203 0.05980309247970581 0.07357772827148439
1 0.29045634269714354 0.058364114761352545 0.02418861389160156 0.1090833854675293
0 0.16856263875961303 0.5708316040039063 0.01220376491546631 0.019666137695312502
0 0.17225826978683473 0.6462593078613281 0.012236070632934571 0.017945861816406252
2 0.7070430755615235 0.808365478515625 0.024805068969726562 0.03919281005859375
1 0.9462491989135742 0.04292129516601563 0.08612308502197266 0.035410766601562504
1 0.6847461700439453 0.5805890655517578 0.045766448974609374 0.15870803833007813
1 0.9033038139343261 0.20813716888427736 0.022206497192382813 0.09939277648925782
0 0.8964015960693359 0.6124864959716797 0.010879135131835938 0.014213409423828125
0 0.8863779067993164 0.6002001190185547 0.011862564086914062 0.017800598144531252
0 0.8922801971435547 0.5975585937500001 0.011205291748046875 0.01664306640625
0 0.27945656446540873 0.020047169811320754 0.011055424528301867 0.017295597484276733
