1 0.3654303073883057 0.20068647596571182 0.04997825622558594 0.05429721408420139
1 0.6895639419555664 0.5977929009331597 0.07079353332519531 0.02857394748263889
0 0.6164702415466309 0.49159317016601567 0.01251373291015625 0.019977654351128474
0 0.7152103424072266 0.07257054646809896 0.012997627258300781 0.01931644015842014
1 0.11609995365142822 0.0451814439561632 0.014742422103881835 0.0903628879123264
0 0.2719712257385254 0.3614267985026042 0.011709976196289062 0.0200836181640625
2 0.25248610973358154 0.5676847669813369 0.023676252365112303 0.04349738226996528
0 0.7272278785705566 0.8217074924045139 0.011043167114257813 0.01690707736545139
0 0.5612157821655274 0.44399244520399306 0.010805320739746094 0.018354966905381947
0 0.9787053108215332 0.9696914672851563 0.010602951049804688 0.018452284071180557
0 0.572408390045166 0.12418543497721354 0.011788749694824218 0.021090020073784722
0 0.980549144744873 0.8178755866156684 0.00955657958984375 0.019549560546875
0 0.6320889949798584 0.8756054348415799 0.011099815368652344 0.020688374837239586
0 0.9864326131687242 0.8083752476756593 0.010502400548696755 0.016384697454656323
0 0.5675154320987654 0.9438347812833409 0.011145404663923249 0.01676573693034592
