1 0.7549117565155029 0.507914276123047 0.04545583724975586 0.1173992919921875
2 0.8954866409301757 0.2635430145263672 0.02347259521484375 0.037231216430664064
1 0.8764505386352539 0.858755340576172 0.06609039306640625 0.0760760498046875
2 0.10618393123149872 0.8210273742675782 0.021272188425064086 0.03479400634765625
0 0.02271776497364044 0.562610855102539 0.012582814693450928 0.017888946533203127
0 0.934507656097412 0.2902298736572266 0.012578010559082031 0.017593994140625
0 0.13473023176193238 0.8854478454589845 0.01141512393951416 0.01633880615234375
0 0.18742527961730956 0.3238910293579102 0.01196599006652832 0.018072433471679687
0 0.6840087890625 0.2848036193847656 0.0103424072265625 0.017722015380859376
0 0.0753091037273407 0.4950839233398438 0.01253669261932373 0.018597717285156252
