1 0.13640954494476318 0.2098681640625 0.035729169845581055 0.105921630859375
0 0.32846531867980955 0.12382762908935548 0.012103080749511719 0.018600311279296875
1 0.7750997543334961 0.38558837890625003 0.022406959533691408 0.13656585693359377
0 0.3352177143096924 0.5306793212890626 0.010285472869873047 0.015496215820312501
0 0.5610970020294189 0.40628967285156253 0.011600780487060546 0.0185150146484375
0 0.26995234489440917 0.28199172973632813 0.011650753021240235 0.01833610534667969
0 0.5480841636657715 0.047541961669921876 0.014357566833496094 0.02072906494140625
1 0.1680487594829484 0.41986282046708523 0.025346544961043865 0.14048744886796044
0 0.14903169870376587 0.8060070037841798 0.01266636848449707 0.018601684570312502
0 0.17599949836730958 0.9896932983398438 0.011971187591552735 0.0176318359375
0 0.08731579780578613 0.20207099914550783 0.013307535648345947 0.020703582763671877
0 0.8121689796447754 0.2739812469482422 0.010866355895996094 0.01590423583984375
0 0.6655165672302246 0.27729446411132813 0.00981731414794922 0.01515769958496094
0 0.8098112106323242 0.2564775085449219 0.01156005859375 0.01482940673828125
0 0.8017627477645873 0.2704708862304688 0.010786485671997071 0.017475738525390624
1 0.16645262557077628 0.5 0.0242579908675799 0.13165905631659058
0 0.08143074581430748 0.33999238964992395 0.01165334855403349 0.018645357686453586
