1 0.6524504661560059 0.14886886596679688 0.05215892791748047 0.0757452392578125
0 0.25492348670959475 0.7868197631835938 0.012600135803222655 0.01858184814453125
0 0.005922144278883934 0.8433813476562501 0.011692451685667038 0.020901794433593752
0 0.6439363479614257 0.6664686584472657 0.012504959106445312 0.01900390625
0 0.5492286682128906 0.10561698913574219 0.012929344177246093 0.018708648681640627
0 0.04305826127529144 0.8256690979003907 0.012250107526779175 0.018933410644531252
1 0.6309599876403809 0.5082112121582032 0.026704978942871094 0.056115112304687506
0 0.21384315490722655 0.5387026977539063 0.013080120086669922 0.01935455322265625
0 0.7899929523468018 0.631218490600586 0.011040973663330077 0.01706329345703125
0 0.3902907848358154 0.5414523315429688 0.011853694915771484 0.018662109375000003
0 0.13431408405303955 0.657437973022461 0.01377854347229004 0.017976074218750002
0 0.21069869995117188 0.07865520477294922 0.012276554107666015 0.019296798706054687
1 0.3885778903961182 0.8862620544433595 0.021387577056884766 0.08512054443359375
0 0.1416824460029602 0.6213729858398438 0.012463641166687012 0.019720458984375
0 0.13077642917633056 0.6750563049316407 0.011998581886291503 0.017254791259765628
0 0.862300968170166 0.04639713287353516 0.01198577880859375 0.018335800170898437
0 0.8518732070922851 0.3186075592041016 0.012376022338867188 0.018647537231445313
0 0.09928193092346191 0.7071533203125 0.011824870109558105 0.018808288574218752
