1 0.6179552555084229 0.37139640808105473 0.05781354904174805 0.06049087524414063
2 0.46688337326049806 0.6323475646972657 0.026892852783203126 0.037439880371093755
2 0.8041090250015258 0.2901730728149414 0.023139524459838866 0.03839141845703125
2 0.6475906372070312 0.5178661346435547 0.02438201904296875 0.044542694091796876
2 0.11729834079742431 0.4355295562744141 0.023174619674682616 0.034144439697265626
2 0.7807578563690185 0.2956071472167969 0.023107337951660156 0.039040832519531256
2 0.8896533012390136 0.5533248138427734 0.020262527465820312 0.03529281616210938
0 0.9193599700927734 0.5019619750976563 0.012030792236328126 0.01824798583984375
0 0.9028205871582031 0.17554107666015625 0.011130714416503906 0.018818206787109375
0 0.957322883605957 0.5675656890869141 0.009272384643554687 0.01520263671875
0 0.9483312606811524 0.557412338256836 0.010680389404296876 0.017393646240234376
0 0.8765956878662109 0.567780990600586 0.010362815856933594 0.016450500488281252
1 0.38227009773254395 0.41260948181152346 0.033925533294677734 0.052256011962890626
0 0.9506655092592593 0.640914351851852 0.009765625 0.01678240740740743
0 0.9514793113425926 0.5873842592592593 0.0095847800925925 0.015625
