2 0.3223581075668335 0.6252723693847657 0.02839970588684082 0.040885009765625
2 0.22112469673156737 0.3136521148681641 0.02673654556274414 0.04396163940429688
2 0.8715019226074219 0.7106541442871094 0.02773284912109375 0.042647705078125
2 0.00900006890296936 0.6074850463867187 0.017993557453155517 0.04255661010742188
2 0.6346451759338378 0.3009318542480469 0.026984214782714844 0.04352294921875
2 0.857146167755127 0.7537554931640625 0.02562294006347656 0.041947326660156256
0 0.7604888916015625 0.2626401138305664 0.011485576629638672 0.017500534057617187
2 0.03751045167446136 0.6927911376953125 0.02462756633758545 0.043453063964843754
2 0.07362303733825684 0.7330490112304688 0.023967981338500977 0.04268646240234375
2 0.024440041556954385 0.8221932220458985 0.02419878765940666 0.03749176025390625
2 0.04201340079307556 0.7932947540283204 0.025069200992584226 0.04106903076171875
1 0.6824268341064453 0.85466064453125 0.013853073120117188 0.10651596069335938
2 0.06461429595947266 0.6931266784667969 0.028564047813415528 0.036547241210937505
2 0.8417826652526855 0.7223670959472657 0.025624847412109374 0.04080810546875
2 0.850927734375 0.6589927673339844 0.02367057800292969 0.04858062744140625
2 0.03650682643055916 0.737106170654297 0.025473533570766448 0.03917861938476563
2 0.0064450368285179135 0.9826729202270509 0.012890073657035827 0.03465415954589844
2 0.016978343948721886 0.7676948547363281 0.02467852309346199 0.04038238525390625
2 0.06571468114852905 0.7708409118652344 0.02677514553070068 0.032763977050781254
