1 0.6153459072113037 0.6342706468370226 0.04723167419433594 0.14306572808159723
2 0.6924298286437989 0.7512040032280817 0.025179100036621094 0.048562113444010416
2 0.6062754631042481 0.2282808091905382 0.02380714416503906 0.04053887261284722
2 0.5921361923217774 0.41016489664713546 0.025870323181152344 0.042966206868489586
2 0.5389147758483886 0.43463244967990455 0.023424148559570312 0.046241082085503475
2 0.5488721847534179 0.29072324964735247 0.023266983032226563 0.04097408718532986
2 0.5483933925628662 0.3687104966905382 0.025274658203124998 0.037571546766493054
2 0.5597519397735595 0.40798831515842016 0.024846649169921874 0.04300164116753472
0 0.1325944185256958 0.3689944797092014 0.012350845336914062 0.021158515082465277
2 0.5333538587848933 0.3192848020434227 0.018986042692939204 0.038314176245210704
