1 0.9475361824035644 0.12258819580078126 0.021131515502929688 0.10826904296875
0 0.8773846626281738 0.7734234619140625 0.011831283569335938 0.0190618896484375
0 0.05667378902435303 0.5297119140625001 0.011604952812194824 0.0171917724609375
0 0.9696254730224609 0.8688647460937501 0.012427711486816406 0.017758483886718752
2 0.29888200759887695 0.557822265625 0.02100820541381836 0.033268585205078124
0 0.47669086456298826 0.7660169219970704 0.011214256286621094 0.01790679931640625
2 0.1778839111328125 0.7574896240234376 0.02198195457458496 0.03632354736328125
2 0.3146989107131958 0.5758460998535156 0.023297595977783202 0.03764373779296875
0 0.19887397289276124 0.9156878662109376 0.011569595336914063 0.018227844238281252
0 0.48972444534301757 0.16376609802246095 0.011426925659179688 0.016002960205078125
2 0.16011861562728882 0.7766682434082032 0.020254850387573242 0.039200439453125
2 0.1756441593170166 0.7936465454101563 0.02499217987060547 0.034816589355468754
0 0.5132978916168213 0.06118053436279297 0.012093830108642577 0.01887077331542969
0 0.4860863095238095 0.17833333333333334 0.00907738095238096 0.015238095238095233
0 0.9491815476190477 0.36119047619047623 0.009077380952380901 0.016190476190476207
0 0.6675538906414301 0.46109358569926395 0.008215036803364958 0.012618296529968518
