0 0.27771313190460206 0.04458343505859375 0.012089252471923828 0.018138885498046875
0 0.2602583885192871 0.792495346069336 0.012938404083251953 0.020242462158203127
0 0.24033966064453124 0.032134895324707036 0.012598896026611328 0.019433822631835938
0 0.34749815464019773 0.24595886230468753 0.012578392028808593 0.017949676513671877
2 0.7674093246459961 0.7339747619628907 0.02631683349609375 0.038741455078125
0 0.08123761415481567 0.17346214294433596 0.012507009506225585 0.018466796875
0 0.443419075012207 0.3890034484863282 0.01136188507080078 0.017862396240234377
0 0.16870615482330323 0.8817701721191407 0.01181497573852539 0.0186676025390625
0 0.2177906036376953 0.03977073669433594 0.012014484405517578 0.01747611999511719
0 0.057684522867202756 0.10703243255615236 0.012661409378051757 0.020529098510742187
0 0.06515295505523681 0.11711093902587891 0.011015033721923828 0.018230743408203125
0 0.0726025963149079 0.29983249581239535 0.01073073701842547 0.01758793969849246
