1 0.2530954599380493 0.5852418687608507 0.02674760818481445 0.14735276963975694
2 0.8416793823242187 0.42485605875651045 0.023582267761230468 0.035327148437500004
1 0.4435407161712646 0.9649664984809028 0.03278217315673828 0.07006700303819445
0 0.5445236206054688 0.4465345594618056 0.010153579711914062 0.019067382812500002
0 0.4558727264404297 0.7622634887695313 0.010507965087890625 0.017664591471354168
0 0.5443048477172852 0.4696488274468316 0.010683059692382812 0.017237345377604168
0 0.37839374542236326 0.8460617065429688 0.010629558563232422 0.0174285888671875
0 0.08248217701911927 0.257343504163954 0.013042044639587401 0.021302880181206598
0 0.5628211021423339 0.4347057766384549 0.010949420928955077 0.018720160590277778
0 0.8740782737731934 0.7606981065538194 0.012420082092285156 0.02081671820746528
0 0.38839738368988036 0.837003411187066 0.009444141387939453 0.0162017822265625
0 0.8730902777777778 0.7412037037037037 0.009722222222222262 0.016358024691358095
0 0.5499976432880844 0.4268895592425005 0.012372737556561 0.01969163733869613
0 0.5550056561085974 0.4474191385956093 0.008484162895927601 0.014663985252220534
