0 0.09253277182579041 0.4296540069580078 0.011445534229278565 0.017730255126953125
0 0.041874295473098753 0.7882682800292969 0.011622786521911621 0.017886962890625
0 0.38254566192626954 0.6322584533691407 0.012537574768066407 0.01980804443359375
0 0.8767898559570312 0.32765998840332033 0.011365509033203125 0.017772979736328125
2 0.7358800888061523 0.15731006622314453 0.027066802978515624 0.04392723083496094
1 0.12602522373199462 0.6210338592529298 0.07745778560638428 0.0279644775390625
0 0.04004707634449005 0.7223199462890626 0.01114814281463623 0.018013916015625003
0 0.25313496589660645 0.22134571075439455 0.013575267791748046 0.020341491699218752
0 0.5624748389694042 0.13828502415458938 0.00930958132045087 0.018115942028985497
0 0.7007347020933977 0.05354267310789051 0.010064412238325222 0.018518518518518524
