1 0.7756885528564453 0.7621858384874132 0.04435930252075195 0.13926832411024306
0 0.4548041343688965 0.7945882161458334 0.011728286743164062 0.020288594563802085
2 0.44348440170288084 0.16770718892415365 0.024080944061279298 0.04397956000434028
0 0.7976066589355468 0.10621935526529948 0.011793708801269532 0.022112274169921876
0 0.1478130340576172 0.18306833902994793 0.011218547821044922 0.019861857096354168
0 0.18886208534240723 0.5857056511773003 0.013063621520996093 0.02220730251736111
0 0.023419523239135744 0.02413037618001302 0.012216240167617798 0.02216135660807292
0 0.30089271068573 0.1404290517171224 0.012667369842529296 0.02087224324544271
0 0.8813400268554688 0.4162175496419271 0.00900859832763672 0.017173258463541667
0 0.9039085388183593 0.4188507927788629 0.010485076904296875 0.015405103895399307
0 0.7844441413879395 0.8279780917697483 0.013202857971191405 0.01539577907986111
0 0.7109788359788359 0.1450617283950617 0.010747354497354422 0.019106407995296882
0 0.13516865079365079 0.7281746031746033 0.010747354497354481 0.018371546149323962
