1 0.6919785976409912 0.9751766967773439 0.06550788879394531 0.049646606445312505
1 0.17798010110855103 0.9773640441894532 0.08208644390106201 0.04527191162109375
0 0.05935322046279907 0.35307640075683594 0.01112058162689209 0.016410369873046875
1 0.3183748722076416 0.40603347778320314 0.018416404724121094 0.120631103515625
0 0.6594865798950196 0.9324645233154297 0.012149810791015625 0.017470550537109376
0 0.6094151496887207 0.5965565490722656 0.012186908721923828 0.01807830810546875
0 0.9516781806945801 0.5900637817382813 0.010791969299316407 0.01706756591796875
1 0.14077227115631102 0.6719412231445313 0.030563831329345703 0.13959259033203125
0 0.021880823373794555 0.8759361267089845 0.012025737762451172 0.019303283691406253
0 0.05251314640045166 0.4996652984619141 0.013419663906097412 0.020410919189453126
0 0.1945035934448242 0.7236569213867188 0.009917163848876953 0.015469055175781251
0 0.20640344619750975 0.7269343566894532 0.011699056625366211 0.017024688720703125
0 0.7502297794117647 0.15778186274509803 0.007659313725490217 0.010416666666666668
