0 0.8335641860961914 0.18880722045898438 0.012292861938476562 0.0189501953125
1 0.29509994983673093 0.13881961822509767 0.08236861228942871 0.061059875488281255
2 0.26047391891479493 0.2131302642822266 0.022484636306762694 0.03321212768554688
0 0.393294095993042 0.49395385742187503 0.011720418930053711 0.016898193359375
1 0.33510117530822753 0.7712765502929688 0.08927450180053711 0.0335211181640625
0 0.01780148446559906 0.32425186157226565 0.01169702410697937 0.018150787353515625
1 0.18144630193710326 0.04123092651367188 0.078999924659729 0.026838836669921876
0 0.7919341087341308 0.1785394287109375 0.011672210693359376 0.018564453125
0 0.22274208068847656 0.37364471435546875 0.011329889297485352 0.0182562255859375
2 0.3514603614807129 0.06034866333007813 0.02253589630126953 0.03822830200195313
0 0.6277718544006348 0.45221389770507814 0.010824203491210938 0.016432952880859376
0 0.5055397510528564 0.851690673828125 0.011582374572753906 0.01807647705078125
1 0.6772900581359863 0.9091882324218751 0.08799533843994141 0.026641845703125
2 0.3751441717147827 0.05109718322753907 0.02130913734436035 0.03383804321289063
0 0.9463956832885742 0.10751502990722657 0.011923980712890626 0.017393798828125
0 0.6281752586364746 0.46964675903320313 0.011121368408203125 0.016748199462890627
1 0.6449294567108155 0.7529804992675782 0.03511466979980469 0.08432739257812501
0 0.2638838768005371 0.16276599884033205 0.014348411560058593 0.019724578857421876
0 0.7005197525024414 0.28149070739746096 0.012206077575683594 0.018578796386718752
0 0.30634729853479853 0.41964285714285715 0.010588369963369952 0.013278388278388321
