1 0.7029136657714844 0.2643016815185547 0.02865180969238281 0.1313397725423177
2 0.10215286016464233 0.1114073011610243 0.02625746726989746 0.043010881212022574
1 0.19169244766235352 0.7719200981987847 0.027501773834228516 0.12929178873697916
0 0.5826479911804199 0.36130320231119795 0.011375045776367188 0.01932593451605903
2 0.46511039733886717 0.7522181193033854 0.02392101287841797 0.03858608669704861
0 0.24215435981750488 0.28554064432779946 0.011099529266357423 0.019785308837890626
0 0.7640433311462402 0.20265757242838542 0.01145172119140625 0.019953748914930555
0 0.763638973236084 0.3630247328016493 0.01213245391845703 0.021269734700520834
0 0.8257095336914062 0.868874274359809 0.012982368469238281 0.021752929687500002
0 0.8412717819213867 0.9821554395887587 0.01150665283203125 0.020349290635850694
0 0.7095022201538086 0.1698473612467448 0.012476921081542969 0.02088105943467882
0 0.7340509414672851 0.30337838066948786 0.01322784423828125 0.02113189697265625
0 0.2979753017425537 0.9509658813476562 0.010987091064453124 0.017718166775173613
0 0.6624849796295166 0.6625319586859809 0.010482597351074218 0.017575920952690973
0 0.21490951178451176 0.26833215806977473 0.008592873176206517 0.015648939877410294
0 0.14134399551066218 0.26275096645467017 0.009469696969696942 0.013717421124828554
0 0.09434624017957349 0.3670345429604689 0.00982042648709315 0.017770295548073304
0 0.07417929292929291 0.40101633620152144 0.009469696969696972 0.017770295548073304
0 0.06418350168350168 0.40506921062476625 0.008417508417508412 0.014652699837885018
0 0.2321829405162738 0.28519765556802595 0.008066778900112256 0.01683501683501684
0 0.23358585858585856 0.3032797106871181 0.008768237934904614 0.015587978550941536
0 0.22236251402918067 0.2530864197530865 0.009469696969696942 0.016211497692979214
0 0.39579826038159366 0.6557239057239058 0.009469696969696942 0.021511410400299375
0 0.3744037598204264 0.6725589225589227 0.010171156004489331 0.016523257263998056
0 0.5512838084795322 0.8623700454840805 0.008908991228070207 0.016650422352176765
0 0.7496801900584794 0.9673489278752436 0.011421783625730934 0.021929824561403553
0 0.7090186403508771 0.5581952566601689 0.012335526315789498 0.022335932423651752
0 0.7356313961988303 0.5561647173489279 0.010279605263157876 0.01746263807667316
0 0.8466511330409356 0.25402046783625737 0.00936586257309943 0.015838206627680314
0 0.39800347222222227 0.20493827160493827 0.008506944444444465 0.01604938271604939
