2 0.42026171684265134 0.42969795227050783 0.02228059768676758 0.039194946289062504
2 0.9155854225158692 0.05355381011962891 0.02390766143798828 0.03826248168945313
0 0.1649348258972168 0.9144140625 0.010607051849365234 0.016979980468750003
2 0.6873749732971192 0.3291172790527344 0.02478179931640625 0.04029022216796875
2 0.9810585021972656 0.6625714111328126 0.02365264892578125 0.0361328125
0 0.19736567735671998 0.7613441467285157 0.01281120777130127 0.01880218505859375
0 0.2512343406677246 0.9648464965820314 0.012802886962890624 0.017459259033203126
0 0.9885902404785156 0.8582769775390625 0.020742416381835938 0.031589050292968754
0 0.23656926155090333 0.9371351623535157 0.011516571044921875 0.01727294921875
0 0.24856888138138136 0.9438813813813814 0.009618993993993996 0.01764264264264265
