0 0.2178239345550537 0.8875651550292969 0.012383747100830077 0.0178936767578125
0 0.10391632318496703 0.4080484771728516 0.012193846702575683 0.018769226074218753
1 0.29113283157348635 0.41651611328125004 0.021266984939575195 0.09298889160156251
2 0.6652053356170654 0.6206595611572266 0.02362794876098633 0.03752212524414063
1 0.25946455001831054 0.2438365936279297 0.020879125595092772 0.08796112060546876
0 0.14454970359802247 0.12881988525390625 0.011649847030639648 0.01713134765625
0 0.11383852958679198 0.5241087341308595 0.011444664001464844 0.017583770751953127
0 0.14154741764068604 0.14783462524414062 0.012270689010620117 0.0196942138671875
0 0.1294044017791748 0.14721275329589845 0.011842107772827149 0.018445892333984377
0 0.13403619527816774 0.1296647644042969 0.011785316467285156 0.016818618774414065
0 0.29941821098327637 0.04217170715332032 0.012109661102294922 0.019238128662109378
1 0.48477916717529296 0.6400341796875001 0.036437606811523436 0.026428527832031253
0 0.7208512329760893 0.9611923839427808 0.010907745361328125 0.017057189941406252
1 0.17382800579071045 0.6733511352539063 0.030671119689941406 0.06212646484375001
0 0.7143132716049382 0.9771604938271605 0.010416666666666666 0.015432098765432065
0 0.724344135802469 0.9787037037037036 0.010030864197530794 0.016049382716049273
