2 0.3065983295440674 0.8175846862792969 0.023366880416870118 0.043977661132812505
2 0.8582324981689453 0.08712692260742189 0.023966217041015626 0.041544952392578126
2 0.21802668571472167 0.1495538330078125 0.024345016479492186 0.03616790771484375
2 0.3639034032821655 0.25353515625 0.02147397994995117 0.03511764526367188
2 0.3234178781509399 0.2699424743652344 0.025890398025512695 0.04035736083984375
2 0.8771313667297364 0.05271804809570313 0.026731491088867188 0.04286178588867188
2 0.34624309539794923 0.2791426086425781 0.02070198059082031 0.03031494140625
2 0.4193836212158203 0.2771995544433594 0.018491554260253906 0.03746170043945313
0 0.41281452178955075 0.6801632690429688 0.012434005737304688 0.017136840820312502
0 0.4042645931243896 0.6647956848144532 0.010396289825439452 0.018323974609375
2 0.18853012323379517 0.1687105941772461 0.030745720863342284 0.04208175659179688
0 0.4152731418609619 0.6617837524414063 0.013865184783935546 0.020512695312500002
