1 0.8758757591247558 0.6953350830078125 0.043528175354003905 0.12213562011718751
0 0.29326229095458983 0.5768226623535156 0.012242794036865234 0.018611602783203125
0 0.1681313395500183 0.09063972473144531 0.012685585021972656 0.019596099853515625
0 0.9353097915649414 0.9857711791992189 0.01260833740234375 0.018804321289062502
0 0.1032199889421463 0.17751449584960938 0.01196550726890564 0.019082641601562502
0 0.05662890672683716 0.28416381835937504 0.0112257719039917 0.01758056640625
2 0.4741786956787109 0.10998886108398438 0.022864532470703126 0.03495956420898438
2 0.978969383239746 0.5015557861328125 0.024733924865722658 0.040912170410156254
0 0.5031892776489257 0.1748177719116211 0.011132240295410156 0.016511001586914063
0 0.0906394064426422 0.39005340576171876 0.012580311298370362 0.019141845703125
1 0.3714138031005859 0.5775021362304688 0.0244964599609375 0.047089843750000006
0 0.09088630676269531 0.4084349060058594 0.012719452381134033 0.0176495361328125
0 0.3931291580200195 0.43202728271484375 0.009508132934570312 0.012379455566406251
0 0.9880684852600098 0.4652727508544922 0.012250328063964843 0.017930755615234377
0 0.09171283841133118 0.40008728027343754 0.01289011240005493 0.018285217285156252
