1 0.36617112159729004 0.6302943420410156 0.07334384918212891 0.06868438720703125
1 0.36824941635131836 0.7872117614746095 0.08312721252441406 0.07034194946289063
0 0.24138023853302001 0.6771778869628907 0.012533998489379883 0.0191864013671875
0 0.7284675598144531 0.6280656433105469 0.012287139892578125 0.01884765625
1 0.8482742309570312 0.8359260559082031 0.034048271179199216 0.10586273193359376
0 0.5933178901672364 0.5931278991699219 0.01084451675415039 0.016774902343750002
0 0.9675990104675293 0.8948223876953125 0.010736846923828125 0.0169403076171875
1 0.8036443948745727 0.3491294097900391 0.055218076705932616 0.042178802490234375
1 0.43986424207687375 0.2949797058105469 0.08131849765777588 0.03530288696289063
1 0.10726058781147003 0.3575802421569824 0.03967022299766541 0.10144870758056641
1 0.47268953323364254 0.15524276733398437 0.04754791259765625 0.0879931640625
