1 0.6048517227172852 0.30905860900878906 0.044707202911376955 0.10606948852539064
0 0.38951430320739744 0.9725164794921876 0.010945987701416016 0.0178857421875
0 0.4129885673522949 0.8392422485351563 0.01095409393310547 0.01647003173828125
2 0.32749946117401124 0.5109097290039063 0.0197695255279541 0.028863525390625002
2 0.3003014087677002 0.4613540649414063 0.023602628707885744 0.03703201293945313
2 0.3203441143035889 0.4098667144775391 0.016237926483154298 0.026513214111328127
2 0.34676953421698675 0.4783623250325521 0.023068666458129883 0.031159057617187503
2 0.3453447580337524 0.41493667602539064 0.018131494522094727 0.0395556640625
2 0.3233440505133735 0.4561223347981771 0.01909666061401367 0.028141784667968753
0 0.402130991285403 0.8371459694989108 0.009872004357298477 0.015250544662309363
