2 0.7938667297363281 0.03200328826904297 0.02412872314453125 0.0346990966796875
2 0.2852802753448486 0.7623184967041016 0.025177764892578124 0.0315948486328125
2 0.18040835857391357 0.5303894042968751 0.023684024810791016 0.03841827392578125
2 0.40389046669006345 0.6064164733886719 0.01227874755859375 0.019304199218750002
0 0.3527976036071777 0.20367507934570314 0.01230030059814453 0.01958000183105469
0 0.05584200024604797 0.5501698303222656 0.010901319980621337 0.017698974609375
0 0.47096338272094723 0.29665752410888674 0.01170196533203125 0.017711944580078125
0 0.4663435935974121 0.6236687469482423 0.011754989624023438 0.018008880615234375
0 0.4578927993774414 0.2167546081542969 0.010024356842041015 0.016237945556640626
0 0.9378875732421875 0.8378277587890626 0.010434722900390625 0.0158837890625
0 0.06526877880096435 0.5569921875 0.010959935188293458 0.01693206787109375
0 0.5727725028991699 0.26202442169189455 0.011668777465820313 0.01773284912109375
2 0.14938247203826904 0.5128758239746094 0.019405841827392578 0.028341064453125002
2 0.15649847984313964 0.4712739562988282 0.020215606689453124 0.03162109375
0 0.8675924301147461 0.7020928955078125 0.011788558959960938 0.0190081787109375
0 0.2038278818130493 0.029313354492187502 0.011041641235351562 0.0172613525390625
0 0.7557300567626953 0.3164964294433594 0.010993766784667968 0.015618743896484375
0 0.611547327041626 0.635426254272461 0.01021718978881836 0.015688934326171876
0 0.8447294235229492 0.2127825164794922 0.010911941528320312 0.01695953369140625
1 0.21050011197126892 0.6390991931704422 0.050973004512052 0.11236924061224093
0 0.16937766075134278 0.36166702270507817 0.011862945556640626 0.018715515136718753
0 0.8533291457286433 0.22361809045226136 0.00863693467336688 0.01675041876046905
0 0.12848094639866 0.7204773869346733 0.009945561139028506 0.015494137353433834
0 0.19823073701842547 0.8735343383584591 0.012824539363484088 0.015912897822445492
0 0.9258270519262981 0.6153685092127303 0.011254187604690102 0.01884422110552767
