1 0.22824397087097167 0.8712263488769532 0.04432382583618164 0.06750732421875
0 0.3219605922698975 0.951086883544922 0.011833572387695312 0.019906005859375003
2 0.3134794235229492 0.5732057189941406 0.022250556945800783 0.0356280517578125
1 0.7020559310913086 0.38506713867187503 0.051011180877685545 0.13067596435546877
2 0.9941830158233642 0.9014643859863282 0.011633968353271485 0.03754409790039063
2 0.9577753067016601 0.8977746582031251 0.02623138427734375 0.0398846435546875
1 0.685822582244873 0.3842640495300293 0.019875144958496092 0.12572788238525393
2 0.1704823613166809 0.9618832397460938 0.024587178230285646 0.039273681640625
1 0.9759309768676757 0.5089361572265625 0.025427627563476562 0.11284759521484376
0 0.8139688491821289 0.3921418762207031 0.011222457885742188 0.016824645996093752
0 0.6593709945678711 0.05842987060546875 0.011733245849609376 0.01837158203125
2 0.9723279953002929 0.9267704772949219 0.01974639892578125 0.036481170654296874
0 0.1991792929292929 0.15000000000000002 0.009469696969696972 0.014141414141414142
0 0.8790600393700787 0.31988188976377957 0.011893044619422592 0.0190288713910761
0 0.9495980971128608 0.2824803149606299 0.012713254593175804 0.017716535433070866
