1 0.05828012228012085 0.6516156005859376 0.041290283203125 0.093031005859375
0 0.16698765754699707 0.15421241760253906 0.01080770492553711 0.01659637451171875
2 0.41446604728698727 0.5488713073730469 0.023141098022460938 0.041291809082031256
2 0.3912172317504883 0.7250444030761719 0.022292041778564455 0.03695343017578125
1 0.6557488441467285 0.570406494140625 0.045520973205566403 0.09114349365234375
2 0.4129494190216064 0.7457310485839844 0.02247905731201172 0.0379083251953125
0 0.8157058715820312 0.3984827423095703 0.013058090209960937 0.018549041748046877
0 0.8885387420654297 0.33067974090576174 0.011564254760742188 0.018494110107421875
0 0.9355804443359375 0.05297340393066407 0.010634231567382812 0.018250579833984377
0 0.9241718292236328 0.05334335327148438 0.012170791625976562 0.01793357849121094
0 0.9215293884277344 0.5213963317871094 0.012370681762695313 0.018790283203125
0 0.24281330749354008 0.1401808785529716 0.011708656330749356 0.01679586563307493
