1 0.7928329467773437 0.14177810668945312 0.047499656677246094 0.12034149169921876
1 0.31408090591430665 0.7050084686279298 0.029808235168457032 0.0990081787109375
1 0.6940027236938476 0.12551189422607423 0.03704261779785156 0.1307086944580078
1 0.8168361663818359 0.4199697875976563 0.025894355773925782 0.12937744140625002
0 0.3440735340118408 0.45586868286132814 0.01191253662109375 0.0194305419921875
1 0.44390053749084474 0.2538058090209961 0.02041454315185547 0.09373451232910157
1 0.24232189655303954 0.7535819244384766 0.053336477279663085 0.13159271240234377
0 0.3977067470550537 0.30549957275390627 0.012411785125732423 0.018513946533203127
2 0.25336759090423583 0.9730846405029298 0.025555801391601563 0.03800918579101563
1 0.8142139434814453 0.9561439514160157 0.04893035888671875 0.08535736083984376
0 0.04542804360389709 0.9879954528808594 0.011106228828430176 0.016424560546875
0 0.19327983856201172 0.5882881164550782 0.011360406875610352 0.01807830810546875
0 0.7828196525573731 0.37824348449707035 0.012070274353027344 0.020728607177734375
0 0.13600459098815917 0.47239929199218755 0.011834454536437989 0.019013977050781252
0 0.1881812334060669 0.15504852294921875 0.012483334541320801 0.019060821533203126
0 0.7412225723266601 0.007124023437500001 0.01152944564819336 0.014248046875000002
1 0.48202934265136715 0.16476245880126955 0.02075681686401367 0.05156333923339844
0 0.07456879615783692 0.5812712097167969 0.013063573837280273 0.019288024902343753
0 0.46169471740722656 0.40930938720703125 0.01159496307373047 0.017041320800781252
0 0.7194371700286866 0.024047861099243166 0.010300636291503906 0.015579204559326173
0 0.7876357555389404 0.7291091918945313 0.011934471130371094 0.01948089599609375
0 0.731557559967041 0.025159568786621095 0.0108917236328125 0.019005813598632813
