1 0.2963262557983398 0.9689485168457032 0.07378973960876464 0.06210296630859376
1 0.6146829128265381 0.37976516723632814 0.09172496795654297 0.06242446899414063
1 0.14911348819732667 0.6470893859863281 0.035149335861206055 0.11346221923828126
0 0.5409739494323731 0.5462405395507813 0.012679386138916015 0.01917236328125
1 0.5751558303833008 0.08931671142578125 0.03385982513427734 0.13426712036132812
2 0.9807543754577637 0.3595384216308594 0.0232025146484375 0.03710281372070313
2 0.973246955871582 0.32070938110351566 0.025658416748046874 0.03894027709960938
0 0.34371166229248046 0.7013362121582032 0.0171844482421875 0.01995330810546875
0 0.135168194770813 0.9916336059570313 0.011377382278442382 0.0162451171875
0 0.127139857881137 0.9819121447028424 0.012112403100775193 0.01808785529715768
