1 0.4191689968109131 0.7808737182617188 0.035434532165527347 0.08363983154296875
0 0.45912914276123046 0.1665026092529297 0.01150341033935547 0.018206787109375
0 0.5208953857421875 0.16781726837158203 0.012615108489990234 0.018538970947265625
2 0.27747933864593505 0.10077522277832032 0.02272939682006836 0.040880889892578126
0 0.08304042816162109 0.046661758422851564 0.011704635620117188 0.01774162292480469
0 0.38431854248046876 0.48371734619140627 0.011173343658447266 0.01710906982421875
0 0.4707931041717529 0.2082018280029297 0.012033462524414062 0.017977447509765626
0 0.796208381652832 0.057722549438476566 0.012304115295410156 0.0193206787109375
0 0.6732236385345459 0.1812435531616211 0.01333932876586914 0.01998497009277344
0 0.8957900047302246 0.14666442871093752 0.010678672790527343 0.016618194580078127
0 0.09093050956726074 0.6398187255859376 0.013150644302368163 0.019759521484375
0 0.996373176574707 0.28413700103759765 0.0072536468505859375 0.01850067138671875
0 0.7841065406799317 0.08194046020507813 0.009424591064453125 0.015081787109375001
