1 0.34047551155090333 0.5824830796983507 0.0731358528137207 0.03701239691840278
2 0.7830071449279785 0.06797688802083333 0.02175426483154297 0.03539869520399306
2 0.797657585144043 0.08410750495062934 0.022558975219726562 0.043789079454210074
2 0.8119617223739624 0.04508751763237848 0.02593083381652832 0.04370549519856771
0 0.9471694946289062 0.4735812717013889 0.012268447875976562 0.020558336046006945
0 0.32878098487854 0.9384810553656684 0.013575363159179687 0.021817186143663195
0 0.8202701568603515 0.7571946038140192 0.0125518798828125 0.021682908799913195
0 0.9689813613891601 0.08383509318033855 0.011669540405273437 0.020700158013237848
0 0.5380361557006836 0.7905292087131077 0.010184669494628906 0.018268839518229166
0 0.32654848098754885 0.911905754937066 0.013501262664794922 0.02280544704861111
0 0.4599874496459961 0.8954251607259115 0.01153392791748047 0.01940765380859375
0 0.5676709175109863 0.5767659505208333 0.011913871765136719 0.020185682508680556
0 0.40326523780822754 0.5523866441514758 0.012462902069091796 0.022084554036458336
0 0.38912287191585737 0.5173058220574089 0.009573325237354347 0.01794090843773467
0 0.8853507041931152 0.36153530544704865 0.011381912231445312 0.01918097601996528
0 0.3976632882882883 0.5262762762762763 0.010322822822822826 0.015849182515849183
0 0.4065784534534534 0.5166833500166833 0.009384384384384365 0.015849182515849183
0 0.7865287162162161 0.7245995995995995 0.009618993993993996 0.01876876876876881
