1 0.2456613540649414 0.7528692626953125 0.0654179573059082 0.09028579711914063
0 0.642962646484375 0.8636141967773439 0.011695671081542968 0.01892120361328125
0 0.5969449520111084 0.8317162322998047 0.01245584487915039 0.01927978515625
1 0.44350557327270507 0.3635652351379395 0.028082275390624998 0.1226253890991211
1 0.8465103149414063 0.03177816390991211 0.030170440673828125 0.06355632781982422
0 0.8331743240356445 0.22952209472656251 0.01068878173828125 0.016431884765625
0 0.8143984794616699 0.7197657775878906 0.010847663879394532 0.016668090820312502
0 0.5739344596862793 0.641398162841797 0.012095832824707031 0.019112701416015627
0 0.08464561104774475 0.4094021606445313 0.009707260131835937 0.013704833984375001
0 0.22656250000000006 0.9401371308016878 0.010878164556962014 0.018459915611814495
