1 0.5834465503692627 0.06466804504394531 0.07355546951293945 0.07009231567382813
1 0.6350541114807129 0.8148545837402345 0.03275852203369141 0.11172607421875001
0 0.530606746673584 0.029663276672363282 0.012823104858398438 0.01961456298828125
0 0.9408472061157226 0.9775119018554688 0.012792205810546875 0.01885833740234375
2 0.3477194309234619 0.7091319274902345 0.021376323699951173 0.03301193237304688
0 0.7953133583068848 0.2721086883544922 0.011340522766113281 0.017976837158203127
0 0.7479270935058594 0.35369567871093754 0.010724258422851563 0.017045135498046877
2 0.33762469291687014 0.21451663970947266 0.02591700553894043 0.04275733947753906
0 0.6138089179992676 0.98950927734375 0.01210336685180664 0.0175323486328125
0 0.6386854171752929 0.5940531921386719 0.0116790771484375 0.01788604736328125
0 0.5597396850585937 0.6260968017578126 0.0116485595703125 0.01539947509765625
1 0.45409560203552246 0.3489273071289063 0.03597211837768555 0.04999649047851563
0 0.23164973258972169 0.2747325897216797 0.00838623046875 0.012037963867187501
