1 0.5742066860198974 0.2251773410373264 0.06965484619140624 0.05131378173828125
0 0.9170048713684081 0.933719719780816 0.011105918884277343 0.01737857394748264
0 0.6489609718322754 0.5501074896918403 0.012439155578613281 0.021401977539062502
0 0.006659328937530518 0.9520910474989149 0.012195432186126709 0.0207366943359375
2 0.4109452247619629 0.09924858940972223 0.026000785827636718 0.04751807318793403
0 0.37354321479797364 0.617575920952691 0.011425209045410157 0.019570244683159724
0 0.9634204864501953 0.08292702568901911 0.0125213623046875 0.01902957492404514
0 0.98721923828125 0.07155897352430556 0.01256256103515625 0.021478101942274307
0 0.9300982475280761 0.9394063313802083 0.010213661193847656 0.018670654296875002
0 0.3864132404327393 0.26616524590386287 0.011229801177978515 0.018928188747829863
0 0.9376451647366709 0.10411475908852119 0.010221902942560254 0.018183439122765033
0 0.09958526234567901 0.6305298353909464 0.011091820987654325 0.017146776406035628
0 0.9500031855249744 0.10641069203760334 0.009397298674821641 0.01868841318382603
0 0.944269240570846 0.08517385887416466 0.009078746177370079 0.017555782081775977
0 0.9359072375127421 0.09267753992524633 0.011149337410805297 0.01613999320421338
0 0.6982330607476636 0.25398061613014883 0.009735202492211907 0.01817237798546206
0 0.4969577492211838 0.08502076843198339 0.008274922118380108 0.013412945655936308
