1 0.23583269119262695 0.39691162109375 0.059902620315551755 0.08255055745442709
0 0.08021527528762817 0.6445044623480903 0.013382506370544433 0.021784125434027777
0 0.7783879280090332 0.48856370713975694 0.01284637451171875 0.021466573079427086
0 0.38368987229685425 0.7333841125466615 0.010989968235881224 0.02062971597873958
0 0.9305257797241211 0.8160460578070747 0.012448501586914063 0.020525444878472222
0 0.8100473403930664 0.2530896504720052 0.012835693359374999 0.02022433810763889
0 0.46616315841674805 0.10901802910698785 0.013210678100585937 0.02227147420247396
0 0.8802328109741211 0.5424218071831597 0.01248779296875 0.021245659722222223
0 0.2733208179473877 0.6754611545138889 0.012435436248779297 0.02037692599826389
0 0.19373741149902343 0.5023117913140192 0.012703418731689453 0.020546468098958333
0 0.8031044960021972 0.10576816134982639 0.01077098846435547 0.019138760036892362
0 0.36887646432374865 0.7168901451832161 0.009651224707135243 0.020485476998376734
0 0.3808968771253023 0.7118025653673452 0.009730388968389528 0.0182360714898986
0 0.07336831688880921 0.7908409966362847 0.012100088596343993 0.02063937717013889
0 0.5027381896972656 0.23804647657606337 0.011313056945800782 0.019946712917751738
0 0.6426624298095703 0.20827611287434897 0.011602020263671875 0.018698883056640626
0 0.14160497188568116 0.7875045776367188 0.013496828079223632 0.021566094292534723
0 0.8224227905273437 0.09280497233072917 0.011301040649414062 0.02048611111111111
0 0.5682079699612403 0.7159603753036513 0.009084302325581342 0.016653739410058623
0 0.5807300090789795 0.7265609741210938 0.012913990020751952 0.02225375705295139
0 0.09275515079498291 0.9907891167534723 0.011738777160644531 0.018421766493055557
0 0.8539236068725585 0.3102617899576823 0.008984375 0.015195888943142362
0 0.09571082592010498 0.035284127129448783 0.011323499679565429 0.019744364420572917
0 0.601283073425293 0.6877354092068143 0.013764286041259765 0.024392022026909724
0 0.6401644229888916 0.1460086398654514 0.014612483978271484 0.022245958116319447
0 0.6196866035461426 0.7397925482855903 0.012682533264160157 0.020874532063802083
0 0.014860399067401886 0.9687920464409723 0.01007850468158722 0.017446221245659723
0 0.8121429443359375 0.3251188278198242 0.012565994262695312 0.020339669121636286
0 0.25683694530443757 0.10104919160646715 0.010319917440660475 0.017486526774452466
0 0.5720687984496124 0.6996931524547804 0.011052567829457398 0.017495693367786308
0 0.32985556443024494 0.6999171695657319 0.01015042598509055 0.0189326706898592
