1 0.05222573280334473 0.22165612114800348 0.040016341209411624 0.05815514458550347
0 0.5353439807891845 0.24772347344292536 0.012717247009277344 0.019825405544704862
0 0.37753119468688967 0.37277611626519097 0.013188076019287108 0.020683797200520833
0 0.8660263061523438 0.9306481255425347 0.012873077392578125 0.021059502495659722
0 0.13195333480834961 0.10874171786838108 0.013259172439575195 0.021565416124131945
0 0.34497818946838377 0.2861075931125217 0.012848472595214844 0.018763563368055555
0 0.9762127876281738 0.2289115481906467 0.011873245239257812 0.02036497328016493
0 0.34569602012634276 0.3049035814073351 0.013052129745483398 0.020701938205295138
0 0.5624771311803518 0.9581728126796976 0.007659950837266057 0.01992059009463779
0 0.691905927658081 0.7456682840983073 0.01137094497680664 0.018807305230034724
0 0.8454240798950196 0.4310148451063368 0.01153411865234375 0.019640774197048613
0 0.8360729217529297 0.4454208374023438 0.010854339599609375 0.01761542426215278
0 0.8378257751464844 0.24059215121799046 0.012497711181640624 0.021125708685980904
0 0.5541455160744502 0.94674750893025 0.0084602368866328 0.016450460612897032
