1 0.5311449050903321 0.6920698377821181 0.06286430358886719 0.08024122450086806
1 0.8705371856689453 0.3278993606567383 0.02095966339111328 0.13928760952419705
1 0.9189760208129882 0.6905136956108942 0.04857330322265625 0.08602769639756945
1 0.9688924312591553 0.5788625929090712 0.06221513748168945 0.12745954725477432
2 0.2773942470550537 0.7440312703450521 0.024535369873046876 0.04802398681640625
0 0.7163357734680176 0.3028404235839844 0.01172494888305664 0.019238959418402778
0 0.42360486984252926 0.44076080322265626 0.011142635345458984 0.01923675537109375
0 0.8271858215332031 0.5026532491048177 0.012344741821289062 0.01899515787760417
0 0.13670860528945922 0.901594712999132 0.012662243843078612 0.021490308973524306
0 0.6671981292517005 0.4914965986394557 0.011267006802721014 0.017762660619803437
