1 0.3556861400604248 0.4391612243652344 0.03494281768798828 0.09529754638671875
1 0.24441452026367186 0.488830795288086 0.05987954139709473 0.08477340698242188
1 0.36141271591186525 0.8083728027343751 0.05790281295776367 0.124368896484375
1 0.3626530647277832 0.30271362304687505 0.0511909008026123 0.07858169555664063
1 0.40062460899353025 0.2353023147583008 0.06564855575561523 0.05344070434570313
1 0.08061463683843613 0.37002456665039063 0.07800879776477813 0.036548461914062504
0 0.6467325687408447 0.022528295516967774 0.011093616485595703 0.01893373489379883
0 0.10647616386413573 0.25554489135742187 0.011235475540161133 0.0170159912109375
2 0.18548449277877807 0.7367390441894531 0.02180917263031006 0.0387799072265625
0 0.5913290977478027 0.2377197265625 0.011153030395507812 0.017549133300781252
0 0.46556582450866696 0.35887893676757815 0.011231613159179688 0.016033935546875
0 0.2112516403198242 0.6409962463378907 0.010450363159179688 0.015393066406250001
0 0.21989316940307616 0.7423411560058594 0.011597442626953124 0.018235168457031253
0 0.8266288757324218 0.9748770141601563 0.011007308959960938 0.016883544921875
0 0.6636646270751954 0.5345518493652344 0.011431121826171875 0.017937927246093752
2 0.011160945892333985 0.13108539581298828 0.021407699584960936 0.03589469909667969
