0 0.1812494993209839 0.603906707763672 0.012006044387817383 0.018808288574218752
1 0.962142276763916 0.0970159149169922 0.031964874267578124 0.12926467895507812
2 0.2779843330383301 0.36875984191894534 0.025095367431640623 0.03653579711914063
2 0.28022658824920654 0.7712637329101563 0.024175405502319336 0.038026428222656256
0 0.5081295013427735 0.8743746948242188 0.012207794189453124 0.01911834716796875
2 0.04703730046749115 0.5965455627441406 0.02262611985206604 0.0368267822265625
0 0.8036658287048339 0.5332923889160157 0.010183143615722656 0.015858764648437502
1 0.10038740634918213 0.7602916717529298 0.07903718948364258 0.0343377685546875
2 0.30299768447875974 0.7861390686035157 0.023227787017822264 0.031344604492187504
2 0.2707697868347168 0.28489830017089846 0.024163341522216795 0.035174255371093754
2 0.1379068374633789 0.21946723937988283 0.025676822662353514 0.03841575622558594
2 0.06737102866172791 0.6148480224609375 0.0231744647026062 0.03655807495117188
2 0.27017693519592284 0.24525672912597657 0.021883678436279298 0.03635284423828125
2 0.27017974853515625 0.3216513061523438 0.023048019409179686 0.034106750488281254
2 0.09610129594802856 0.2738890075683594 0.026377439498901367 0.03904098510742188
2 0.16228818893432617 0.22801918029785156 0.02518594264984131 0.03191421508789063
0 0.12723920345306397 0.5762844085693359 0.012242603302001952 0.018613281250000002
2 0.23830065727233887 0.28785644531250004 0.023448467254638672 0.03529953002929688
2 0.1595844030380249 0.26385494232177736 0.025732588768005372 0.03861518859863281
0 0.11813256740570068 0.5894371032714845 0.010647010803222657 0.01825531005859375
2 0.24438881874084473 0.2519077301025391 0.029062795639038085 0.03425643920898438
2 0.21600968837738035 0.2975362777709961 0.01900320053100586 0.03259391784667969
1 0.11837081909179688 0.25944831848144534 0.021623849868774414 0.03468414306640625
0 0.1881056201550388 0.4279715762273902 0.010497416020671845 0.01614987080103357
