2 0.25059032440185547 0.5717903137207032 0.024481678009033205 0.04041839599609375
1 0.7528238773345948 0.6924143981933594 0.06657218933105469 0.09359466552734376
1 0.9026025772094727 0.5656072998046875 0.0853128433227539 0.04713165283203125
2 0.5433855056762695 0.35784942626953126 0.02449769973754883 0.04101409912109375
2 0.28142125606536866 0.8630569458007813 0.02271113395690918 0.03827392578125
2 0.15966745615005493 0.5670228576660157 0.02161567211151123 0.03542449951171875
1 0.06757925599813461 0.7374507141113281 0.057723477482795715 0.09843048095703126
0 0.22312712669372559 0.5072892761230469 0.011142539978027343 0.016265106201171876
0 0.8443752288818359 0.0823229217529297 0.011838912963867188 0.018009490966796875
2 0.1472090482711792 0.7991487121582032 0.02232513427734375 0.0372857666015625
2 0.1679690361022949 0.6976771545410156 0.020829248428344726 0.03812042236328125
2 0.1232600450515747 0.7799764251708985 0.026656126976013182 0.03813812255859375
0 0.5638731479644775 0.4859439086914063 0.011768245697021484 0.018742980957031252
2 0.22447829246520995 0.8895271301269532 0.023771381378173827 0.044805908203125
2 0.16255831718444824 0.6084651184082032 0.023011112213134767 0.03326263427734375
2 0.20140726566314696 0.8840830993652344 0.023313093185424804 0.0408465576171875
2 0.1899916410446167 0.9155218505859376 0.02215728759765625 0.0337664794921875
2 0.17100307941436768 0.8854631805419922 0.027768325805664063 0.03493255615234375
1 0.11649039983749389 0.29709648132324223 0.07676842212677001 0.045391082763671875
2 0.26174345016479494 0.9575492858886719 0.021037960052490236 0.03577117919921875
2 0.2537549495697021 0.9217872619628907 0.030830907821655273 0.03558990478515625
0 0.8873311042785644 0.7919853973388672 0.01163482666015625 0.017687530517578126
2 0.15872983932495116 0.8540264892578125 0.022778081893920898 0.033159179687500005
2 0.14482293128967286 0.8535124206542969 0.021715307235717775 0.030758666992187503
2 0.14489178657531737 0.6431519317626954 0.02729072570800781 0.042468566894531254
