1 0.5873309135437011 0.48578626844618056 0.06256942749023438 0.027614339192708334
1 0.15143427848815919 0.34630398220486114 0.031056976318359374 0.13096483018663194
2 0.3046499967575073 0.5422037760416667 0.02070155143737793 0.03550533718532986
2 0.2930314064025879 0.6167266845703125 0.025220489501953124 0.04272494845920139
2 0.4982275009155273 0.31207665337456597 0.022576427459716795 0.042004903157552086
2 0.04029385447502136 0.11503931681315105 0.02329559326171875 0.04229346381293403
0 0.1826380968093872 0.26826146443684895 0.011597585678100587 0.021473015679253474
2 0.40184239149093626 0.696306864420573 0.025252366065979002 0.04397718641493056
0 0.1523817777633667 0.2681728786892361 0.013080024719238281 0.022630140516493057
2 0.5753787517547607 0.978586154513889 0.02518291473388672 0.03476223415798611
0 0.509596300125122 0.9393085055881076 0.011296844482421875 0.019309488932291667
0 0.8153162002563477 0.2974298265245226 0.010383224487304688 0.016811964246961807
0 0.45513473731884063 0.5233494363929146 0.011322463768115949 0.019122383252818054
0 0.3369565217391305 0.6358192431561996 0.011605525362318877 0.017612721417069217
