2 0.821904182434082 0.4013420104980469 0.020226669311523438 0.032520141601562504
0 0.3520831108093262 0.951636962890625 0.011020660400390625 0.016824645996093752
0 0.46489510536193845 0.8478189849853516 0.012169265747070312 0.019365692138671876
0 0.47174806594848634 0.49302932739257815 0.010725593566894532 0.01673492431640625
1 0.7725301265716553 0.9440272521972657 0.01246786117553711 0.061578063964843756
0 0.6343005657196045 0.6113047790527344 0.010610294342041016 0.01554595947265625
0 0.004830382764339447 0.012585372924804689 0.009660765528678894 0.022428359985351563
1 0.26247801780700686 0.6198258209228517 0.023590755462646485 0.10563751220703126
0 0.6218197822570801 0.6127239990234375 0.011271858215332031 0.0167889404296875
0 0.7683412551879882 0.3336290740966797 0.011455249786376954 0.0169671630859375
0 0.889219570159912 0.5226461791992187 0.011424064636230469 0.0191693115234375
0 0.3614150285720825 0.6404855346679688 0.01123185157775879 0.01631744384765625
0 0.05599747833934614 0.7534310913085938 0.011207842826843261 0.014544677734375
0 0.8216423988342285 0.007659492492675782 0.011605072021484374 0.015318984985351563
0 0.44550142288208006 0.8055327606201172 0.010671615600585938 0.015308380126953127
0 0.5217810153961182 0.0813446044921875 0.011977672576904297 0.018601837158203127
0 0.40814612135176653 0.603878648233487 0.010320660522273428 0.015745007680491578
0 0.4099462365591398 0.587941628264209 0.011040706605222775 0.018433179723502256
0 0.05520353302611367 0.7365591397849464 0.012480798771121352 0.01689708141321044
0 0.425667242703533 0.8963133640552997 0.012240783410138198 0.016897081413210533
