1 0.43378849029541017 0.6623635864257813 0.07139873504638672 0.09538574218750001
1 0.7478138446807862 0.7221110534667969 0.03528118133544922 0.10426986694335938
2 0.5710389137268066 0.5412194061279297 0.02727851867675781 0.04297271728515625
2 0.444904088973999 0.2955188751220703 0.024158668518066407 0.03870285034179688
0 0.601859712600708 0.30826858520507816 0.01115884780883789 0.01760162353515625
0 0.31698055267333985 0.9491853332519532 0.010502433776855469 0.0168145751953125
1 0.9608880996704101 0.6743165588378907 0.06915359497070313 0.07627075195312501
0 0.310455846786499 0.1995463562011719 0.011725711822509765 0.01789451599121094
0 0.35944104194641113 0.35836334228515626 0.012236976623535156 0.018238830566406253
0 0.6664308547973633 0.8088450622558594 0.00819549560546875 0.013208618164062502
