1 0.7036643981933594 0.6125210571289063 0.06840229034423828 0.07352752685546876
1 0.4216395378112793 0.20224849700927736 0.035093498229980466 0.11321029663085938
0 0.09683290719985962 0.9528619384765625 0.01202850341796875 0.017396545410156252
0 0.5292417526245117 0.6337043762207032 0.0121246337890625 0.0190411376953125
0 0.20792207717895508 0.41342010498046877 0.010931062698364257 0.016728210449218753
2 0.21179676651954651 0.34386978149414066 0.023852622509002684 0.03527603149414063
0 0.3702091217041016 0.7336409759521485 0.011164283752441407 0.01696258544921875
2 0.10177632570266723 0.7252159881591798 0.023837351799011232 0.03634750366210938
0 0.8452096939086914 0.33631622314453125 0.01111907958984375 0.017191925048828126
0 0.3202576875686646 0.11154487609863283 0.010155391693115235 0.016316223144531253
0 0.10120780766010284 0.2625510025024414 0.011640208959579467 0.017452774047851564
0 0.003963093459606171 0.2247523880004883 0.007894530892372131 0.018006057739257814
0 0.32979545593261717 0.1094771957397461 0.008664131164550781 0.013321456909179689
0 0.2505579948425293 0.00984752655029297 0.011976337432861328 0.01757720947265625
1 0.80435152053833 0.9860121154785156 0.018013381958007814 0.02597747802734375
0 0.5192169540229885 0.8399425287356322 0.010416666666666666 0.018965517241379362
