1 0.6873461723327636 0.2173429870605469 0.08098030090332031 0.05394088745117188
0 0.7403562545776368 0.4369137573242188 0.011134910583496093 0.017794189453125
2 0.09688729047775269 0.19469787597656252 0.02456810474395752 0.03869659423828125
0 0.881854248046875 0.23494033813476564 0.011220550537109375 0.017010498046875003
0 0.6715983390808106 0.3423632621765137 0.011801910400390626 0.01804538726806641
0 0.5594470977783204 0.15317283630371095 0.011478614807128907 0.017797088623046877
1 0.20157675743103026 0.03821077346801758 0.02102236747741699 0.07642154693603516
0 0.6057040214538574 0.6232849121093751 0.012138652801513671 0.01846527099609375
0 0.7882835388183593 0.383580551147461 0.012294387817382813 0.018815002441406253
0 0.21160454750061033 0.41926170349121095 0.012774181365966796 0.0198358154296875
0 0.3743489583333333 0.16647376543209877 0.011332947530864187 0.016589506172839493
0 0.33769772376543206 0.30574845679012347 0.011332947530864187 0.01658950617283954
0 0.46175733024691357 0.6159336419753086 0.00964506172839504 0.015046296296296382
0 0.6775234741784038 0.2605633802816901 0.011920481220657328 0.014671361502347414
