0 0.7098889350891113 0.8490121629503039 0.012513160705566406 0.02024688720703125
0 0.4237641334533691 0.6694046020507812 0.012997055053710937 0.020773824055989584
0 0.9097039222717285 0.18086352878146703 0.011511802673339844 0.018855116102430555
0 0.6174753189086915 0.9777236090766059 0.010851383209228516 0.01754065619574653
0 0.310542368888855 0.8239754570855035 0.012313413619995116 0.019302198621961808
2 0.42488436698913573 0.3472561306423611 0.023583412170410156 0.04562581380208334
0 0.6617312908172608 0.5515842861599393 0.012475967407226562 0.020715501573350694
0 0.24677553176879882 0.843631320529514 0.011485052108764649 0.019449869791666668
0 0.683687686920166 0.7704332139756944 0.0121490478515625 0.020411173502604168
0 0.7299632549285888 0.7584210713704428 0.010401439666748048 0.016601732042100695
0 0.7307662010192871 0.7775009155273438 0.011142921447753907 0.016735161675347224
0 0.5869260787963867 0.7868375990125869 0.011711502075195312 0.018578084309895833
0 0.5356283187866211 0.9465645684136285 0.012306118011474609 0.020290120442708334
0 0.5421499252319336 0.7374766031901042 0.009730339050292969 0.015702650282118057
0 0.8305585861206054 0.7056400722927517 0.011790657043457031 0.01998714870876736
0 0.19931550025939943 0.8839926825629341 0.012488889694213866 0.020106675889756946
0 0.48433318138122555 0.9322719997829861 0.011185550689697265 0.019262017144097223
0 0.01345261037349701 0.22778693305121528 0.011906152963638306 0.018451266818576388
0 0.8965808868408203 0.019760725233289932 0.013076019287109374 0.02282324896918403
0 0.7838946342468261 0.42711402045355906 0.009899711608886719 0.016399129231770834
0 0.7777405261993409 0.4433665805392795 0.010963821411132812 0.01782718234592014
0 0.8213664054870605 0.7168226453993056 0.009394645690917969 0.015680779351128472
0 0.6322173118591309 0.30121370951334636 0.011934280395507812 0.02134246826171875
0 0.2634620666503906 0.5805987887912326 0.011525344848632813 0.019157240125868055
0 0.46889166831970214 0.8513098822699653 0.010329723358154297 0.01595492892795139
0 0.9127923965454101 0.03054699367947049 0.013930320739746094 0.02080332438151042
0 0.3996527777777778 0.5694444444444444 0.010416666666666666 0.018518518518518517
0 0.47578125 0.8362654320987656 0.009201388888888929 0.018827160493827197
0 0.5749131944444444 0.7830246913580248 0.0109375 0.01913580246913577
