0 0.604832649230957 0.2698919677734375 0.01310138702392578 0.02065330505371094
2 0.3699798583984375 0.45363182067871094 0.023028850555419922 0.03491256713867188
1 0.1687334656715393 0.8299443054199219 0.02073984146118164 0.12256591796875001
2 0.3875884532928467 0.5139595031738281 0.020735645294189455 0.029916076660156252
2 0.3695356845855713 0.666506576538086 0.02841191291809082 0.04216903686523438
0 0.10745457410812377 0.7768607330322266 0.011894607543945312 0.017431488037109377
0 0.860996150970459 0.3600399780273438 0.011009979248046874 0.01700469970703125
2 0.3810035228729248 0.626072998046875 0.029056262969970704 0.0422174072265625
2 0.3691765785217285 0.49423217773437506 0.019579601287841798 0.03179367065429688
2 0.36362285614013673 0.7874559783935547 0.02373819351196289 0.03701019287109375
0 0.9961868286132812 0.7137280273437501 0.0076263427734375 0.019554595947265625
0 0.39878392219543457 0.13357257843017578 0.01136159896850586 0.015919647216796878
2 0.35596955128205127 0.48044871794871796 0.020432692307692336 0.032692307692307736
