0 0.08463541666666667 0.1425925925925926 0.013020833333333334 0.016666666666666666
0 0.19791666666666666 0.412962962962963 0.0125 0.020370370370370372
1 0.30833333333333335 0.4981481481481482 0.025 0.13703703703703704
0 0.16302083333333334 0.8675925925925926 0.0125 0.020370370370370372
0 0.42161458333333335 0.20046296296296298 0.013020833333333334 0.025
0 0.4283854166666667 0.3337962962962963 0.013020833333333334 0.019444444444444445
0 0.4236979166666667 0.3523148148148148 0.0109375 0.017592592592592594
0 0.534375 0.42592592592592593 0.0125 0.020370370370370372
0 0.6440104166666667 0.5884259259259259 0.013020833333333334 0.02314814814814815
0 0.6572916666666666 0.5944444444444444 0.0125 0.022222222222222223
0 0.6505208333333333 0.6097222222222223 0.011458333333333333 0.021296296296296296
0 0.9684895833333333 0.6893518518518519 0.013020833333333334 0.02314814814814815
