1 0.5136631011962891 0.43758056640625004 0.06202106475830078 0.09927764892578125
1 0.5918560981750488 0.9340290069580078 0.02288646697998047 0.08420104980468751
2 0.6612759113311768 0.20454967498779297 0.022147464752197265 0.036151123046875004
0 0.16462991237640381 0.8970970153808594 0.010614919662475585 0.0169830322265625
0 0.7938762187957764 0.2642459106445313 0.011504840850830079 0.018000030517578126
0 0.7954221725463867 0.2845431137084961 0.01195697784423828 0.018842697143554688
0 0.8633023262023926 0.4467882537841797 0.012088203430175781 0.018729248046875
0 0.16917243003845214 0.24450347900390626 0.010987615585327149 0.016457824707031252
0 0.7822072029113769 0.25860382080078126 0.011215019226074218 0.018575363159179688
0 0.4349687576293945 0.686902084350586 0.010301971435546875 0.015776824951171876
0 0.33636932373046874 0.7346472167968751 0.011342144012451172 0.018464660644531252
