1 0.6666701316833497 0.06777141571044923 0.08272533416748047 0.054482192993164064
1 0.45935792922973634 0.19916473388671876 0.06674976348876953 0.08345275878906251
0 0.7556241035461426 0.02857314109802246 0.012213325500488282 0.018990650177001956
1 0.12301075458526611 0.12725646972656252 0.028741931915283202 0.061418762207031255
2 0.9847965240478516 0.3714344024658203 0.0264007568359375 0.03616439819335938
1 0.31085772514343263 0.7115505981445313 0.02476358413696289 0.12920166015625
0 0.4765625 0.5350899505615234 0.011175918579101562 0.01797332763671875
0 0.08887814283370972 0.08968826293945313 0.011451125144958496 0.019080047607421876
0 0.8199018478393555 0.152100830078125 0.011748886108398438 0.017738037109375
0 0.9943052291870117 0.5036939239501953 0.01066417694091797 0.018014526367187502
0 0.804256248474121 0.2300872039794922 0.010162162780761718 0.016575927734375002
0 0.7947301864624023 0.22923583984375 0.00987386703491211 0.0163836669921875
0 0.9287191390991211 0.3976583862304688 0.01067047119140625 0.016662750244140625
0 0.5941836833953857 0.4333732604980469 0.00936269760131836 0.014633789062500001
2 0.9956070899963378 0.7932926940917969 0.008785820007324219 0.03977859497070313
0 0.6742411613464355 0.6884197998046876 0.01176280975341797 0.0180352783203125
0 0.9041500091552734 0.39870231628417974 0.011361312866210938 0.018197784423828127
0 0.2240888631870032 0.10206437068805665 0.01282672882080078 0.014699859619140627
0 0.22174657534246578 0.1187214611872146 0.011177701674277014 0.016742770167427708
