1 0.3407266855239868 0.48628743489583337 0.05977749824523926 0.08606669108072917
2 0.6205464363098144 0.5076302422417535 0.022985076904296874 0.03757731119791667
0 0.2541585539662561 0.7734563139160577 0.009488124625627403 0.019409508257462627
0 0.2706860065460205 0.893263414171007 0.011458683013916015 0.0193603515625
0 0.9894024848937988 0.492826165093316 0.013595390319824218 0.020124986436631947
0 0.45889463424682614 0.12312452528211806 0.012866592407226563 0.024492899576822918
0 0.9607646942138671 0.08162502712673611 0.006656265258789062 0.011048380533854167
2 0.27005705833435056 0.7383319430881077 0.013358974456787109 0.023391384548611113
1 0.49697346687316896 0.32136866251627605 0.013944435119628906 0.06371629503038195
0 0.4764447236180904 0.4990228922389727 0.009160385259631513 0.017215708170482038
0 0.4866520100502512 0.4987902475339661 0.009683835845896145 0.015819839940442965
0 0.6014185510887773 0.5190303368695329 0.009422110552763858 0.017215708170482038
0 0.26223352713178294 0.7104866494401378 0.011506782945736423 0.017226528854435916
