2 0.3302083333333333 0.31574074074074077 0.022916666666666665 0.040740740740740744
0 0.18151041666666667 0.5412037037037037 0.0109375 0.019444444444444445
0 0.17578125 0.7273148148148149 0.009895833333333333 0.015740740740740743
0 0.20963541666666666 0.6981481481481482 0.0109375 0.018518518518518517
0 0.40989583333333335 0.5300925925925926 0.010416666666666666 0.02314814814814815
0 0.4942708333333333 0.7125 0.0125 0.021296296296296296
0 0.07005208333333333 0.008796296296296297 0.0109375 0.015740740740740743
0 0.6877604166666667 0.48379629629629634 0.0109375 0.02314814814814815
0 0.9127604166666666 0.287962962962963 0.011979166666666666 0.018518518518518517
0 0.7989583333333333 0.9523148148148148 0.0125 0.019444444444444445
0 0.8755208333333333 0.987037037037037 0.013541666666666667 0.022222222222222223
