1 0.8206571578979492 0.6723545837402344 0.02976703643798828 0.09550643920898438
2 0.7100731372833252 0.7212402343750001 0.025251102447509766 0.03932296752929688
0 0.05800096988677978 0.5075700378417969 0.012356972694396973 0.018890991210937503
1 0.22582616806030273 0.3709928894042969 0.07806777954101562 0.0525408935546875
1 0.9299612045288086 0.07347755432128907 0.041061019897460936 0.11022964477539063
2 0.6951683044433594 0.8494917297363281 0.02736988067626953 0.040690917968750004
2 0.690371036529541 0.9204947662353516 0.02564563751220703 0.03807830810546875
2 0.6475763320922852 0.8765977478027345 0.024229812622070312 0.03573806762695313
0 0.43828306198120115 0.5918624877929688 0.012241363525390625 0.0179522705078125
2 0.6701016426086426 0.946396713256836 0.027867507934570313 0.03716293334960938
0 0.3290729999542236 0.5537402343750001 0.011904335021972657 0.016450195312500002
2 0.6528422355651855 0.8199122619628907 0.025170326232910156 0.0390667724609375
2 0.6526147842407226 0.9132765197753907 0.024982261657714843 0.040027923583984375
2 0.6718272209167481 0.887450180053711 0.02703418731689453 0.043592529296875
0 0.5767829895019532 0.006625823974609375 0.011100578308105468 0.01325164794921875
0 0.3281716823577881 0.570242919921875 0.011309814453125 0.014710083007812501
2 0.6659911155700684 0.8501007843017578 0.023923110961914063 0.03343780517578125
0 0.3380595207214355 0.7352880859375001 0.012238025665283203 0.0186077880859375
2 0.6995091438293457 0.8858396911621095 0.025649261474609376 0.0340997314453125
