2 0.5662836074829102 0.9726896497938369 0.024656963348388673 0.037119886610243055
1 0.7393832206726074 0.05795169406467014 0.02553730010986328 0.09141557481553819
0 0.04020270109176636 0.23892686631944446 0.011587750911712647 0.020133633083767363
0 0.7971230506896972 0.5551038953993056 0.012029457092285156 0.020934719509548613
0 0.26822938919067385 0.9917649163140191 0.010912132263183594 0.016470167371961806
0 0.28889191150665283 0.9838870578342014 0.012487363815307618 0.020845540364583335
0 0.2770273208618164 0.9789923773871528 0.011631393432617187 0.01587558322482639
0 0.2723222732543945 0.9774761623806424 0.010562705993652343 0.015158759223090278
0 0.29931180477142333 0.22184223598904082 0.012439632415771484 0.01969061957465278
0 0.07535204475308642 0.25715877914951996 0.010368441358024698 0.01886145404663924
