1 0.6856121063232422 0.635167694091797 0.05660057067871094 0.09858123779296876
2 0.9194929122924804 0.5134241485595703 0.027639389038085938 0.040056762695312505
2 0.6435861587524414 0.25278743743896487 0.025376033782958985 0.03705818176269531
0 0.26996712684631347 0.34592536926269535 0.01317892074584961 0.019181060791015628
2 0.625147008895874 0.23099334716796877 0.02442474365234375 0.036853637695312504
2 0.07940551042556762 0.32430419921875003 0.024814534187316894 0.03728469848632813
2 0.036300808936357495 0.11722263336181642 0.02457096427679062 0.03683738708496094
2 0.0681082546710968 0.2867402267456055 0.02052485942840576 0.03583663940429688
2 0.08434551954269409 0.2598357391357422 0.026235032081604003 0.03650794982910156
2 0.23950977325439451 0.42224395751953125 0.023917579650878908 0.0341461181640625
2 0.2373264789581299 0.36301330566406254 0.02442469596862793 0.03979995727539063
2 0.012773334980010986 0.09047958374023438 0.0251911461353302 0.03753387451171875
0 0.7308589935302734 0.5338540649414063 0.008133316040039062 0.013260498046875001
2 0.025335174053907394 0.15975379943847656 0.023251046240329743 0.03673248291015625
2 0.09625920231896216 0.295519018847533 0.01897149435197463 0.027143780486752245
2 0.018343883380293847 0.1903215789794922 0.020321632176637648 0.027977752685546878
2 0.005629616975784302 0.17461166381835938 0.011259233951568604 0.026743011474609377
2 0.034328588843345643 0.39585113525390625 0.0237368106842041 0.035745239257812506
0 0.10053661616161615 0.32474747474747473 0.017361111111111115 0.025252525252525262
