1 0.30776569843292234 0.6588687472873264 0.05937924385070801 0.08853556315104168
1 0.7764904022216796 0.8711569044325087 0.025028038024902343 0.10493299696180557
1 0.8097667694091797 0.525249989827474 0.07513008117675782 0.037369961208767365
0 0.4145023345947266 0.44478980170355903 0.012214851379394532 0.02177310519748264
0 0.8763917922973633 0.26790712144639756 0.012387847900390625 0.020578850640190972
0 0.9459156036376953 0.04048097398546007 0.013012886047363281 0.022786119249131945
0 0.2673558235168457 0.2262036641438802 0.011338376998901367 0.018496873643663196
0 0.8471435546875 0.35433764987521704 0.012883377075195311 0.022283087836371528
0 0.17720358371734618 0.01885994805230035 0.011188173294067382 0.018957349989149306
0 0.9151628494262695 0.8747746785481771 0.012606811523437499 0.019571601019965277
0 0.1788380265235901 0.432049560546875 0.013179183006286621 0.022828843858506944
0 0.40673410790598286 0.7967711301044635 0.00984909188034191 0.021367521367521385
0 0.10743767023086548 0.2943528069390191 0.010410428047180176 0.018104214138454863
0 0.8519006729125976 0.4603856404622396 0.011893081665039062 0.019631788465711807
0 0.0882114052772522 0.42878265380859376 0.009874415397644044 0.017255995008680556
0 0.569908618927002 0.007869699266221789 0.0108489990234375 0.015739398532443577
0 0.20672056674957276 0.5013225979275174 0.012068414688110351 0.021700032552083335
0 0.9188606262207031 0.05884467230902778 0.01230449676513672 0.020979817708333334
0 0.161692214012146 0.17635654873318143 0.012161731719970703 0.01950471666124132
0 0.1671237349510193 0.320493401421441 0.01259629726409912 0.021065775553385416
0 0.9150102615356445 0.08076892428927952 0.01149139404296875 0.019644249810112847
0 0.9012283325195313 0.687044186062283 0.0119964599609375 0.018823920355902777
0 0.08908529741863074 0.41052500311759577 0.01052188552188551 0.015587978550941536
0 0.09943181818181816 0.41239556054370874 0.010171156004489345 0.016211497692979162
0 0.2521435018050541 0.9455809600213932 0.010529482551143202 0.017382002941569767
