1 0.0711909517645836 0.4959253946940104 0.06560831367969513 0.04897715250651042
2 0.5260515213012695 0.11910773383246528 0.021481132507324217 0.04468739827473959
2 0.19266853332519532 0.743233405219184 0.02382369041442871 0.042176310221354166
2 0.21252079010009764 0.6482432047526042 0.02493457794189453 0.04585910373263889
0 0.5843522548675537 0.10928031073676216 0.0109649658203125 0.019003550211588543
2 0.34088134765625 0.21286591423882378 0.02449798583984375 0.04168735080295139
2 0.07273004055023194 0.7418952941894531 0.022643423080444335 0.04212900797526042
2 0.6087189674377441 0.3417984008789063 0.021811294555664062 0.038227674696180554
0 0.9588956832885742 0.1394394768608941 0.011592483520507813 0.01928778754340278
2 0.2997877597808838 0.0168839348687066 0.022170066833496094 0.0337678697374132
2 0.29669110774993895 0.24663992987738717 0.0247589111328125 0.04346042209201389
0 0.14304602146148682 0.24297587076822919 0.012176132202148438 0.02107883029513889
0 0.39353013038635254 0.718316650390625 0.012035560607910157 0.020000203450520834
2 0.2252936840057373 0.19598219129774305 0.024756240844726562 0.04035890367296007
2 0.3503192186355591 0.9713205973307292 0.02360248565673828 0.037998792860243054
2 0.23669922351837158 0.301731448703342 0.020989608764648438 0.04623209635416667
0 0.15178406238555908 0.7995013766818577 0.012117576599121094 0.020344034830729166
2 0.27612924575805664 0.25492511325412326 0.020684051513671874 0.03999549018012153
2 0.03632774353027344 0.630654059516059 0.02478567361831665 0.04439798990885417
0 0.15727531909942627 0.8186650594075521 0.012328147888183594 0.017732069227430557
2 0.13142426013946534 0.534061008029514 0.02508883476257324 0.04233500162760417
2 0.10832226276397705 0.5516898261176215 0.02305159568786621 0.03669331868489584
2 0.32236194610595703 0.45635036892361114 0.021002912521362306 0.03814307318793403
2 0.1815392017364502 0.33824055989583335 0.024723100662231445 0.042046610514322916
2 0.1938965439796448 0.2662673950195313 0.024776005744934083 0.04069612291124132
2 0.11741347312927246 0.6429607815212673 0.029633045196533203 0.039229329427083334
2 0.4476921558380127 0.11338450113932293 0.018503284454345702 0.03994971381293403
2 0.17654335498809814 0.2923127916124132 0.021548986434936523 0.042511834038628474
2 0.46799726486206056 0.1192614237467448 0.019488811492919922 0.041497463650173615
2 0.20732455253601073 0.3344770431518555 0.022255468368530273 0.041372383965386283
2 0.35138716697692873 0.9279595269097223 0.02521963119506836 0.041331312391493055
0 0.7850534439086914 0.2717990027533637 0.010926628112792968 0.01681543986002604
2 0.012117557227611542 0.6522959391276042 0.024171781539916993 0.055043199327256945
2 0.22620375156402586 0.2615653991699219 0.02600259780883789 0.03614095052083333
2 0.12473304271697998 0.6084818522135417 0.025454235076904298 0.03509351942274306
0 0.783725643157959 0.29010569254557295 0.011372661590576172 0.018969048394097222
2 0.3010251522064209 0.895801035563151 0.02388763427734375 0.03775160047743056
2 0.42697296142578123 0.1065667470296224 0.02049560546875 0.03417917887369792
2 0.2326758861541748 0.22804268731011285 0.02060079574584961 0.02842644585503472
2 0.12713639736175536 0.573179202609592 0.025959539413452148 0.03161265055338542
2 0.4841894626617432 0.1412645975748698 0.022848892211914062 0.04245741102430556
0 0.17355737686157227 0.38576507568359375 0.012076425552368163 0.020742967393663197
0 0.8671130180358887 0.43502146402994796 0.010668563842773437 0.01741706000434028
2 0.005098366737365722 0.5342330932617188 0.010196733474731445 0.0454803466796875
2 0.4925793647766113 0.04763548109266493 0.01588020324707031 0.03416163126627604
2 0.48231639862060544 0.0973009745279948 0.02561187744140625 0.04402720133463542
0 0.788027286529541 0.3018949720594618 0.012739181518554688 0.02039642333984375
0 0.2792187690734863 0.992629157172309 0.010362339019775391 0.014741685655381946
2 0.19752274751663207 0.30353546142578125 0.01879384517669678 0.03185899522569444
0 0.7930859088897705 0.2822595384385851 0.011102867126464844 0.01962102254231771
2 0.3667346715927124 0.8884884304470486 0.022472953796386717 0.03886447482638889
2 0.018800757825374603 0.5831739637586806 0.020603230595588683 0.039500257703993055
2 0.4635641574859619 0.0803556654188368 0.02140188217163086 0.03530231051974827
2 0.4722286224365234 0.04712397257486979 0.019492912292480468 0.03500925699869792
2 0.3336421398035287 0.011755485893416929 0.016460495732545627 0.023510971786833857
2 0.21694409847259521 0.29328689575195316 0.0224365234375 0.04210086398654514
2 0.20889089107513428 0.23299509684244793 0.02075638771057129 0.02812593248155382
2 0.3492195663531871 0.01422268663647974 0.012735109717868376 0.021479159410193894
0 0.5032654127481714 0.024091489608730993 0.008979885057471234 0.01219087425983978
0 0.48914250261233017 0.009143155694879833 0.008816614420062704 0.01422268663647974
0 0.4982040229885058 0.011174968071519796 0.007673719958202696 0.013642168814582608
0 0.5066124608150471 0.008852896783931266 0.007510449320794165 0.013061650992685475
