1 0.2744802951812744 0.2943149566650391 0.05473461151123047 0.10117385864257813
0 0.44083375930786134 0.03609031677246094 0.011787700653076171 0.018584060668945315
0 0.8214694023132324 0.03020866394042969 0.012242698669433593 0.018404388427734376
1 0.2679713010787964 0.8097950744628907 0.04753870964050293 0.051878662109375
1 0.9198186874389648 0.047949447631835944 0.06572761535644531 0.06107772827148438
1 0.3928804397583008 0.17859626770019532 0.07100391387939453 0.047738342285156256
1 0.021146659553050996 0.1683684539794922 0.04229331910610199 0.09003677368164063
1 0.8126429557800293 0.4219047546386719 0.027559661865234373 0.1380731201171875
0 0.19748315811157227 0.20628635406494142 0.012350082397460938 0.019193496704101563
1 0.6574424743652344 0.2352705001831055 0.026934814453125 0.13370002746582033
0 0.9941452980041504 0.9363026428222657 0.011009597778320312 0.018109130859375003
0 0.6575505256652832 0.10839508056640626 0.01292734146118164 0.019241943359375003
0 0.5568964004516601 0.7027677917480469 0.01199951171875 0.0186346435546875
0 0.3863364696502686 0.2909668731689453 0.011776208877563477 0.018944702148437503
0 0.46800594329833983 0.3245512390136719 0.01177825927734375 0.018202590942382815
0 0.5519394874572754 0.762384490966797 0.011328697204589844 0.01728424072265625
0 0.14015567302703857 0.16962287902832032 0.010109663009643555 0.015525360107421875
0 0.714661979675293 0.9273992919921875 0.01107177734375 0.016782226562500002
0 0.06601455211639404 0.5986322784423829 0.011912500858306885 0.018978271484375
0 0.48174142837524414 0.78861083984375 0.0121826171875 0.01998443603515625
0 0.18357412815093993 0.5386109161376953 0.011750364303588867 0.018399353027343752
0 0.8327795982360839 0.15939453125 0.0171722412109375 0.024925842285156253
0 0.8005567528735632 0.4802442528735632 0.011673850574712574 0.01939655172413789
