1 0.9410009384155273 0.8528840637207031 0.06664581298828125 0.07973419189453125
1 0.1963151216506958 0.7213154602050782 0.05363926887512207 0.09669219970703126
1 0.8969816207885742 0.11981872558593751 0.034025955200195315 0.08902481079101562
0 0.018984606862068175 0.02628940582275391 0.011898583173751831 0.01882072448730469
0 0.30928897857666016 0.07093803405761719 0.011360549926757812 0.01707489013671875
0 0.5828078269958497 0.3747027587890625 0.011467647552490235 0.0163519287109375
0 0.1618872880935669 0.08577438354492188 0.011592817306518555 0.017911529541015627
0 0.6725589752197265 0.8757493591308594 0.011704254150390624 0.017583312988281252
0 0.08865690231323242 0.16156044006347658 0.010586631298065186 0.015809783935546877
0 0.7199724674224853 0.4295922088623047 0.011845970153808593 0.017206268310546877
2 0.39742608070373536 0.506737289428711 0.011434650421142578 0.0174127197265625
0 0.28139629364013674 0.6413168334960938 0.011968517303466797 0.01853424072265625
0 0.9890369415283203 0.35231163024902346 0.010704803466796874 0.016986236572265626
0 0.6870197296142578 0.36599578857421877 0.01083221435546875 0.017440185546875
0 0.10670611858367919 0.6536874389648438 0.01093590259552002 0.016835327148437502
0 0.6014420509338378 0.6014706420898438 0.013143730163574218 0.0192327880859375
0 0.255328893661499 0.8699465942382814 0.010023975372314453 0.015046997070312502
0 0.49307622909545895 0.9934220886230469 0.010873031616210938 0.013155822753906251
0 0.16232976653696501 0.9304474708171208 0.010538261997405988 0.01783398184176387
0 0.7019090466926071 0.319390402075227 0.011146238651102418 0.014915693904020772
0 0.5680528534370948 0.379863813229572 0.0125648508430609 0.016536964980544726
