1 0.560628604888916 0.9264860365125869 0.060234451293945314 0.09206475151909722
2 0.8769296646118164 0.04280853271484375 0.02281646728515625 0.04194285074869792
0 0.19736905097961427 0.24587351481119793 0.011900615692138673 0.020260789659288195
0 0.4542852401733398 0.019880845811631947 0.011927413940429687 0.018931918674045138
0 0.6588197708129883 0.5622967190212674 0.012031745910644532 0.02047153049045139
0 0.40291395187377926 0.052939097086588546 0.013295745849609375 0.020516798231336807
0 0.08394833207130432 0.9758000691731771 0.01171172857284546 0.02034064398871528
0 0.46364665031433105 0.5587821112738716 0.011471748352050781 0.019552442762586806
0 0.29383010864257814 0.34743838840060765 0.011250495910644531 0.019184366861979166
1 0.09031127691268921 0.6761194864908855 0.04846453666687012 0.04175075954861111
0 0.6428801536560058 0.22276162041558162 0.011448097229003907 0.014967854817708334
2 0.03631826341152191 0.06128548516167535 0.02227535843849182 0.03888583713107639
