2 0.8384756088256836 0.2632757822672526 0.02180328369140625 0.038088226318359376
2 0.7349265098571778 0.17467303805881076 0.02358875274658203 0.03878445095486111
2 0.5482333183288575 0.37656877305772574 0.023643302917480468 0.04230109320746528
0 0.319578218460083 0.4961638556586372 0.013153743743896483 0.02180667453342014
2 0.6629134178161621 0.23891821967230903 0.025422477722167967 0.03716922336154514
2 0.1236040711402893 0.972121344672309 0.023064684867858887 0.04655829535590278
2 0.9058671951293945 0.6809370252821181 0.02272491455078125 0.0410736083984375
0 0.7166609287261962 0.5127120971679687 0.012001132965087891 0.01893039279513889
2 0.5716024398803711 0.383420647515191 0.021507072448730468 0.03955349392361111
0 0.09529309272766114 0.4620364718967014 0.011739349365234375 0.019090101453993057
0 0.2973593235015869 0.5482716878255208 0.012457847595214844 0.01984965006510417
0 0.8616753578186035 0.49210645887586807 0.012829017639160155 0.020063951280381947
0 0.871702766418457 0.6513987223307292 0.011896324157714844 0.021346706814236113
0 0.8264015197753906 0.17993172539605035 0.010944366455078125 0.018585205078125
2 0.4847869873046875 0.03299874199761285 0.01887798309326172 0.03011237250434028
2 0.4941505432128906 0.06597620646158854 0.02428016662597656 0.03710564507378472
0 0.8321408271789551 0.9816965738932292 0.011859512329101563 0.0200347900390625
0 0.968951416015625 0.6952984280056423 0.01072998046875 0.018271891276041667
0 0.23665781021118162 0.4544184366861979 0.012555122375488281 0.02123446994357639
0 0.960263442993164 0.7068487379286025 0.009624862670898437 0.016425916883680555
0 0.3241426467895508 0.2593488057454427 0.011511421203613282 0.020256890190972224
0 0.8228967666625976 0.984783426920573 0.01078643798828125 0.019174872504340277
0 0.8721301020408162 0.05442176870748299 0.009141156462585088 0.018140589569160998
