2 0.6233161926269531 0.2414065890842014 0.025201034545898438 0.045822991265190974
0 0.1101384162902832 0.048728858100043404 0.012694120407104492 0.020851643880208333
0 0.07300136089324952 0.4465281168619792 0.013423967361450195 0.022261555989583334
0 0.4337568759918213 0.8015975104437935 0.011637020111083984 0.018779839409722224
0 0.6089150428771972 0.7826300726996528 0.011565971374511718 0.01871100531684028
0 0.44225502014160156 0.7853961520724827 0.010637283325195312 0.0193756103515625
0 0.8028763771057129 0.6165561252170139 0.01046905517578125 0.018047926161024307
0 0.11199984550476073 0.683117167154948 0.012731742858886718 0.021263292100694445
0 0.026125241070985794 0.9859945509168837 0.012875448167324065 0.020190599229600696
0 0.07546215057373047 0.8489427354600695 0.012355685234069824 0.019746568467881944
0 0.8132941784869977 0.62772524297347 0.009049940898345099 0.020357236669293486
