1 0.9236008644104003 0.38673943413628475 0.07914237976074219 0.05480719672309028
1 0.4564821720123291 0.7669384426540798 0.04728574752807617 0.06356947157118056
0 0.37237119674682617 0.6628616333007813 0.012335968017578126 0.021062384711371528
0 0.5256871223449707 0.9095216539171007 0.012883949279785156 0.021479288736979168
0 0.3520216703414917 0.10594312879774306 0.01289386749267578 0.023058234320746527
2 0.16992752281381868 0.7628138974888201 0.021277565311475222 0.038413026029125094
0 0.3687429666519165 0.26624128553602433 0.010449886322021484 0.015809631347656252
0 0.3666256904602051 0.24574512905544707 0.011492252349853516 0.01761508517795139
0 0.7366042137145996 0.15446162753634984 0.011420822143554688 0.020409647623697916
0 0.5502374649047852 0.9170694986979167 0.013242721557617188 0.02213287353515625
0 0.2744647264480591 0.42445085313585074 0.012432146072387695 0.020699055989583333
2 0.18725812693498453 0.7887570232771471 0.02209107327141385 0.043859649122807
0 0.06746244635193135 0.14484978540772533 0.009835479256080104 0.01629311715148626
0 0.6984978540772532 0.032784930853600375 0.011176680972818313 0.0178826895565093
