2 0.7809298515319825 0.39539260864257814 0.023141098022460938 0.04052039252387153
2 0.6393553733825683 0.8042651706271702 0.02633705139160156 0.04664425320095486
0 0.35828204154968263 0.17846065097384983 0.014065170288085937 0.021708085801866322
2 0.9299771308898925 0.6536512586805556 0.022860145568847655 0.04138387044270833
1 0.393710994720459 0.9069836086697048 0.07772092819213867 0.03060336642795139
0 0.14820566177368164 0.0505942874484592 0.01175827980041504 0.01988347371419271
2 0.5389039039611816 0.8201605902777778 0.02354774475097656 0.04073367648654514
0 0.14241151809692382 0.6710232204861112 0.011934709548950196 0.02149319118923611
2 0.5653170585632324 0.8269244723849827 0.025535774230957032 0.03955671522352431
2 0.5368411064147949 0.7801461113823785 0.02309722900390625 0.035759819878472224
2 0.5593903541564942 0.7892112731933594 0.020801353454589843 0.03739912245008681
