1 0.49144511222839354 0.10629852294921875 0.06396503448486328 0.10112388610839844
1 0.6748814105987548 0.09113853454589844 0.060342025756835935 0.09135009765625
1 0.1350530743598938 0.9609352111816407 0.06590235233306885 0.07339630126953126
1 0.8116691589355468 0.45493408203125 0.024785614013671874 0.127703857421875
1 0.07990899085998535 0.6261187744140625 0.08596234321594239 0.044739990234375006
0 0.7520246505737305 0.2726525115966797 0.01208639144897461 0.018734893798828128
0 0.33609557151794434 0.14120452880859377 0.012965965270996093 0.02128654479980469
0 0.5324464797973633 0.052382888793945315 0.011386394500732422 0.018414611816406252
0 0.31938140392303466 0.9557728576660157 0.011582279205322265 0.017740173339843752
0 0.20561356544494627 0.9560454559326172 0.011947011947631836 0.018972930908203126
0 0.794238805770874 0.7230508422851563 0.011749744415283203 0.0172637939453125
1 0.13983598053455354 0.9271976470947266 0.08041948676109315 0.05061996459960938
0 0.8014667510986327 0.7095545959472657 0.011133193969726562 0.01675079345703125
0 0.21443593502044678 0.9690124511718751 0.010670757293701172 0.015427551269531251
0 0.8272348403930664 0.8711044311523438 0.009898567199707031 0.016019287109375002
0 0.2162240743637085 0.9543778228759766 0.010624361038208009 0.016577606201171876
1 0.6502678871154786 0.3939134216308594 0.023482131958007812 0.06977050781250001
0 0.311968537414966 0.941326530612245 0.011160714285714236 0.01615646258503394
0 0.8357249149659864 0.8594812925170069 0.012223639455782257 0.017431972789115662
