1 0.31994900703430174 0.9669013977050782 0.05145816802978515 0.06063639322916667
1 0.235101979970932 0.401368882921007 0.08043595552444457 0.06889817979600694
2 0.470598030090332 0.4830025566948785 0.022158432006835937 0.04010959201388889
2 0.784398078918457 0.6076504177517361 0.026702499389648436 0.041335720486111116
2 0.9339969635009765 0.12014363606770834 0.025916290283203126 0.04605136447482639
0 0.9280332565307617 0.6199613783094619 0.01271991729736328 0.02250857883029514
0 0.8422439575195312 0.8461579216851128 0.010807418823242187 0.01852993435329861
2 0.006352764368057251 0.8710772196451824 0.012705528736114502 0.03906521267361111
0 0.5097023487091065 0.6379492865668404 0.011372089385986328 0.01869269476996528
1 0.9914132118225097 0.8356299506293403 0.017173576354980468 0.050055779351128475
0 0.058658546209335326 0.8603975084092882 0.008023059368133545 0.0160888671875
0 0.26004464285714285 0.4219576719576719 0.011160714285714295 0.015873015873015896
0 0.19124348958333334 0.23379629629629636 0.010172526041666666 0.016999421296296325
0 0.8098958333333334 0.4541997354497354 0.00892857142857141 0.017526455026455043
