1 0.23813295364379883 0.4608235931396485 0.06287927627563476 0.11693511962890626
1 0.632570743560791 0.20313278198242188 0.07669105529785156 0.06778091430664063
0 0.39007523059844973 0.25490127563476567 0.012176895141601562 0.01891143798828125
0 0.09445276260375976 0.6164276123046876 0.012356758117675781 0.01858367919921875
0 0.928860092163086 0.3173355865478516 0.012575149536132812 0.019276809692382813
0 0.11782227754592896 0.34818611145019535 0.01224050521850586 0.018837127685546875
0 0.7732989311218261 0.9507241821289063 0.01154918670654297 0.018239135742187502
1 0.46225829124450685 0.723766098022461 0.08706722259521485 0.031528472900390625
0 0.27598023414611816 0.4106486511230469 0.012048721313476562 0.018267822265625
1 0.1868919849395752 0.02310689926147461 0.06198749542236328 0.04621379852294922
0 0.9135318756103515 0.2008565139770508 0.010333633422851563 0.016040496826171875
0 0.8643338203430175 0.050652160644531256 0.010892677307128906 0.01728363037109375
0 0.11469484567642212 0.3208647918701172 0.012795829772949218 0.019104080200195314
0 0.08646708130836486 0.7583377075195313 0.011999452114105224 0.018205413818359377
0 0.909381103515625 0.9591270446777345 0.012070083618164062 0.018404693603515626
0 0.2835542678833008 0.14464462280273438 0.012115573883056641 0.0194512939453125
0 0.8867702484130859 0.2286431121826172 0.012031936645507812 0.01852630615234375
0 0.912260913848877 0.47923042297363283 0.009044075012207031 0.013497009277343751
