1 0.9449172973632812 0.7596087137858073 0.05165252685546875 0.09872317843967014
1 0.8287029266357422 0.4366772121853299 0.07804241180419921 0.049499172634548616
1 0.4405215263366699 0.6356825934516059 0.023423194885253906 0.12071211073133681
0 0.3548396587371826 0.7719619750976563 0.011225032806396484 0.018511623806423613
2 0.6250096797943115 0.28698709275987416 0.027372455596923827 0.038595496283637155
2 0.6023804664611816 0.31257756551106775 0.021755409240722657 0.039748128255208334
2 0.6490224838256836 0.3138699001736111 0.024249267578125 0.03863135443793403
0 0.3354045867919922 0.07264264424641928 0.011670494079589843 0.01975038316514757
0 0.9223849296569824 0.8679061889648437 0.012275123596191406 0.020505438910590278
0 0.5366101002228902 0.19805899827978274 0.012117714789042111 0.02064412638812451
2 0.6259612560272216 0.3260901557074653 0.024642372131347658 0.04269578721788195
0 0.4908332347869873 0.9081638760036893 0.011528873443603515 0.019375779893663195
0 0.6382583618164063 0.38163299560546876 0.012374687194824218 0.018970065646701388
0 0.8346965789794921 0.6570066663953993 0.00931396484375 0.014916822645399307
0 0.510306978225708 0.1695733812120226 0.011838531494140625 0.02193450927734375
0 0.976555347442627 0.917423333062066 0.011672019958496094 0.02029452853732639
0 0.460690975189209 0.1382131788465712 0.010456275939941407 0.016427781846788194
0 0.7993856430053711 0.009723409016927084 0.012341499328613281 0.019446818033854167
0 0.175212734741784 0.5531103286384976 0.01155369718309857 0.01858372456964006
