2 0.4659961700439453 0.9301647949218751 0.023286819458007812 0.03658828735351563
1 0.455362606048584 0.37682691574096683 0.05560331344604492 0.10706760406494141
2 0.3545353889465332 0.7295101165771485 0.022575807571411134 0.03603424072265625
2 0.20412075519561768 0.8114414978027344 0.02389812469482422 0.039248199462890626
1 0.061856305599212645 0.9025054168701172 0.0587662935256958 0.10651092529296875
2 0.38318262100219724 0.622601318359375 0.022979164123535158 0.039965820312500004
2 0.7795916557312011 0.8029917144775391 0.02393207550048828 0.04063323974609375
2 0.8012039184570312 0.18866939544677735 0.02248382568359375 0.0382666015625
0 0.3964036464691162 0.852295150756836 0.012099266052246094 0.017996978759765626
2 0.22747917175292967 0.8130946350097656 0.021186351776123047 0.03339508056640625
0 0.3402247428894043 0.3732171630859375 0.011313438415527344 0.01652557373046875
2 0.006373144686222076 0.08077346801757813 0.012746289372444153 0.036286926269531256
2 0.7640491485595703 0.6777704620361329 0.023432159423828126 0.039639129638671874
2 0.9725000381469726 0.4899307250976563 0.023938369750976563 0.0385064697265625
2 0.9551691055297852 0.6836122131347657 0.02464714050292969 0.036182861328125
1 0.7442246913909912 0.6712064361572266 0.015601253509521485 0.10204498291015626
2 0.9118951797485352 0.17719104766845703 0.023615646362304687 0.03711624145507813
2 0.9667701721191406 0.2453708648681641 0.023516464233398437 0.03767974853515625
2 0.8812841415405274 0.1884370040893555 0.022822189331054687 0.030610351562500002
0 0.430924129486084 0.197301139831543 0.01084756851196289 0.018029251098632813
0 0.9297721862792968 0.44357788085937505 0.011742782592773438 0.01683624267578125
2 0.9951079368591308 0.7272230529785156 0.009784126281738281 0.03166091918945313
2 0.9432191848754883 0.2484120559692383 0.02445526123046875 0.03930854797363281
2 0.9303798675537109 0.5570663452148438 0.033768081665039064 0.04453857421875
0 0.5890485286712647 0.8212646484375 0.010962486267089844 0.01820343017578125
0 0.9417719841003418 0.44286315917968755 0.011118888854980469 0.01712738037109375
2 0.9582376480102539 0.21453125 0.014217376708984375 0.024888687133789063
2 0.947171401977539 0.6173397827148438 0.027441787719726562 0.04169158935546875
