0 0.8399028778076172 0.9685069274902345 0.01293182373046875 0.01948028564453125
0 0.36436216831207274 0.4278510284423828 0.011345577239990235 0.018274078369140627
0 0.043057727813720706 0.11075569152832032 0.012184393405914307 0.018884124755859377
1 0.6979972839355468 0.14357830047607423 0.05729684829711914 0.06651832580566407
0 0.0892985463142395 0.15136119842529297 0.011773419380187989 0.018564300537109377
1 0.7518753051757813 0.0595611572265625 0.08658208847045898 0.046981201171875
0 0.8797386169433593 0.023274192810058596 0.011285018920898438 0.017873001098632813
0 0.7821250915527344 0.8872030639648438 0.01178121566772461 0.018819580078125002
0 0.43932466506958007 0.7530104064941406 0.013130950927734374 0.020193328857421877
0 0.2596288681030273 0.9094862365722657 0.011438560485839844 0.01730712890625
0 0.40954976081848143 0.5040281677246095 0.010563087463378907 0.01614288330078125
0 0.7556315422058105 0.6288565826416016 0.01128692626953125 0.017542266845703126
0 0.4533085823059082 0.7672230529785157 0.012077903747558594 0.018155212402343752
0 0.5613648891448975 0.39350036621093754 0.011743450164794922 0.016375732421875
0 0.5584924221038818 0.4108493041992188 0.010052776336669922 0.017379150390625
0 0.40149712562561035 0.0762344741821289 0.010269641876220703 0.016591873168945313
0 0.663454532623291 0.17789287567138673 0.011634254455566406 0.016770553588867188
2 0.7943974494934082 0.549410400390625 0.015689277648925783 0.03094818115234375
0 0.5490139961242676 0.4142716979980469 0.011121177673339843 0.017573394775390626
0 0.7107625007629395 0.3381430816650391 0.010265922546386719 0.017001953125
0 0.5494647790055249 0.39825046040515655 0.011222375690607696 0.01933701657458561
