1 0.5515179634094238 0.5257185194227431 0.0303375244140625 0.12298109266493056
0 0.6977239608764648 0.46041395399305557 0.012955284118652344 0.02117987738715278
0 0.1429924488067627 0.31629820929633246 0.012662839889526366 0.02229436238606771
0 0.2768019914627075 0.9507385253906251 0.011824274063110351 0.020738728841145835
0 0.781807804107666 0.20904312133789063 0.013014793395996094 0.022021993001302084
0 0.2615410327911377 0.4617009480794271 0.011754226684570313 0.018846978081597222
0 0.8843118667602539 0.21230049133300782 0.01234893798828125 0.019824727376302084
0 0.7712900161743164 0.4391766018337674 0.010383796691894532 0.01916317409939236
0 0.09898931980133056 0.9634435017903646 0.011917185783386231 0.019205390082465277
0 0.228416109085083 0.2267478942871094 0.010367202758789062 0.019092051188151042
0 0.22678565979003906 0.20366931491427953 0.010661506652832031 0.018334452311197916
0 0.21793906688690184 0.22159881591796876 0.01072239875793457 0.018230183919270834
0 0.6435248374938964 0.9672442966037327 0.013113975524902344 0.02472500271267361
0 0.6445155620574952 0.9582068549262153 0.012643814086914062 0.022533840603298612
0 0.8131318933823529 0.4215345860566449 0.008233762254901933 0.015318627450980409
