1 0.8457696914672851 0.15601810455322265 0.05367584228515625 0.1203094482421875
0 0.6681830406188964 0.028946533203125003 0.01165008544921875 0.018403472900390627
1 0.14115142822265625 0.7684541320800782 0.029926013946533204 0.12829193115234375
0 0.35759768486022947 0.5865542602539063 0.012813329696655273 0.01915771484375
0 0.8063163995742798 0.9171382141113282 0.012776899337768554 0.0173681640625
0 0.1394653081893921 0.21564170837402344 0.011164331436157226 0.017117767333984377
0 0.8905949592590332 0.7620844268798829 0.012556648254394532 0.01854736328125
0 0.9932209968566894 0.2492388916015625 0.01177806854248047 0.018853302001953127
1 0.3870079040527344 0.018620548248291017 0.025639152526855467 0.037241096496582034
0 0.7173457622528077 0.14162998199462892 0.011921501159667969 0.018678588867187502
0 0.9631471633911133 0.24012214660644532 0.011484909057617187 0.0174029541015625
0 0.8385223388671875 0.524633026123047 0.010721588134765625 0.017224884033203127
0 0.16381428241729737 0.68363525390625 0.010799789428710937 0.016103210449218752
0 0.1821793794631958 0.19570022583007815 0.009788846969604493 0.015554962158203126
0 0.49936699867248535 0.9926402282714845 0.014708709716796874 0.014719543457031251
0 0.15293412208557128 0.6742906188964845 0.008223652839660645 0.01379547119140625
0 0.34332387447357177 0.4410301208496094 0.011328172683715821 0.01922637939453125
0 0.1923470139503479 0.19822620391845705 0.010367584228515626 0.017932815551757814
0 0.856194071588367 0.2080536912751678 0.010836129753914984 0.015659955257270704
