1 0.4947916666666667 0.6643518518518519 0.0625 0.04722222222222222
1 0.5393229166666667 0.3111111111111111 0.05260416666666667 0.0962962962962963
2 0.04296875 0.3851851851851852 0.0234375 0.03888888888888889
2 0.10026041666666667 0.3513888888888889 0.0234375 0.04166666666666667
2 0.12343749999999999 0.34351851851851856 0.026041666666666668 0.03888888888888889
2 0.5705729166666667 0.1175925925925926 0.025520833333333333 0.037037037037037035
2 0.5776041666666667 0.07962962962962963 0.020833333333333332 0.037037037037037035
2 0.6578125 0.1087962962962963 0.025 0.05092592592592593
2 0.6809895833333334 0.0962962962962963 0.0203125 0.044444444444444446
0 0.0796875 0.7800925925925927 0.011458333333333333 0.017592592592592594
0 0.30885416666666665 0.775 0.0125 0.020370370370370372
0 0.4171875 0.6824074074074075 0.010416666666666666 0.016666666666666666
0 0.42916666666666664 0.6768518518518519 0.010416666666666666 0.018518518518518517
0 0.4700520833333333 0.575462962962963 0.009895833333333333 0.01388888888888889
0 0.17369791666666667 0.10555555555555556 0.0109375 0.020370370370370372
0 0.8184895833333333 0.8069444444444445 0.013020833333333334 0.017592592592592594
0 0.9138020833333333 0.3472222222222222 0.0109375 0.018518518518518517
