1 0.160377836227417 0.47109375000000003 0.0697472095489502 0.05837005615234375
0 0.12789398431777954 0.5858563232421875 0.01217350959777832 0.0182232666015625
2 0.7185900688171387 0.5759995269775391 0.0242401123046875 0.037607421875000005
2 0.052873970568180086 0.5754624938964844 0.02507126033306122 0.03987701416015625
2 0.7376750946044922 0.7686275482177735 0.024175262451171874 0.03709304809570313
2 0.7211329460144043 0.7449671936035157 0.02515869140625 0.03667083740234375
0 0.0036641713231801987 0.18442493438720706 0.007328342646360397 0.019131317138671878
2 0.7237029075622559 0.2952225494384766 0.02389554977416992 0.03739044189453125
2 0.7356596946716308 0.3278099822998047 0.02452678680419922 0.039897766113281254
0 0.587614917755127 0.5954939270019531 0.011437416076660156 0.01696380615234375
0 0.3713014364242554 0.00777486801147461 0.012229537963867188 0.01554973602294922
0 0.5799564361572266 0.6583042907714844 0.0122039794921875 0.018777770996093752
