1 0.7639582633972168 0.4814842224121094 0.07067337036132812 0.0797119140625
0 0.3666527271270752 0.4690428161621094 0.012354230880737305 0.018906555175781253
2 0.191530442237854 0.8909233093261719 0.022176074981689452 0.0383209228515625
0 0.12863831520080565 0.7154277801513672 0.011962461471557616 0.018567504882812502
0 0.2599809646606445 0.39372512817382815 0.01238393783569336 0.018609008789062503
0 0.8063447952270507 0.6541815948486328 0.012243270874023438 0.01868804931640625
0 0.1428882360458374 0.596460418701172 0.01167745590209961 0.018494720458984377
0 0.9947146415710449 0.2767349243164063 0.010570716857910157 0.020215606689453127
1 0.19407308101654053 0.3559203338623047 0.047216033935546874 0.062297363281250004
2 0.4393006324768066 0.6015058135986329 0.023401260375976562 0.038576660156250005
0 0.18008753061294555 0.773916473388672 0.01285550594329834 0.01799224853515625
0 0.40900707244873047 0.012947540283203126 0.012523841857910155 0.017343521118164062
0 0.8981073379516601 0.17686405181884768 0.011966705322265625 0.017500076293945312
2 0.7108213424682617 0.40698120117187503 0.022810745239257812 0.029501953125
0 0.9815759658813477 0.7833633422851562 0.011213302612304688 0.018057403564453126
0 0.25171284675598143 0.2263201141357422 0.010918426513671874 0.017071838378906252
1 0.5489144325256348 0.6927821350097657 0.04941997528076172 0.07196121215820313
0 0.18647161722183228 0.7893269348144532 0.012661147117614745 0.01809600830078125
0 0.3252802848815918 0.8756951904296876 0.01281743049621582 0.0193048095703125
0 0.25357928276062014 0.2429183578491211 0.010672760009765626 0.015896759033203128
0 0.821630859375 0.4937469482421875 0.010056304931640624 0.014219360351562502
0 0.1552757793764988 0.8998800959232612 0.010116906474820138 0.016786570743405303
